0 0.015000000000000001 0.18933333333333333 0.02 0.08533333333333333
0 0.07083333333333333 0.192 0.018333333333333333 0.08
0 0.12333333333333334 0.192 0.02 0.08
0 0.18166666666666667 0.19066666666666665 0.02 0.07733333333333334
0 0.23750000000000002 0.18666666666666665 0.018333333333333333 0.08
0 0.2791666666666667 0.18933333333333333 0.018333333333333333 0.08
0 0.21333333333333335 0.11866666666666666 0.02 0.08266666666666667
0 0.23750000000000002 0.12533333333333332 0.018333333333333333 0.08
0 0.029166666666666667 0.5106666666666666 0.028333333333333335 0.12
0 0.06666666666666667 0.49866666666666665 0.030000000000000002 0.11733333333333333
0 0.10583333333333333 0.5026666666666666 0.028333333333333335 0.10933333333333332
0 0.13416666666666668 0.48933333333333334 0.028333333333333335 0.11466666666666667
0 0.165 0.492 0.02666666666666667 0.10933333333333332
0 0.195 0.484 0.030000000000000002 0.12
0 0.23333333333333334 0.4746666666666666 0.02666666666666667 0.10666666666666666
0 0.26833333333333337 0.47333333333333333 0.02666666666666667 0.10933333333333332
0 0.30250000000000005 0.472 0.025 0.10133333333333333
0 0.325 0.4666666666666667 0.02666666666666667 0.112
0 0.34500000000000003 0.46399999999999997 0.02666666666666667 0.112
0 0.3641666666666667 0.4613333333333333 0.028333333333333335 0.112
0 0.38 0.45066666666666666 0.023333333333333334 0.10133333333333333
0 0.3975 0.43866666666666665 0.021666666666666667 0.09333333333333332
0 0.4241666666666667 0.4373333333333333 0.028333333333333335 0.11733333333333333
0 0.4516666666666667 0.43066666666666664 0.02666666666666667 0.10933333333333332
0 0.2808333333333333 0.056 0.018333333333333333 0.08
0 0.30000000000000004 0.042666666666666665 0.016666666666666666 0.06933333333333333
0 0.30250000000000005 0.12 0.018333333333333333 0.06933333333333333
0 0.3275 0.11866666666666666 0.021666666666666667 0.08266666666666667
0 0.33 0.18933333333333333 0.02 0.08
0 0.36250000000000004 0.188 0.018333333333333333 0.07733333333333334
0 0.3416666666666667 0.056 0.02 0.08
0 0.3616666666666667 0.05466666666666666 0.02 0.07733333333333334
0 0.3983333333333334 0.12133333333333333 0.016666666666666666 0.072
0 0.4133333333333334 0.11733333333333333 0.023333333333333334 0.09066666666666666
0 0.395 0.18666666666666665 0.02 0.08
0 0.42333333333333334 0.18933333333333333 0.02 0.08533333333333333
0 0.45583333333333337 0.18666666666666665 0.021666666666666667 0.09066666666666666
0 0.48583333333333334 0.188 0.021666666666666667 0.09333333333333332
0 0.5258333333333334 0.188 0.021666666666666667 0.08266666666666667
0 0.5658333333333334 0.18933333333333333 0.021666666666666667 0.08533333333333333
0 0.4516666666666667 0.050666666666666665 0.016666666666666666 0.07466666666666666
0 0.47250000000000003 0.052 0.021666666666666667 0.08266666666666667
0 0.49000000000000005 0.11333333333333333 0.016666666666666666 0.072
0 0.5075000000000001 0.112 0.018333333333333333 0.08
0 0.5683333333333334 0.048 0.016666666666666666 0.07466666666666666
0 0.5841666666666667 0.042666666666666665 0.018333333333333333 0.07466666666666666
0 0.5575 0.11333333333333333 0.018333333333333333 0.07733333333333334
0 0.5825 0.112 0.021666666666666667 0.08533333333333333
0 0.6033333333333334 0.188 0.02 0.088
0 0.6316666666666667 0.19333333333333333 0.02 0.07733333333333334
0 0.6325000000000001 0.12 0.018333333333333333 0.06933333333333333
0 0.6616666666666667 0.11466666666666667 0.02 0.08533333333333333
0 0.6625000000000001 0.05333333333333333 0.021666666666666667 0.08533333333333333
0 0.685 0.05333333333333333 0.02 0.08533333333333333
0 0.7366666666666667 0.05333333333333333 0.016666666666666666 0.07466666666666666
0 0.755 0.048 0.02 0.08533333333333333
0 0.7341666666666667 0.11733333333333333 0.018333333333333333 0.06933333333333333
0 0.7766666666666667 0.11066666666666666 0.02 0.07733333333333334
0 0.6675000000000001 0.19599999999999998 0.021666666666666667 0.08266666666666667
0 0.6991666666666667 0.192 0.021666666666666667 0.08533333333333333
0 0.7275 0.192 0.018333333333333333 0.08
0 0.755 0.18933333333333333 0.02 0.08533333333333333
0 0.785 0.18933333333333333 0.02 0.08533333333333333
0 0.8166666666666668 0.19066666666666665 0.02 0.08266666666666667
0 0.8600000000000001 0.19066666666666665 0.02 0.08266666666666667
0 0.8925000000000001 0.19466666666666665 0.021666666666666667 0.08533333333333333
0 0.9333333333333333 0.19333333333333333 0.023333333333333334 0.09333333333333332
0 0.9800000000000001 0.19866666666666666 0.023333333333333334 0.09333333333333332
0 0.4791666666666667 0.42133333333333334 0.028333333333333335 0.112
0 0.515 0.41733333333333333 0.030000000000000002 0.11466666666666667
0 0.5408333333333334 0.42533333333333334 0.028333333333333335 0.11466666666666667
0 0.5675 0.432 0.025 0.10666666666666666
0 0.5941666666666667 0.4333333333333333 0.025 0.104
0 0.6291666666666667 0.43866666666666665 0.025 0.104
0 0.6508333333333334 0.4493333333333333 0.028333333333333335 0.10933333333333332
0 0.6758333333333334 0.45199999999999996 0.025 0.104
0 0.6950000000000001 0.4573333333333333 0.02666666666666667 0.104
0 0.7133333333333334 0.46799999999999997 0.02666666666666667 0.104
0 0.7300000000000001 0.4666666666666667 0.023333333333333334 0.096
0 0.7633333333333334 0.472 0.02666666666666667 0.112
0 0.795 0.48266666666666663 0.02666666666666667 0.112
0 0.8258333333333334 0.49066666666666664 0.03166666666666667 0.12266666666666666
0 0.8508333333333334 0.48933333333333334 0.028333333333333335 0.10933333333333332
0 0.8833333333333334 0.4933333333333333 0.030000000000000002 0.11733333333333333
0 0.9075000000000001 0.4973333333333333 0.028333333333333335 0.12
0 0.9316666666666668 0.5093333333333333 0.02666666666666667 0.112
0 0.3325 0.5453333333333333 0.025 0.104
0 0.36750000000000005 0.564 0.018333333333333333 0.072
0 0.41833333333333333 0.5386666666666666 0.030000000000000002 0.12266666666666666
0 0.49333333333333335 0.5586666666666666 0.02666666666666667 0.104
0 0.5950000000000001 0.5479999999999999 0.02666666666666667 0.104
0 0.5616666666666666 0.5666666666666667 0.02 0.07733333333333334
0 0.5841666666666667 0.7786666666666666 0.021666666666666667 0.08533333333333333
0 0.7116666666666667 0.5546666666666666 0.023333333333333334 0.09066666666666666
0 0.7308333333333333 0.536 0.028333333333333335 0.11733333333333333
0 0.7483333333333334 0.7706666666666666 0.023333333333333334 0.09066666666666666
0 0.8458333333333334 0.7693333333333333 0.025 0.09866666666666667
0 0.7675000000000001 0.5493333333333333 0.018333333333333333 0.08
2 0.19583333333333336 0.7773333333333333 0.028333333333333335 0.088
2 0.22583333333333336 0.7879999999999999 0.021666666666666667 0.04
2 0.20583333333333334 0.7173333333333333 0.025 0.05333333333333333
2 0.20750000000000002 0.6626666666666666 0.025 0.056
2 0.21416666666666667 0.6333333333333333 0.018333333333333333 0.04533333333333333
2 0.21583333333333335 0.6106666666666667 0.018333333333333333 0.032
2 0.22416666666666668 0.6066666666666667 0.015000000000000001 0.034666666666666665
2 0.22166666666666668 0.572 0.013333333333333334 0.029333333333333333
2 0.23500000000000001 0.5599999999999999 0.02 0.032
2 0.22 0.54 0.02 0.029333333333333333
2 0.255 0.5413333333333333 0.02 0.032
2 0.28 0.5586666666666666 0.02 0.029333333333333333
2 0.29583333333333334 0.5346666666666666 0.018333333333333333 0.04
2 0.30833333333333335 0.604 0.023333333333333334 0.056
2 0.2625 0.628 0.015000000000000001 0.04
2 0.2816666666666667 0.6746666666666666 0.023333333333333334 0.08533333333333333
2 0.24916666666666668 0.76 0.028333333333333335 0.048
2 0.2783333333333334 0.7706666666666666 0.02666666666666667 0.064
2 0.3175 0.7786666666666666 0.03833333333333334 0.09066666666666666
2 0.34 0.7666666666666666 0.02 0.06133333333333333
2 0.36583333333333334 0.772 0.025 0.072
2 0.39416666666666667 0.7853333333333333 0.025 0.07733333333333334
2 0.42333333333333334 0.7773333333333333 0.03333333333333333 0.088
2 0.32666666666666666 0.6933333333333334 0.030000000000000002 0.06933333333333333
2 0.3741666666666667 0.7066666666666667 0.025 0.06933333333333333
2 0.4008333333333334 0.692 0.028333333333333335 0.072
2 0.35500000000000004 0.6253333333333333 0.016666666666666666 0.056
2 0.36333333333333334 0.5946666666666667 0.02 0.042666666666666665
2 0.39083333333333337 0.632 0.035 0.10133333333333333
2 0.39083333333333337 0.5786666666666667 0.021666666666666667 0.042666666666666665
2 0.4066666666666667 0.5706666666666667 0.030000000000000002 0.058666666666666666
2 0.38333333333333336 0.5386666666666666 0.023333333333333334 0.05333333333333333
2 0.43333333333333335 0.7 0.03666666666666667 0.050666666666666665
2 0.4566666666666667 0.6679999999999999 0.03333333333333333 0.06666666666666667
2 0.46 0.632 0.023333333333333334 0.05333333333333333
2 0.46166666666666667 0.5986666666666667 0.02666666666666667 0.08266666666666667
2 0.4608333333333334 0.5466666666666666 0.028333333333333335 0.06933333333333333
2 0.4566666666666667 0.7826666666666666 0.02666666666666667 0.07733333333333334
2 0.4816666666666667 0.7773333333333333 0.03333333333333333 0.088
2 0.5208333333333334 0.7813333333333333 0.025 0.07466666666666666
2 0.55 0.7746666666666666 0.04 0.104
2 0.5175000000000001 0.5946666666666667 0.021666666666666667 0.05333333333333333
2 0.6433333333333334 0.5626666666666666 0.02666666666666667 0.05333333333333333
2 0.6641666666666667 0.5479999999999999 0.028333333333333335 0.06666666666666667
2 0.6233333333333334 0.776 0.03666666666666667 0.096
2 0.6641666666666667 0.7866666666666666 0.035 0.06933333333333333
2 0.7000000000000001 0.7773333333333333 0.03666666666666667 0.09866666666666667
2 0.7925000000000001 0.7733333333333333 0.03833333333333334 0.11733333333333333
2 0.8325 0.7413333333333333 0.015000000000000001 0.048
2 0.8416666666666667 0.6906666666666667 0.030000000000000002 0.058666666666666666
2 0.8408333333333334 0.6373333333333333 0.021666666666666667 0.05333333333333333
2 0.8208333333333334 0.636 0.018333333333333333 0.034666666666666665
2 0.8425 0.6186666666666667 0.025 0.048
2 0.7875000000000001 0.5333333333333333 0.028333333333333335 0.048
2 0.8300000000000001 0.5706666666666667 0.03666666666666667 0.048
2 0.8333333333333334 0.5226666666666666 0.023333333333333334 0.032
2 0.8208333333333334 0.524 0.018333333333333333 0.034666666666666665
2 0.8166666666666668 0.4933333333333333 0.023333333333333334 0.03733333333333333
