0 0.844 0.6623616236162362 0.14400000000000002 0.6457564575645757
0 0.9550000000000001 0.7029520295202952 0.08600000000000001 0.5867158671586715
0 0.746 0.6623616236162362 0.148 0.6678966789667896
0 0.517 0.6457564575645757 0.15 0.6715867158671587
0 0.435 0.6439114391143911 0.146 0.6678966789667896
0 0.297 0.6955719557195572 0.134 0.6014760147601476
0 0.124 0.6309963099630996 0.156 0.7084870848708487
0 0.203 0.6771217712177121 0.134 0.6162361623616236
0 0.366 0.6512915129151291 0.14400000000000002 0.6531365313653137
0 0.5760000000000001 0.5977859778597786 0.10400000000000001 0.4797047970479705
0 0.033 0.6715867158671587 0.066 0.5239852398523985
0 0.368 0.3081180811808118 0.02 0.09225092250922509
2 0.926 0.45571955719557194 0.07200000000000001 0.15867158671586715
2 0.887 0.4059040590405904 0.042 0.14022140221402213
2 0.783 0.4151291512915129 0.058 0.13653136531365312
2 0.586 0.3800738007380074 0.052000000000000005 0.14022140221402213
2 0.538 0.4077490774907749 0.028 0.08487084870848709
2 0.547 0.39114391143911437 0.054 0.16236162361623616
2 0.47700000000000004 0.36715867158671583 0.042 0.08487084870848709
2 0.397 0.3929889298892989 0.03 0.09225092250922509
2 0.325 0.40405904059040587 0.038 0.1070110701107011
2 0.23600000000000002 0.4114391143911439 0.028 0.06273062730627306
2 0.334 0.3081180811808118 0.024 0.033210332103321034
2 0.396 0.3118081180811808 0.016 0.04059040590405904
2 0.618 0.34317343173431736 0.02 0.03690036900369004
2 0.652 0.33948339483394835 0.024 0.05166051660516605
2 0.785 0.28044280442804426 0.018000000000000002 0.03690036900369004
2 0.792 0.3099630996309963 0.02 0.05166051660516605
2 0.926 0.3099630996309963 0.02 0.04428044280442804
2 0.431 0.2785977859778598 0.018000000000000002 0.033210332103321034
2 0.562 0.2988929889298893 0.02 0.03690036900369004
2 0.614 0.23431734317343172 0.016 0.033210332103321034
2 0.07100000000000001 0.3800738007380074 0.026000000000000002 0.05904059040590406
2 0.7030000000000001 0.4059040590405904 0.034 0.08118081180811808
2 0.6910000000000001 0.3007380073800738 0.026000000000000002 0.047970479704797044
2 0.754 0.3173431734317343 0.024 0.04428044280442804
2 0.906 0.3892988929889299 0.016 0.055350553505535055
2 0.061 0.6734317343173432 0.046 0.47601476014760147
4 0.848 0.3136531365313653 0.084 0.05166051660516605
4 0.642 0.26199261992619927 0.024 0.05166051660516605
4 0.159 0.3763837638376384 0.054 0.07380073800738007
4 0.03 0.38376383763837635 0.06 0.08118081180811808
4 0.254 0.38191881918819187 0.08 0.055350553505535055
