0 0.06946688206785137 0.5522088353413654 0.13893376413570274 0.8795180722891566
0 0.17205169628432956 0.5522088353413654 0.11793214862681746 0.7269076305220883
0 0.34652665589660747 0.5843373493975903 0.1308562197092084 0.8072289156626505
0 0.3012924071082391 0.5943775100401606 0.12439418416801293 0.7550200803212851
0 0.1978998384491115 0.5100401606425702 0.08562197092084008 0.5220883534136546
0 0.5783521809369951 0.502008032128514 0.03231017770597738 0.20883534136546184
0 0.6534733441033926 0.49598393574297184 0.0791599353796446 0.47791164658634533
0 0.6817447495961229 0.5080321285140562 0.08077544426494346 0.48594377510040154
0 0.7237479806138934 0.5180722891566265 0.09046849757673668 0.5622489959839357
0 0.7641357027463651 0.538152610441767 0.09693053311793215 0.6024096385542168
0 0.8432956381260097 0.57429718875502 0.10339256865912763 0.6265060240963854
0 0.884491114701131 0.5843373493975903 0.11147011308562198 0.6867469879518072
2 0.27221324717285944 0.4277108433734939 0.050080775444264945 0.25301204819277107
2 0.40064620355411956 0.5160642570281124 0.019386106623586433 0.14056224899598393
2 0.41841680129240716 0.5180722891566265 0.01615508885298869 0.11244979919678713
2 0.438610662358643 0.5140562248995983 0.030694668820678516 0.10441767068273092
