0 0.9386363636363636 0.3967280163599182 0.10454545454545454 0.34764826175869123
0 0.843939393939394 0.33640081799591004 0.0696969696969697 0.23108384458077713
0 0.7613636363636364 0.38548057259713703 0.07727272727272727 0.25971370143149286
0 0.693939393939394 0.3629856850715747 0.07575757575757576 0.2515337423312884
0 0.6378787878787878 0.36400817995910023 0.06363636363636363 0.20858895705521474
0 0.6545454545454545 0.3629856850715747 0.05757575757575758 0.19427402862985688
0 0.5931818181818181 0.35378323108384463 0.05606060606060606 0.18813905930470348
0 0.5681818181818182 0.34867075664621683 0.05454545454545454 0.17791411042944788
0 0.5242424242424243 0.34458077709611457 0.045454545454545456 0.15746421267893662
0 0.5106060606060606 0.34151329243353784 0.045454545454545456 0.15132924335378325
0 0.49393939393939396 0.34355828220858897 0.045454545454545456 0.15132924335378325
0 0.475 0.34253578732106343 0.04696969696969697 0.16155419222903886
0 0.4659090909090909 0.3323108384458078 0.04090909090909091 0.13701431492842536
0 0.4265151515151515 0.3343558282208589 0.03787878787878788 0.12474437627811862
0 0.4053030303030303 0.3241308793456033 0.03787878787878788 0.12474437627811862
0 0.3553030303030303 0.3507157464212679 0.05303030303030303 0.17382413087934562
0 0.12045454545454545 0.3680981595092025 0.05606060606060606 0.18404907975460125
0 0.09545454545454546 0.37730061349693256 0.06060606060606061 0.20245398773006137
0 0.030303030303030304 0.3905930470347649 0.06060606060606061 0.212678936605317
0 0.9083333333333333 0.2801635991820041 0.022727272727272728 0.07770961145194274
0 0.8863636363636364 0.278118609406953 0.021212121212121213 0.0736196319018405
0 0.8181818181818182 0.2832310838445808 0.021212121212121213 0.07157464212678938
0 0.39090909090909093 0.3169734151329244 0.030303030303030304 0.1063394683026585
0 0.3795454545454545 0.3231083844580777 0.02878787878787879 0.098159509202454
0 0.36818181818181817 0.3231083844580777 0.030303030303030304 0.098159509202454
0 0.3386363636363636 0.3302658486707567 0.031818181818181815 0.10429447852760737
0 0.32045454545454544 0.32617586912065444 0.031818181818181815 0.11247443762781187
0 0.2946969696969697 0.3292433537832311 0.031818181818181815 0.1063394683026585
0 0.26666666666666666 0.33128834355828224 0.03333333333333333 0.114519427402863
0 0.24621212121212122 0.33333333333333337 0.02878787878787879 0.098159509202454
0 0.22045454545454546 0.33128834355828224 0.03787878787878788 0.1226993865030675
0 0.18333333333333332 0.33640081799591004 0.03333333333333333 0.11247443762781187
0 0.1590909090909091 0.34151329243353784 0.03333333333333333 0.114519427402863
0 0.1409090909090909 0.3404907975460123 0.03939393939393939 0.12883435582822086
0 0.059848484848484845 0.34764826175869123 0.04090909090909091 0.13496932515337426
2 0.9931818181818182 0.261758691206544 0.010606060606060607 0.06134969325153375
2 0.9522727272727273 0.33946830265848676 0.09242424242424242 0.1226993865030675
2 0.7212121212121212 0.27096114519427406 0.015151515151515152 0.026584867075664625
2 0.5234848484848484 0.26482617586912066 0.013636363636363636 0.022494887525562373
2 0.5515151515151515 0.28220858895705525 0.015151515151515152 0.05316973415132925
2 0.43106060606060603 0.27607361963190186 0.022727272727272728 0.0245398773006135
2 0.41439393939393937 0.28118609406952966 0.016666666666666666 0.026584867075664625
2 0.33181818181818185 0.2750511247443763 0.01818181818181818 0.030674846625766874
2 0.3 0.28732106339468305 0.015151515151515152 0.026584867075664625
2 0.30303030303030304 0.2730061349693252 0.01818181818181818 0.022494887525562373
2 0.275 0.2883435582822086 0.016666666666666666 0.0245398773006135
2 0.23106060606060605 0.2852760736196319 0.019696969696969695 0.034764826175869123
2 0.23787878787878788 0.27709611451942745 0.012121212121212121 0.022494887525562373
2 0.18712121212121213 0.28118609406952966 0.019696969696969695 0.034764826175869123
2 0.16363636363636364 0.29243353783231085 0.01818181818181818 0.02862985685071575
2 0.075 0.2995910020449898 0.016666666666666666 0.026584867075664625
2 0.04772727272727273 0.34151329243353784 0.022727272727272728 0.1390593047034765
2 0.20227272727272727 0.2893660531697342 0.016666666666666666 0.026584867075664625
2 0.20909090909090908 0.39877300613496935 0.11212121212121212 0.03680981595092025
2 0.20606060606060606 0.4171779141104295 0.12727272727272726 0.03680981595092025
2 0.39545454545454545 0.4028629856850716 0.1 0.02862985685071575
2 0.4681818181818182 0.4335378323108385 0.15454545454545454 0.05316973415132925
2 0.4954545454545455 0.44274028629856854 0.15757575757575756 0.055214723926380375
2 0.5174242424242425 0.46728016359918206 0.1803030303030303 0.06339468302658487
2 0.5280303030303031 0.5051124744376279 0.09242424242424242 0.081799591002045
2 0.5916666666666667 0.5173824130879346 0.12878787878787878 0.081799591002045
2 0.7007575757575758 0.5429447852760737 0.2287878787878788 0.11247443762781187
2 0.7560606060606061 0.5848670756646217 0.25757575757575757 0.10224948875255625
2 0.8568181818181818 0.65439672801636 0.2015151515151515 0.1063394683026585
2 0.2318181818181818 0.4447852760736197 0.16363636363636364 0.051124744376278126
2 0.22424242424242424 0.46625766871165647 0.17272727272727273 0.0572597137014315
2 0.20833333333333334 0.49488752556237225 0.2287878787878788 0.11042944785276075
2 0.22348484848484848 0.532719836400818 0.18333333333333332 0.07566462167689163
2 0.25 0.572597137014315 0.26666666666666666 0.14314928425357876
2 0.27424242424242423 0.612474437627812 0.2606060606060606 0.12883435582822086
2 0.3431818181818182 0.6431492842535788 0.34393939393939393 0.20245398773006137
2 0.3704545454545455 0.7157464212678937 0.41363636363636364 0.2862985685071575
2 0.3795454545454545 0.825153374233129 0.5409090909090909 0.3006134969325154
2 0.5196969696969697 0.899795501022495 0.20606060606060606 0.15132924335378325
2 0.7159090909090909 0.8660531697341514 0.2015151515151515 0.22699386503067487
2 0.0696969696969697 0.801635991820041 0.1393939393939394 0.35582822085889576
2 0.9674242424242424 0.7106339468302659 0.05909090909090909 0.15746421267893662
2 0.7666666666666667 0.2423312883435583 0.021212121212121213 0.014314928425357875
