0 0.08483754512635379 0.783132530120482 0.08303249097472924 0.27469879518072293
0 0.16516245487364623 0.7843373493975905 0.0812274368231047 0.26746987951807233
0 0.2328519855595668 0.7867469879518073 0.07942238267148015 0.25783132530120484
0 0.3104693140794224 0.763855421686747 0.09025270758122744 0.29397590361445786
0 0.3736462093862816 0.7759036144578314 0.08303249097472924 0.27951807228915665
0 0.43592057761732855 0.7783132530120482 0.08483754512635379 0.27469879518072293
0 0.5108303249097473 0.7722891566265061 0.08664259927797835 0.28674698795180725
0 0.5703971119133574 0.7746987951807229 0.08664259927797835 0.28192771084337354
0 0.6155234657039711 0.7783132530120482 0.07942238267148015 0.2602409638554217
0 0.6588447653429603 0.7722891566265061 0.08664259927797835 0.28674698795180725
0 0.7193140794223827 0.7722891566265061 0.08483754512635379 0.27710843373493976
0 0.7987364620938628 0.783132530120482 0.0776173285198556 0.25542168674698795
0 0.868231046931408 0.7819277108433735 0.08303249097472924 0.27228915662650605
0 0.9305054151624549 0.7674698795180723 0.09205776173285199 0.30120481927710846
0 0.0351985559566787 0.6759036144578314 0.03068592057761733 0.10843373493975905
0 0.21931407942238268 0.6662650602409639 0.04151624548736462 0.13734939759036147
0 0.5315884476534296 0.646987951807229 0.03790613718411553 0.12289156626506025
0 0.8916967509025271 0.6506024096385543 0.039711191335740074 0.13493975903614458
0 0.7851985559566788 0.646987951807229 0.03249097472924188 0.11325301204819278
0 0.7653429602888087 0.6373493975903615 0.02888086642599278 0.09879518072289158
0 0.7030685920577617 0.6457831325301205 0.03068592057761733 0.10602409638554218
2 0.007220216606498195 0.6879518072289157 0.01444043321299639 0.08433734939759037
2 0.4277978339350181 0.6204819277108434 0.018050541516245487 0.03614457831325302
2 0.44223826714801445 0.619277108433735 0.021660649819494587 0.03855421686746988
2 0.4503610108303249 0.6204819277108434 0.012635379061371842 0.016867469879518072
2 0.5577617328519856 0.6168674698795181 0.025270758122743684 0.04337349397590362
2 0.6425992779783394 0.6096385542168675 0.021660649819494587 0.04819277108433735
2 0.657942238267148 0.6120481927710844 0.012635379061371842 0.033734939759036145
2 0.6705776173285198 0.619277108433735 0.012635379061371842 0.033734939759036145
2 0.6823104693140795 0.627710843373494 0.01444043321299639 0.04096385542168675
2 0.7193140794223827 0.6120481927710844 0.023465703971119134 0.04819277108433735
2 0.7382671480144405 0.6096385542168675 0.021660649819494587 0.04337349397590362
2 0.7527075812274369 0.6156626506024097 0.018050541516245487 0.04096385542168675
2 0.8772563176895307 0.655421686746988 0.02888086642599278 0.05783132530120483
2 0.924187725631769 0.6096385542168675 0.03249097472924188 0.03855421686746988
2 0.851985559566787 0.6566265060240964 0.018050541516245487 0.050602409638554224
3 0.44855595667870035 0.46867469879518076 0.0631768953068592 0.1855421686746988
