0 0.02625 0.7086466165413533 0.0525 0.31954887218045114
0 0.06 0.7142857142857142 0.07 0.2631578947368421
0 0.02875 0.6917293233082706 0.0575 0.2857142857142857
0 0.08750000000000001 0.6804511278195489 0.06 0.23308270676691728
0 0.1625 0.6766917293233082 0.07 0.2556390977443609
0 0.13875 0.6842105263157894 0.0575 0.21052631578947367
0 0.18 0.6635338345864661 0.06 0.22180451127819548
0 0.2 0.6635338345864661 0.055 0.20676691729323307
0 0.225 0.6616541353383458 0.055 0.21052631578947367
0 0.26375 0.650375939849624 0.0525 0.20300751879699247
0 0.28125 0.6522556390977443 0.0475 0.18421052631578946
0 0.30125 0.6409774436090225 0.0475 0.18421052631578946
0 0.33875 0.6484962406015037 0.0425 0.16917293233082706
0 0.36125 0.6353383458646616 0.0425 0.16541353383458646
0 0.43875000000000003 0.6296992481203008 0.0325 0.13157894736842105
0 0.48 0.7744360902255638 0.115 0.43609022556390975
0 0.56 0.7218045112781954 0.08 0.3007518796992481
0 0.595 0.6954887218045113 0.075 0.2781954887218045
0 0.65125 0.7349624060150376 0.10250000000000001 0.37969924812030076
0 0.69125 0.7105263157894737 0.0925 0.3383458646616541
0 0.72375 0.6860902255639098 0.08750000000000001 0.3270676691729323
0 0.7525000000000001 0.6710526315789473 0.08 0.2969924812030075
0 0.79 0.6691729323308271 0.065 0.24812030075187969
0 0.8825000000000001 0.6015037593984962 0.025 0.09022556390977443
0 0.89125 0.599624060150376 0.0225 0.09398496240601503
0 0.9137500000000001 0.599624060150376 0.0275 0.10150375939849623
0 0.93625 0.599624060150376 0.0275 0.10150375939849623
0 0.0825 0.3289473684210526 0.055 0.20676691729323307
0 0.04 0.31954887218045114 0.06 0.21804511278195488
0 0.195 0.3590225563909774 0.05 0.18421052631578946
0 0.23 0.3684210526315789 0.045 0.17293233082706766
0 0.2775 0.3740601503759398 0.045 0.16165413533834586
0 0.325 0.40037593984962405 0.045 0.16165413533834586
0 0.37125 0.40977443609022557 0.0425 0.15789473684210525
0 0.46375 0.424812030075188 0.0375 0.13533834586466165
2 0.0325 0.5770676691729323 0.02 0.05639097744360902
2 0.06875 0.575187969924812 0.0225 0.045112781954887216
2 0.14625 0.5714285714285714 0.0175 0.03007518796992481
2 0.45875 0.5789473684210527 0.0225 0.05263157894736842
2 0.62125 0.5770676691729323 0.0275 0.05639097744360902
2 0.9812500000000001 0.5319548872180451 0.0175 0.02631578947368421
2 0.0275 0.06578947368421052 0.02 0.041353383458646614
2 0.085 0.11090225563909774 0.02 0.05639097744360902
2 0.14125000000000001 0.12969924812030076 0.0225 0.041353383458646614
2 0.1675 0.13157894736842105 0.02 0.045112781954887216
2 0.3 0.22556390977443608 0.02 0.05263157894736842
2 0.0175 0.10902255639097744 0.02 0.045112781954887216
2 0.07375 0.13345864661654133 0.0175 0.05639097744360902
2 0.56125 0.3289473684210526 0.0175 0.03383458646616541
4 0.9500000000000001 0.5620300751879699 0.02 0.04887218045112782
4 0.0175 0.17293233082706766 0.035 0.12030075187969924
4 0.051250000000000004 0.18045112781954886 0.0275 0.09022556390977443
4 0.085 0.20864661654135336 0.035 0.09398496240601503
4 0.12625 0.20300751879699247 0.0475 0.15037593984962405
4 0.16875 0.22368421052631576 0.0325 0.13157894736842105
4 0.20750000000000002 0.22556390977443608 0.04 0.11278195488721804
4 0.25 0.24812030075187969 0.04 0.12030075187969924
4 0.29125 0.2763157894736842 0.0375 0.09398496240601503
4 0.34750000000000003 0.3007518796992481 0.065 0.08270676691729323
4 0.24875 0.17481203007518797 0.0225 0.03383458646616541
4 0.42875 0.3120300751879699 0.0525 0.10526315789473684
4 0.47250000000000003 0.3139097744360902 0.03 0.09398496240601503
4 0.49 0.381578947368421 0.04 0.041353383458646614
4 0.52625 0.36466165413533835 0.0275 0.06766917293233082
4 0.53625 0.3308270676691729 0.0175 0.045112781954887216
4 0.5575 0.3740601503759398 0.035 0.06390977443609022
4 0.595 0.3665413533834586 0.035 0.07142857142857142
4 0.625 0.3721804511278195 0.03 0.045112781954887216
4 0.655 0.37969924812030076 0.025 0.045112781954887216
4 0.68375 0.41541353383458646 0.0275 0.07142857142857142
4 0.71375 0.43045112781954886 0.0325 0.07142857142857142
4 0.745 0.44360902255639095 0.03 0.06015037593984962
4 0.77875 0.45864661654135336 0.0325 0.045112781954887216
4 0.0175 0.3458646616541353 0.035 0.16541353383458646
4 0.0575 0.35526315789473684 0.03 0.16165413533834586
4 0.1075 0.3590225563909774 0.04 0.13909774436090225
4 0.17375000000000002 0.36278195488721804 0.0325 0.11654135338345864
4 0.25 0.37781954887218044 0.025 0.12406015037593984
4 0.37375 0.41165413533834583 0.0475 0.11654135338345864
4 0.4275 0.38533834586466165 0.025 0.04887218045112782
4 0.4875 0.44548872180451127 0.05 0.10150375939849623
4 0.5475 0.45112781954887216 0.045 0.09022556390977443
4 0.7000000000000001 0.4849624060150376 0.02 0.05263157894736842
