0 0.721875 0.8109375000000001 0.052083333333333336 0.19062500000000002
0 0.871875 0.8328125000000001 0.06041666666666667 0.22187500000000002
0 0.978125 0.74375 0.01875 0.07500000000000001
0 0.484375 0.76875 0.03958333333333333 0.14375000000000002
0 0.4552083333333333 0.7468750000000001 0.03125 0.125
0 0.409375 0.728125 0.03125 0.125
0 0.3645833333333333 0.7453125 0.0375 0.134375
0 0.31354166666666666 0.7703125000000001 0.04375 0.171875
0 0.15833333333333333 0.7640625000000001 0.0375 0.140625
0 0.121875 0.7093750000000001 0.03125 0.1125
0 0.013541666666666667 0.7359375 0.027083333333333334 0.16562500000000002
0 0.18541666666666667 0.7156250000000001 0.03333333333333333 0.125
0 0.24166666666666667 0.70625 0.041666666666666664 0.15000000000000002
4 0.38645833333333335 0.6984375 0.26875 0.209375
