0 0.0275 0.4875 0.04833333333333334 0.185
0 0.16666666666666669 0.55125 0.060000000000000005 0.2175
0 0.22916666666666669 0.5075000000000001 0.05166666666666667 0.195
0 0.3491666666666667 0.6025 0.07166666666666667 0.265
0 0.375 0.535 0.05333333333333334 0.2
0 0.4966666666666667 0.6625 0.07666666666666667 0.28
0 0.6725000000000001 0.60375 0.07166666666666667 0.2625
0 0.6975 0.51125 0.058333333333333334 0.2225
0 0.5966666666666667 0.5437500000000001 0.05666666666666667 0.20750000000000002
0 0.8183333333333334 0.5625 0.06333333333333334 0.24
0 0.9550000000000001 0.51375 0.05666666666666667 0.20750000000000002
0 0.5025000000000001 0.47750000000000004 0.045000000000000005 0.17
0 0.5483333333333333 0.4475 0.03666666666666667 0.135
0 0.24833333333333335 0.44625000000000004 0.03333333333333333 0.1275
0 0.7491666666666668 0.32875 0.028333333333333335 0.10250000000000001
0 0.7866666666666667 0.28 0.023333333333333334 0.09
2 0.05166666666666667 0.24 0.05333333333333334 0.07
2 0.13 0.24625 0.03333333333333333 0.0475
2 0.19333333333333336 0.255 0.03333333333333333 0.07
2 0.32083333333333336 0.24625 0.015000000000000001 0.0375
2 0.3425 0.25375000000000003 0.011666666666666667 0.0275
2 0.3641666666666667 0.255 0.018333333333333333 0.04
2 0.38833333333333336 0.245 0.013333333333333334 0.045
2 0.4108333333333334 0.24625 0.021666666666666667 0.0425
2 0.4316666666666667 0.24375 0.016666666666666666 0.0525
2 0.4516666666666667 0.24625 0.023333333333333334 0.0475
2 0.48500000000000004 0.2575 0.02666666666666667 0.055
2 0.5308333333333334 0.25625 0.028333333333333335 0.0525
2 0.5558333333333334 0.25 0.021666666666666667 0.06
2 0.5825 0.27125 0.015000000000000001 0.0275
2 0.6141666666666667 0.2675 0.015000000000000001 0.025
2 0.6275000000000001 0.2625 0.011666666666666667 0.03
4 0.12250000000000001 0.32625 0.23500000000000001 0.1475
4 0.36250000000000004 0.34125 0.24833333333333335 0.1325
4 0.6158333333333333 0.34625 0.26166666666666666 0.1325
4 0.8933333333333334 0.34750000000000003 0.2066666666666667 0.14
