0 0.9051020408163266 0.44785276073619634 0.07959183673469389 0.294478527607362
0 0.8918367346938776 0.4340490797546012 0.07755102040816328 0.2852760736196319
0 0.7877551020408164 0.38803680981595096 0.036734693877551024 0.13803680981595093
0 0.666326530612245 0.42024539877300615 0.05918367346938776 0.2147239263803681
0 0.6275510204081634 0.5061349693251533 0.15306122448979592 0.5644171779141104
0 0.5489795918367347 0.4233128834355828 0.06938775510204082 0.25153374233128833
0 0.4928571428571429 0.42638036809815955 0.07551020408163266 0.27607361963190186
0 0.4387755102040817 0.3788343558282209 0.0326530612244898 0.1196319018404908
0 0.41734693877551027 0.38650306748466257 0.030612244897959186 0.11042944785276074
0 0.426530612244898 0.3834355828220859 0.028571428571428574 0.10429447852760737
0 0.3989795918367347 0.38496932515337423 0.02653061224489796 0.0950920245398773
0 0.3408163265306123 0.3941717791411043 0.028571428571428574 0.11349693251533742
0 0.36530612244897964 0.3941717791411043 0.028571428571428574 0.10736196319018405
0 0.3806122448979592 0.3834355828220859 0.022448979591836737 0.07975460122699386
0 0.32551020408163267 0.3834355828220859 0.022448979591836737 0.09202453987730061
0 0.2979591836734694 0.401840490797546 0.04489795918367347 0.17177914110429449
0 0.3091836734693878 0.3911042944785276 0.02653061224489796 0.0950920245398773
0 0.276530612244898 0.401840490797546 0.030612244897959186 0.12269938650306748
0 0.22755102040816327 0.40644171779141103 0.03877551020408164 0.1441717791411043
0 0.25204081632653064 0.3895705521472393 0.022448979591836737 0.08588957055214724
0 0.18877551020408165 0.4279141104294479 0.07551020408163266 0.2791411042944785
0 0.12346938775510205 0.4156441717791411 0.04693877551020409 0.17484662576687118
0 0.0826530612244898 0.4340490797546012 0.06326530612244899 0.2423312883435583
0 0.04285714285714286 0.4294478527607362 0.0653061224489796 0.2392638036809816
0 0.014285714285714287 0.401840490797546 0.028571428571428574 0.13496932515337423
2 0.8653061224489796 0.4294478527607362 0.02448979591836735 0.07975460122699386
2 0.7653061224489797 0.39570552147239263 0.028571428571428574 0.09815950920245399
4 0.23979591836734696 0.3450920245398773 0.014285714285714287 0.02147239263803681
4 0.2163265306122449 0.34355828220858897 0.0163265306122449 0.024539877300613498
4 0.1489795918367347 0.3558282208588957 0.020408163265306124 0.03067484662576687
4 0.05918367346938776 0.348159509202454 0.028571428571428574 0.027607361963190184
