0 0.07916666666666668 0.38574660633484165 0.04833333333333334 0.165158371040724
0 0.11750000000000001 0.38574660633484165 0.055 0.18325791855203621
0 0.16083333333333336 0.3733031674208145 0.04833333333333334 0.15837104072398192
0 0.2675 0.5531674208144797 0.21500000000000002 0.7171945701357467
0 0.42000000000000004 0.5294117647058824 0.16 0.5339366515837105
0 0.5733333333333334 0.4909502262443439 0.14333333333333334 0.47511312217194573
0 0.6925 0.49886877828054305 0.13833333333333334 0.45927601809954754
0 0.81 0.580316742081448 0.24666666666666667 0.8167420814479639
0 0.8958333333333334 0.5350678733031675 0.15833333333333335 0.5226244343891403
0 0.9441666666666667 0.4468325791855204 0.10166666666666667 0.33710407239819007
2 0.0125 0.3438914027149322 0.025 0.12669683257918554
2 0.9775 0.3404977375565611 0.035 0.11990950226244344
2 0.8716666666666667 0.29864253393665163 0.02666666666666667 0.05882352941176471
2 0.7183333333333334 0.3416289592760181 0.03333333333333333 0.04524886877828055
2 0.6591666666666667 0.3065610859728507 0.021666666666666667 0.047511312217194575
2 0.5933333333333334 0.5192307692307693 0.043333333333333335 0.19683257918552038
2 0.63 0.38574660633484165 0.04666666666666667 0.13348416289592763
2 0.3466666666666667 0.3484162895927602 0.04 0.06334841628959277
2 0.1975 0.3269230769230769 0.021666666666666667 0.03393665158371041
2 0.12833333333333335 0.31674208144796384 0.013333333333333334 0.01809954751131222
