0 0.29609375 0.7020202020202021 0.0484375 0.19191919191919193
0 0.35703125 0.667929292929293 0.06406250000000001 0.2550505050505051
0 0.37890625 0.6578282828282829 0.051562500000000004 0.20454545454545456
0 0.41015625 0.6742424242424243 0.0390625 0.16161616161616163
0 0.43125 0.5732323232323233 0.018750000000000003 0.08080808080808081
0 0.44765625000000003 0.6073232323232324 0.026562500000000003 0.11363636363636365
0 0.48203125 0.6237373737373738 0.051562500000000004 0.2070707070707071
0 0.5085937500000001 0.6426767676767677 0.051562500000000004 0.20454545454545456
0 0.5320312500000001 0.5972222222222223 0.026562500000000003 0.11363636363636365
0 0.553125 0.6351010101010102 0.046875 0.19444444444444445
0 0.56875 0.6123737373737375 0.043750000000000004 0.1792929292929293
0 0.59296875 0.6338383838383839 0.045312500000000006 0.18686868686868688
0 0.6585937500000001 0.6767676767676768 0.0765625 0.3080808080808081
0 0.6429687500000001 0.6351010101010102 0.051562500000000004 0.2095959595959596
0 0.7015625000000001 0.6237373737373738 0.053125000000000006 0.21212121212121213
0 0.75390625 0.6755050505050506 0.045312500000000006 0.1792929292929293
0 0.76328125 0.6553030303030304 0.0421875 0.1691919191919192
2 0.25234375000000003 0.643939393939394 0.0484375 0.08080808080808081
2 0.31015625 0.6275252525252526 0.035937500000000004 0.09343434343434344
2 0.29921875000000003 0.5643939393939394 0.0140625 0.04797979797979798
2 0.49609375 0.5580808080808082 0.0140625 0.030303030303030304
2 0.46640625 0.561868686868687 0.0171875 0.02777777777777778
