0 0.04807692307692307 0.5737179487179488 0.09615384615384615 0.40811965811965817
0 0.27724358974358976 0.6014957264957266 0.11538461538461538 0.373931623931624
0 0.2203525641025641 0.5341880341880343 0.08173076923076923 0.2692307692307693
0 0.3076923076923077 0.514957264957265 0.05769230769230769 0.19230769230769232
0 0.3942307692307692 0.5523504273504274 0.08333333333333333 0.2713675213675214
0 0.44791666666666663 0.5224358974358975 0.06570512820512821 0.21581196581196582
0 0.5641025641025641 0.639957264957265 0.11538461538461538 0.3824786324786325
0 0.844551282051282 0.6474358974358975 0.13141025641025642 0.43162393162393164
0 0.6274038461538461 0.5480769230769231 0.07852564102564102 0.26282051282051283
0 0.7588141025641025 0.5042735042735044 0.056089743589743585 0.18803418803418806
0 0.4783653846153846 0.49679487179487186 0.049679487179487176 0.16025641025641027
0 0.5064102564102564 0.4871794871794872 0.05128205128205128 0.16666666666666669
0 0.735576923076923 0.48931623931623935 0.05128205128205128 0.17094017094017094
4 0.11939102564102563 0.47222222222222227 0.14262820512820512 0.1452991452991453
4 0.9615384615384615 0.5010683760683761 0.0673076923076923 0.14316239316239318
