0 0.3559701492537313 0.6157303370786518 0.07014925373134329 0.2651685393258427
0 0.40298507462686567 0.6134831460674158 0.07164179104477612 0.2651685393258427
0 0.44850746268656716 0.6235955056179776 0.06417910447761194 0.2404494382022472
0 0.49402985074626865 0.6168539325842697 0.06567164179104477 0.24943820224719104
0 0.5253731343283582 0.6078651685393259 0.06567164179104477 0.24943820224719104
0 0.5671641791044776 0.6191011235955056 0.06567164179104477 0.2404494382022472
0 0.6186567164179104 0.604494382022472 0.07014925373134329 0.2651685393258427
0 0.6507462686567165 0.6112359550561798 0.06567164179104477 0.24269662921348317
0 0.45746268656716416 0.40786516853932586 0.05522388059701493 0.20898876404494385
0 0.6895522388059702 0.6146067415730337 0.07164179104477612 0.2629213483146068
0 0.25298507462686565 0.42247191011235957 0.06119402985074627 0.22471910112359553
0 0.28955223880597014 0.4280898876404495 0.05970149253731343 0.22247191011235956
0 0.41567164179104477 0.4112359550561798 0.06417910447761194 0.23820224719101127
2 0.23208955223880598 0.4719101123595506 0.0791044776119403 0.13483146067415733
2 0.30895522388059704 0.4617977528089888 0.056716417910447764 0.16404494382022472
2 0.3164179104477612 0.3471910112359551 0.03582089552238806 0.09213483146067417
2 0.3447761194029851 0.3438202247191012 0.04477611940298507 0.10786516853932585
2 0.3805970149253731 0.3471910112359551 0.056716417910447764 0.09213483146067417
2 0.4791044776119403 0.3415730337078652 0.03582089552238806 0.09438202247191012
2 0.4962686567164179 0.3977528089887641 0.04328358208955224 0.06292134831460675
2 0.4791044776119403 0.4415730337078652 0.04776119402985075 0.05617977528089888
2 0.45 0.451685393258427 0.04029850746268657 0.06292134831460675
2 0.42686567164179107 0.45505617977528096 0.056716417910447764 0.07415730337078652
2 0.367910447761194 0.4471910112359551 0.07014925373134329 0.08988764044943821
2 0.508955223880597 0.35730337078651686 0.041791044776119404 0.09438202247191012
2 0.5365671641791044 0.3550561797752809 0.05223880597014925 0.08988764044943821
2 0.5716417910447761 0.349438202247191 0.056716417910447764 0.11011235955056181
2 0.5992537313432836 0.351685393258427 0.0373134328358209 0.11460674157303372
2 0.6373134328358209 0.3550561797752809 0.056716417910447764 0.0853932584269663
2 0.6507462686567165 0.3258426966292135 0.041791044776119404 0.08089887640449439
2 0.6902985074626866 0.43820224719101125 0.05522388059701493 0.1303370786516854
2 0.6529850746268657 0.4370786516853933 0.04328358208955224 0.11011235955056181
2 0.6261194029850746 0.4393258426966293 0.034328358208955224 0.06966292134831462
2 0.5925373134328358 0.4337078651685394 0.041791044776119404 0.08988764044943821
2 0.5604477611940298 0.4426966292134832 0.04626865671641791 0.09887640449438204
2 0.5149253731343284 0.44382022471910115 0.05074626865671642 0.08764044943820226
