0 0.04905660377358491 0.5142045454545454 0.09811320754716982 0.4147727272727273
0 0.14433962264150943 0.49857954545454547 0.1339622641509434 0.49715909090909094
0 0.20660377358490567 0.5071022727272727 0.11132075471698114 0.41761363636363635
0 0.2783018867924528 0.5 0.10377358490566038 0.38636363636363635
0 0.3122641509433962 0.48153409090909094 0.1 0.36647727272727276
0 0.3707547169811321 0.5142045454545454 0.11132075471698114 0.4090909090909091
0 0.47264150943396227 0.5099431818181819 0.09622641509433963 0.36079545454545453
0 0.5547169811320755 0.5142045454545454 0.1169811320754717 0.4318181818181818
0 0.6113207547169811 0.49715909090909094 0.09811320754716982 0.3693181818181818
0 0.689622641509434 0.5056818181818182 0.11509433962264151 0.42045454545454547
0 0.7613207547169811 0.5440340909090909 0.14150943396226415 0.5198863636363636
0 0.8452830188679246 0.5298295454545454 0.12075471698113208 0.45170454545454547
0 0.4047169811320755 0.40198863636363635 0.03962264150943396 0.15625
0 0.789622641509434 0.5014204545454546 0.11132075471698114 0.40625
