0 0.059375000000000004 0.505868544600939 0.05 0.19014084507042253
0 0.10703125000000001 0.5211267605633803 0.0703125 0.25821596244131456
0 0.18281250000000002 0.5140845070422535 0.06875 0.2535211267605634
0 0.21796875000000002 0.5199530516431925 0.0734375 0.2699530516431925
0 0.246875 0.5563380281690141 0.084375 0.3145539906103286
0 0.32734375000000004 0.5434272300469484 0.0703125 0.2605633802816901
0 0.40078125000000003 0.5563380281690141 0.1078125 0.40375586854460094
0 0.49453125000000003 0.6279342723004695 0.1265625 0.4624413145539906
0 0.5453125 0.636150234741784 0.153125 0.568075117370892
0 0.7289062500000001 0.6784037558685446 0.1546875 0.568075117370892
0 0.8226562500000001 0.6373239436619719 0.1390625 0.5140845070422535
0 0.86484375 0.6068075117370892 0.1328125 0.4953051643192488
0 0.9140625 0.5927230046948357 0.125 0.4624413145539906
0 0.7742187500000001 0.6091549295774648 0.1296875 0.4812206572769953
0 0.6843750000000001 0.5539906103286385 0.09375 0.3427230046948357
0 0.6492187500000001 0.5598591549295775 0.0890625 0.32629107981220656
2 0.60078125 0.4647887323943662 0.0484375 0.13615023474178403
2 0.27187500000000003 0.431924882629108 0.05 0.14553990610328638
