0 0.09224137931034483 0.6351010101010102 0.12241379310344827 0.44191919191919193
0 0.1724137931034483 0.6565656565656566 0.12068965517241378 0.43939393939393945
0 0.2646551724137931 0.638888888888889 0.12931034482758622 0.4646464646464647
0 0.3603448275862069 0.6300505050505051 0.12068965517241378 0.4318181818181819
0 0.44310344827586207 0.6186868686868687 0.13448275862068965 0.48484848484848486
0 0.5120689655172413 0.6287878787878789 0.13448275862068965 0.47979797979797983
0 0.5844827586206897 0.6325757575757577 0.12758620689655173 0.4570707070707071
0 0.653448275862069 0.6464646464646465 0.11724137931034483 0.4191919191919192
0 0.7327586206896551 0.6414141414141414 0.11724137931034483 0.4191919191919192
0 0.8120689655172414 0.6477272727272728 0.11379310344827587 0.41161616161616166
0 0.9060344827586206 0.6464646464646465 0.11551724137931034 0.4191919191919192
0 0.8491379310344828 0.5214646464646465 0.10172413793103448 0.3661616161616162
2 0.17413793103448275 0.4267676767676768 0.07586206896551724 0.13636363636363638
2 0.23103448275862068 0.40530303030303033 0.07241379310344828 0.1388888888888889
2 0.3103448275862069 0.4027777777777778 0.04827586206896552 0.09343434343434344
2 0.36637931034482757 0.38762626262626265 0.06724137931034482 0.148989898989899
2 0.4517241379310345 0.3851010101010101 0.06551724137931034 0.13383838383838384
2 0.5405172413793103 0.4065656565656566 0.07413793103448275 0.13636363636363638
2 0.5827586206896551 0.3800505050505051 0.06206896551724138 0.13383838383838384
2 0.6586206896551724 0.398989898989899 0.05517241379310345 0.13636363636363638
2 0.7344827586206897 0.41161616161616166 0.05862068965517241 0.13636363636363638
2 0.7887931034482758 0.3901515151515152 0.06724137931034482 0.13383838383838384
