0 0.028888888888888888 0.56 0.057777777777777775 0.2733333333333334
0 0.05 0.5666666666666667 0.07777777777777778 0.2866666666666667
0 0.08888888888888889 0.5566666666666668 0.08444444444444445 0.31333333333333335
0 0.12222222222222222 0.5633333333333334 0.08888888888888889 0.33333333333333337
0 0.17 0.56 0.09555555555555556 0.36000000000000004
0 0.2311111111111111 0.5516666666666667 0.10666666666666666 0.39
0 0.2588888888888889 0.555 0.08666666666666667 0.32333333333333336
0 0.30777777777777776 0.5666666666666667 0.09111111111111111 0.34
0 0.3566666666666667 0.5583333333333333 0.1 0.37000000000000005
0 0.4888888888888889 0.5483333333333333 0.12444444444444444 0.4633333333333334
0 0.58 0.5216666666666667 0.19111111111111112 0.7033333333333334
0 0.7822222222222223 0.5283333333333333 0.16444444444444445 0.61
0 0.9466666666666667 0.5416666666666667 0.10222222222222223 0.53
