0 0.5833333333333334 0.7739018087855297 0.09333333333333334 0.35917312661498707
0 0.6541666666666667 0.6795865633074936 0.04833333333333334 0.18604651162790697
0 0.7333333333333334 0.6963824289405685 0.05666666666666667 0.21963824289405687
0 0.51 0.70671834625323 0.05 0.19896640826873385
0 0.5433333333333333 0.6718346253229974 0.05 0.19121447028423774
0 0.38 0.751937984496124 0.06666666666666667 0.2532299741602067
0 0.3016666666666667 0.8165374677002585 0.08666666666666667 0.3359173126614987
0 0.7841666666666667 0.6937984496124031 0.058333333333333334 0.22997416020671835
0 0.32083333333333336 0.6434108527131783 0.04166666666666667 0.16020671834625325
0 0.405 0.6343669250645995 0.03666666666666667 0.1421188630490956
0 0.49083333333333334 0.6731266149870802 0.055 0.20930232558139536
0 0.6725000000000001 0.6136950904392765 0.028333333333333335 0.11111111111111112
0 0.1991666666666667 0.5697674418604651 0.015000000000000001 0.06459948320413438
0 0.21666666666666667 0.5671834625322998 0.013333333333333334 0.05426356589147287
0 0.07166666666666667 0.5878552971576227 0.02 0.08527131782945736
0 0.14166666666666666 0.5671834625322998 0.016666666666666666 0.06976744186046512
0 0.8583333333333334 0.6085271317829457 0.030000000000000002 0.12144702842377261
2 0.14833333333333334 0.6330749354005168 0.1366666666666667 0.144702842377261
2 0.19 0.8346253229974161 0.22 0.3204134366925065
2 0.060833333333333336 0.8191214470284238 0.12166666666666667 0.2842377260981912
2 0.8983333333333334 0.7403100775193798 0.06666666666666667 0.16795865633074936
2 0.9091666666666667 0.6369509043927649 0.035 0.10077519379844961
2 0.885 0.5762273901808785 0.023333333333333334 0.056847545219638244
2 0.915 0.5839793281653747 0.023333333333333334 0.06718346253229975
4 0.2866666666666667 0.5607235142118864 0.15666666666666668 0.07751937984496124
4 0.5375000000000001 0.5594315245478036 0.34833333333333333 0.12661498708010335
4 0.7758333333333334 0.5865633074935401 0.12166666666666667 0.103359173126615
