0 0.030468750000000003 0.15151515151515152 0.0140625 0.06666666666666667
0 0.12265625000000001 0.6893939393939394 0.1265625 0.603030303030303
0 0.17890625000000002 0.23939393939393938 0.045312500000000006 0.22424242424242424
0 0.21015625000000002 0.22424242424242424 0.0390625 0.19393939393939394
0 0.2625 0.21515151515151515 0.046875 0.23030303030303031
0 0.43281250000000004 0.5575757575757576 0.16875 0.8
0 0.51015625 0.5666666666666667 0.1453125 0.6848484848484848
0 0.6062500000000001 0.5 0.146875 0.703030303030303
0 0.8539062500000001 0.6227272727272727 0.15156250000000002 0.7181818181818181
0 0.94140625 0.6106060606060606 0.11406250000000001 0.693939393939394
0 0.84296875 0.09848484848484848 0.0140625 0.07575757575757576
