0 0.0375 0.37549407114624506 0.075 0.34782608695652173
0 0.06041666666666667 0.3458498023715415 0.07083333333333333 0.32806324110671936
0 0.109375 0.3320158102766798 0.052083333333333336 0.23715415019762845
0 0.15729166666666666 0.36166007905138337 0.07291666666666667 0.3359683794466403
0 0.18333333333333332 0.32806324110671936 0.058333333333333334 0.27667984189723316
0 0.20729166666666665 0.32213438735177863 0.05625 0.2569169960474308
0 0.23645833333333333 0.33992094861660077 0.06041666666666667 0.2924901185770751
0 0.28854166666666664 0.3517786561264822 0.06458333333333333 0.30039525691699603
0 0.3145833333333333 0.3359683794466403 0.05416666666666667 0.25296442687747034
0 0.34791666666666665 0.33794466403162055 0.058333333333333334 0.28063241106719367
0 0.38645833333333335 0.3517786561264822 0.06041666666666667 0.27667984189723316
0 0.4083333333333333 0.3201581027667984 0.04583333333333333 0.2134387351778656
0 0.43645833333333334 0.3201581027667984 0.05625 0.2608695652173913
0 0.4895833333333333 0.525691699604743 0.1625 0.7509881422924901
0 0.5541666666666667 0.32213438735177863 0.05416666666666667 0.2569169960474308
0 0.5729166666666666 0.32608695652173914 0.04583333333333333 0.21739130434782608
0 0.6072916666666667 0.33992094861660077 0.05625 0.26877470355731226
0 0.6572916666666666 0.31422924901185767 0.05625 0.26482213438735175
0 0.6375 0.3181818181818182 0.0375 0.16996047430830039
0 0.6864583333333333 0.32213438735177863 0.03958333333333333 0.19367588932806323
0 0.7197916666666666 0.3438735177865612 0.05625 0.26877470355731226
0 0.7552083333333334 0.3162055335968379 0.035416666666666666 0.1660079051383399
0 0.7458333333333333 0.2984189723320158 0.03333333333333333 0.1541501976284585
0 0.7791666666666667 0.3063241106719367 0.0375 0.16996047430830039
0 0.809375 0.32411067193675885 0.06041666666666667 0.27667984189723316
0 0.8427083333333333 0.3458498023715415 0.06041666666666667 0.28063241106719367
0 0.8708333333333333 0.3201581027667984 0.0375 0.1818181818181818
0 0.9052083333333333 0.32411067193675885 0.035416666666666666 0.1660079051383399
0 0.8864583333333333 0.3201581027667984 0.03125 0.15810276679841895
0 0.9249999999999999 0.3300395256916996 0.05416666666666667 0.2569169960474308
0 0.9552083333333333 0.33992094861660077 0.06458333333333333 0.30039525691699603
0 0.98125 0.30039525691699603 0.029166666666666667 0.15019762845849802
0 0.9406249999999999 0.10474308300395256 0.01875 0.09881422924901186
2 0.05 0.1442687747035573 0.03333333333333333 0.1067193675889328
2 0.23229166666666667 0.1719367588932806 0.03125 0.07509881422924901
2 0.32916666666666666 0.22134387351778656 0.025 0.06324110671936758
2 0.90625 0.1067193675889328 0.016666666666666666 0.07905138339920947
2 0.9583333333333334 0.1660079051383399 0.020833333333333332 0.06324110671936758
4 0.49583333333333335 0.04940711462450593 0.9916666666666667 0.0909090909090909
