0 0.11555555555555555 0.9232715008431702 0.035555555555555556 0.13322091062394603
0 0.09666666666666666 0.8726812816188869 0.03333333333333333 0.12647554806070826
0 0.08666666666666667 0.8237774030354131 0.03333333333333333 0.12647554806070826
0 0.07277777777777777 0.7723440134907251 0.034444444444444444 0.1281618887015177
0 0.06222222222222222 0.7268128161888701 0.03111111111111111 0.12141652613827993
0 0.05277777777777778 0.6821247892074198 0.03222222222222222 0.12310286677908937
0 0.04888888888888889 0.6374367622259696 0.03111111111111111 0.11804384485666104
0 0.03666666666666667 0.5961214165261383 0.03111111111111111 0.11973018549747048
0 0.027777777777777776 0.5531197301854974 0.03333333333333333 0.12478920741989881
0 0.017222222222222222 0.5193929173693086 0.03 0.11129848229342326
0 0.23222222222222222 0.9173693086003372 0.03111111111111111 0.11804384485666104
0 0.21388888888888888 0.8617200674536256 0.03222222222222222 0.12478920741989881
0 0.2011111111111111 0.8111298482293423 0.03111111111111111 0.11804384485666104
0 0.18555555555555556 0.760539629005059 0.03111111111111111 0.11804384485666104
0 0.17944444444444443 0.7166947723440135 0.03222222222222222 0.11804384485666104
0 0.16277777777777777 0.669477234401349 0.03222222222222222 0.11804384485666104
0 0.14666666666666667 0.6306913996627318 0.028888888888888888 0.11129848229342326
0 0.13666666666666666 0.5893760539629005 0.028888888888888888 0.10961214165261382
0 0.12333333333333334 0.5463743676222597 0.028888888888888888 0.10792580101180438
0 0.10944444444444444 0.5134907251264755 0.027777777777777776 0.10286677908937605
0 0.09944444444444445 0.47892074198988194 0.025555555555555557 0.09443507588532883
0 0.095 0.43929173693086 0.027777777777777776 0.10623946037099494
0 0.0811111111111111 0.40640809443507586 0.028888888888888888 0.10792580101180438
0 0.07333333333333333 0.37183811129848227 0.028888888888888888 0.10961214165261382
0 0.065 0.342327150084317 0.027777777777777776 0.10118043844856661
0 0.050555555555555555 0.3102866779089376 0.027777777777777776 0.10792580101180438
0 0.03277777777777778 0.25210792580101177 0.023333333333333334 0.0893760539629005
0 0.022222222222222223 0.2251264755480607 0.024444444444444446 0.0893760539629005
0 0.011111111111111112 0.16526138279932545 0.022222222222222223 0.09443507588532883
0 0.36944444444444446 0.93929173693086 0.03 0.11467116357504215
0 0.3522222222222222 0.8912310286677908 0.03333333333333333 0.12984822934232715
0 0.33055555555555555 0.8355817875210793 0.03888888888888889 0.14333895446880268
0 0.31055555555555553 0.7959527824620573 0.03 0.11467116357504215
0 0.2972222222222222 0.751264755480607 0.027777777777777776 0.10623946037099494
0 0.2838888888888889 0.7040472175379426 0.03 0.1129848229342327
0 0.2638888888888889 0.657672849915683 0.03 0.11467116357504215
0 0.24722222222222223 0.6197301854974705 0.03222222222222222 0.11973018549747048
0 0.23722222222222222 0.5733558178752107 0.03 0.11129848229342326
0 0.22555555555555556 0.5337268128161888 0.028888888888888888 0.1129848229342327
0 0.21555555555555556 0.5050590219224284 0.024444444444444446 0.09274873524451939
0 0.20277777777777778 0.46964586846543 0.025555555555555557 0.09949409780775716
0 0.18944444444444444 0.4325463743676222 0.027777777777777776 0.10286677908937605
0 0.17722222222222223 0.3996627318718381 0.027777777777777776 0.1045531197301855
0 0.16666666666666666 0.3659359190556492 0.026666666666666665 0.1045531197301855
0 0.15611111111111112 0.3338954468802698 0.027777777777777776 0.10118043844856661
0 0.1461111111111111 0.2959527824620573 0.027777777777777776 0.10286677908937605
0 0.1338888888888889 0.2681281618887015 0.027777777777777776 0.10118043844856661
0 0.12611111111111112 0.24283305227655985 0.025555555555555557 0.09780775716694771
0 0.11388888888888889 0.21585160202360876 0.023333333333333334 0.09106239460370995
0 0.10611111111111111 0.1897133220910624 0.025555555555555557 0.09612141652613827
0 0.09333333333333334 0.16104553119730183 0.024444444444444446 0.09274873524451939
0 0.08833333333333333 0.13659359190556492 0.023333333333333334 0.08768971332209105
0 0.07611111111111112 0.11467116357504215 0.021111111111111112 0.08431703204047217
0 0.07055555555555555 0.081787521079258 0.025555555555555557 0.09612141652613827
0 0.06166666666666667 0.06070826306913996 0.023333333333333334 0.09106239460370995
0 0.05 0.03962900505902192 0.02 0.07925801011804384
0 0.4772222222222222 0.9317032040472175 0.03222222222222222 0.11973018549747048
0 0.4538888888888889 0.8768971332209106 0.03222222222222222 0.12141652613827993
0 0.44277777777777777 0.8305227655986509 0.03 0.1163575042158516
0 0.41388888888888886 0.784991568296796 0.03 0.1129848229342327
0 0.4027777777777778 0.7335581787521079 0.03222222222222222 0.12478920741989881
0 0.3888888888888889 0.7006745362563237 0.028888888888888888 0.10961214165261382
0 0.36777777777777776 0.6450252951096122 0.03333333333333333 0.12647554806070826
0 0.3477777777777778 0.6138279932546374 0.026666666666666665 0.09780775716694771
0 0.33666666666666667 0.5733558178752107 0.026666666666666665 0.1045531197301855
0 0.3244444444444444 0.5328836424957841 0.026666666666666665 0.09780775716694771
0 0.31277777777777777 0.49072512647554806 0.027777777777777776 0.10118043844856661
0 0.29777777777777775 0.46037099494097805 0.026666666666666665 0.1045531197301855
0 0.2816666666666667 0.42664418212478916 0.025555555555555557 0.09780775716694771
0 0.2683333333333333 0.39038785834738615 0.025555555555555557 0.09612141652613827
0 0.25722222222222224 0.36003372681281615 0.025555555555555557 0.09612141652613827
0 0.2477777777777778 0.3296795952782462 0.024444444444444446 0.09274873524451939
0 0.23444444444444446 0.2984822934232715 0.024444444444444446 0.09443507588532883
0 0.21888888888888888 0.26559865092748736 0.022222222222222223 0.08600337268128161
0 0.2061111111111111 0.23861720067453623 0.023333333333333334 0.08600337268128161
0 0.20055555555555554 0.21163575042158514 0.023333333333333334 0.0893760539629005
0 0.18944444444444444 0.18381112984822934 0.021111111111111112 0.08094435075885328
0 0.17722222222222223 0.15682967959527824 0.023333333333333334 0.08768971332209105
0 0.16777777777777778 0.1315345699831366 0.022222222222222223 0.08768971332209105
0 0.16 0.1045531197301855 0.024444444444444446 0.09106239460370995
0 0.1527777777777778 0.08094435075885328 0.021111111111111112 0.08431703204047217
0 0.13833333333333334 0.05480607082630691 0.023333333333333334 0.0893760539629005
0 0.5883333333333334 0.9232715008431702 0.03222222222222222 0.12310286677908937
0 0.5683333333333334 0.8709949409780775 0.03222222222222222 0.11973018549747048
0 0.5455555555555556 0.8187183811129848 0.03111111111111111 0.1163575042158516
0 0.5283333333333333 0.7731871838111298 0.03 0.10961214165261382
0 0.5088888888888888 0.7251264755480606 0.03111111111111111 0.11804384485666104
0 0.4938888888888889 0.6812816188870151 0.027777777777777776 0.10792580101180438
0 0.4688888888888889 0.6399662731871838 0.028888888888888888 0.10961214165261382
0 0.45555555555555555 0.5961214165261383 0.028888888888888888 0.1129848229342327
0 0.4388888888888889 0.5581787521079258 0.026666666666666665 0.1045531197301855
0 0.42333333333333334 0.5160202360876897 0.03111111111111111 0.11467116357504215
0 0.4038888888888889 0.4814502529510961 0.027777777777777776 0.10286677908937605
0 0.39111111111111113 0.4468802698145025 0.026666666666666665 0.1045531197301855
0 0.37333333333333335 0.41315345699831363 0.026666666666666665 0.10118043844856661
0 0.35944444444444446 0.3827993254637437 0.025555555555555557 0.09780775716694771
0 0.35333333333333333 0.3532883642495784 0.024444444444444446 0.09274873524451939
0 0.33611111111111114 0.3145025295109612 0.027777777777777776 0.10623946037099494
0 0.3233333333333333 0.28667790893760536 0.024444444444444446 0.09106239460370995
0 0.3088888888888889 0.2622259696458685 0.022222222222222223 0.08263069139966273
0 0.29833333333333334 0.2335581787521079 0.023333333333333334 0.0893760539629005
0 0.2877777777777778 0.19983136593591905 0.024444444444444446 0.09274873524451939
0 0.27111111111111114 0.17790893760539628 0.022222222222222223 0.08600337268128161
0 0.25666666666666665 0.1475548060708263 0.02 0.07925801011804384
0 0.25 0.12394603709949409 0.02 0.07588532883642496
0 0.23666666666666666 0.096964586846543 0.024444444444444446 0.0893760539629005
0 0.22277777777777777 0.07504215851602024 0.01888888888888889 0.07588532883642496
0 0.2127777777777778 0.05143338954468803 0.01888888888888889 0.07251264755480606
0 0.6988888888888889 0.90893760539629 0.035555555555555556 0.1315345699831366
0 0.6794444444444444 0.8532883642495783 0.034444444444444444 0.1281618887015177
0 0.6616666666666666 0.8035413153456998 0.03 0.1163575042158516
0 0.6333333333333333 0.7529510961214165 0.03111111111111111 0.1163575042158516
0 0.615 0.7175379426644182 0.027777777777777776 0.10286677908937605
0 0.5961111111111111 0.6779089376053963 0.027777777777777776 0.1045531197301855
0 0.5744444444444444 0.6323777403035413 0.026666666666666665 0.10118043844856661
0 0.5472222222222223 0.5834738617200674 0.03222222222222222 0.11804384485666104
0 0.5283333333333333 0.5505902192242833 0.025555555555555557 0.09949409780775716
0 0.5133333333333333 0.5118043844856661 0.024444444444444446 0.09612141652613827
0 0.49444444444444446 0.47723440134907247 0.026666666666666665 0.09780775716694771
0 0.4777777777777778 0.44097807757166946 0.024444444444444446 0.09612141652613827
0 0.4638888888888889 0.40640809443507586 0.027777777777777776 0.10118043844856661
0 0.45111111111111113 0.37605396290050586 0.024444444444444446 0.09443507588532883
0 0.435 0.342327150084317 0.025555555555555557 0.09443507588532883
0 0.4222222222222222 0.3102866779089376 0.024444444444444446 0.09443507588532883
0 0.4088888888888889 0.2807757166947723 0.024444444444444446 0.09274873524451939
0 0.3933333333333333 0.25042158516020235 0.024444444444444446 0.0893760539629005
0 0.3811111111111111 0.22765598650927485 0.02 0.0775716694772344
0 0.3611111111111111 0.19477234401349072 0.022222222222222223 0.08600337268128161
0 0.35055555555555556 0.16610455311973019 0.023333333333333334 0.08600337268128161
0 0.33944444444444444 0.14502529510961212 0.021111111111111112 0.08094435075885328
0 0.3338888888888889 0.1163575042158516 0.021111111111111112 0.08094435075885328
0 0.31722222222222224 0.0893760539629005 0.021111111111111112 0.08094435075885328
0 0.3061111111111111 0.06323777403035413 0.021111111111111112 0.07925801011804384
0 0.295 0.048060708263069137 0.01888888888888889 0.07588532883642496
0 0.7994444444444444 0.9055649241146712 0.03222222222222222 0.11804384485666104
0 0.7733333333333333 0.8465430016863406 0.028888888888888888 0.11129848229342326
0 0.7477777777777778 0.7951096121416525 0.028888888888888888 0.10961214165261382
0 0.73 0.7521079258010117 0.026666666666666665 0.1045531197301855
0 0.7038888888888889 0.7048903878583473 0.027777777777777776 0.10792580101180438
0 0.6805555555555556 0.663575042158516 0.027777777777777776 0.10286677908937605
0 0.6572222222222223 0.6172006745362563 0.027777777777777776 0.10792580101180438
0 0.6355555555555555 0.575885328836425 0.026666666666666665 0.10286677908937605
0 0.6127777777777778 0.5320404721753794 0.027777777777777776 0.10623946037099494
0 0.5988888888888889 0.5 0.026666666666666665 0.10286677908937605
0 0.5816666666666667 0.46121416526138276 0.03 0.10961214165261382
0 0.5638888888888889 0.42664418212478916 0.025555555555555557 0.09443507588532883
0 0.5455555555555556 0.3962900505902192 0.026666666666666665 0.10118043844856661
0 0.5266666666666666 0.3617200674536256 0.026666666666666665 0.10286677908937605
0 0.5066666666666667 0.33220910623946037 0.024444444444444446 0.09443507588532883
0 0.49666666666666665 0.30185497470489037 0.022222222222222223 0.08768971332209105
0 0.47888888888888886 0.275716694772344 0.022222222222222223 0.08600337268128161
0 0.46111111111111114 0.24536256323777403 0.024444444444444446 0.09274873524451939
0 0.45055555555555554 0.21922428330522764 0.021111111111111112 0.08431703204047217
0 0.435 0.19139966273187184 0.021111111111111112 0.07925801011804384
0 0.42444444444444446 0.1559865092748735 0.024444444444444446 0.09274873524451939
0 0.41055555555555556 0.13322091062394603 0.021111111111111112 0.08094435075885328
0 0.3938888888888889 0.11551433389544688 0.01888888888888889 0.07588532883642496
0 0.3827777777777778 0.09021922428330523 0.021111111111111112 0.07925801011804384
0 0.3738888888888889 0.06745362563237774 0.023333333333333334 0.08768971332209105
0 0.36 0.03288364249578415 0.017777777777777778 0.0657672849915683
0 0.8588888888888889 0.7934232715008431 0.028888888888888888 0.1129848229342327
0 0.8311111111111111 0.7411467116357504 0.03333333333333333 0.12310286677908937
0 0.8083333333333333 0.6989881956155143 0.03 0.10961214165261382
0 0.7833333333333333 0.657672849915683 0.028888888888888888 0.10792580101180438
0 0.7527777777777778 0.6121416526138279 0.03 0.11129848229342326
0 0.7344444444444445 0.5649241146711635 0.03111111111111111 0.11467116357504215
0 0.7122222222222222 0.5320404721753794 0.028888888888888888 0.10623946037099494
0 0.6911111111111111 0.49156829679595276 0.028888888888888888 0.10961214165261382
0 0.6744444444444444 0.4586846543001686 0.028888888888888888 0.11129848229342326
0 0.6533333333333333 0.42242833052276557 0.026666666666666665 0.10286677908937605
0 0.6305555555555555 0.3827993254637437 0.023333333333333334 0.09106239460370995
0 0.6161111111111112 0.35497470489038785 0.03 0.10961214165261382
0 0.5994444444444444 0.32293423271500843 0.025555555555555557 0.09612141652613827
0 0.5822222222222222 0.2917369308600337 0.024444444444444446 0.09106239460370995
0 0.5655555555555556 0.2571669477234401 0.024444444444444446 0.09612141652613827
0 0.5438888888888889 0.2411467116357504 0.021111111111111112 0.08431703204047217
0 0.5333333333333333 0.209106239460371 0.022222222222222223 0.08431703204047217
0 0.5166666666666667 0.1821247892074199 0.022222222222222223 0.08431703204047217
0 0.5022222222222222 0.15851602023608768 0.022222222222222223 0.08094435075885328
0 0.4905555555555556 0.12731871838111297 0.025555555555555557 0.09612141652613827
0 0.4683333333333333 0.10202360876897133 0.023333333333333334 0.0893760539629005
0 0.46111111111111114 0.081787521079258 0.022222222222222223 0.08263069139966273
0 0.4461111111111111 0.050590219224283306 0.023333333333333334 0.09106239460370995
0 0.43555555555555553 0.03709949409780776 0.017777777777777778 0.07082630691399662
0 0.9883333333333333 0.827150084317032 0.021111111111111112 0.13659359190556492
0 0.965 0.7790893760539629 0.03222222222222222 0.12478920741989881
0 0.9372222222222222 0.7242833052276559 0.03222222222222222 0.12310286677908937
0 0.9127777777777778 0.6838111298482293 0.034444444444444444 0.12647554806070826
0 0.8811111111111111 0.6408094435075885 0.03111111111111111 0.12141652613827993
0 0.8572222222222222 0.602866779089376 0.027777777777777776 0.10623946037099494
0 0.8383333333333334 0.5632377740303541 0.027777777777777776 0.10118043844856661
0 0.8127777777777778 0.524451939291737 0.025555555555555557 0.09780775716694771
0 0.7844444444444444 0.4856661045531197 0.026666666666666665 0.1045531197301855
0 0.7688888888888888 0.4519392917369308 0.024444444444444446 0.09443507588532883
0 0.7427777777777778 0.4173693086003372 0.023333333333333334 0.0893760539629005
0 0.7277777777777777 0.37015177065767285 0.024444444444444446 0.09612141652613827
0 0.7027777777777777 0.3456998313659359 0.025555555555555557 0.09780775716694771
0 0.6877777777777778 0.3178752107925801 0.024444444444444446 0.09612141652613827
0 0.6677777777777778 0.28667790893760536 0.022222222222222223 0.08431703204047217
0 0.6533333333333333 0.2563237774030354 0.024444444444444446 0.09443507588532883
0 0.63 0.2327150084317032 0.024444444444444446 0.09106239460370995
0 0.615 0.20404721753794267 0.021111111111111112 0.08431703204047217
0 0.5966666666666667 0.17200674536256322 0.024444444444444446 0.09106239460370995
0 0.5827777777777777 0.1475548060708263 0.023333333333333334 0.08600337268128161
0 0.5683333333333334 0.12310286677908937 0.023333333333333334 0.09106239460370995
0 0.5533333333333333 0.09865092748735244 0.022222222222222223 0.08600337268128161
0 0.5366666666666666 0.07166947723440134 0.02 0.07925801011804384
0 0.5222222222222223 0.04890387858347386 0.022222222222222223 0.08094435075885328
0 0.985 0.6290050590219224 0.027777777777777776 0.12478920741989881
0 0.9555555555555556 0.5902192242833052 0.03111111111111111 0.11467116357504215
0 0.9244444444444444 0.5480607082630691 0.03111111111111111 0.12141652613827993
0 0.9033333333333333 0.5050590219224284 0.03111111111111111 0.1163575042158516
0 0.8772222222222222 0.4713322091062394 0.03222222222222222 0.12310286677908937
0 0.8594444444444445 0.44350758853288363 0.025555555555555557 0.09443507588532883
0 0.8338888888888889 0.4005059021922428 0.025555555555555557 0.09612141652613827
0 0.8094444444444444 0.37183811129848227 0.027777777777777776 0.10286677908937605
0 0.7861111111111111 0.33979763912310285 0.023333333333333334 0.09274873524451939
0 0.7727777777777778 0.311973018549747 0.023333333333333334 0.09106239460370995
0 0.7511111111111111 0.2790893760539629 0.024444444444444446 0.0893760539629005
0 0.7316666666666667 0.2411467116357504 0.025555555555555557 0.09780775716694771
0 0.7088888888888889 0.22259696458684652 0.022222222222222223 0.08431703204047217
0 0.695 0.19645868465430016 0.023333333333333334 0.08600337268128161
0 0.6744444444444444 0.16526138279932545 0.024444444444444446 0.09443507588532883
0 0.66 0.1391231028667791 0.024444444444444446 0.0893760539629005
0 0.6438888888888888 0.11888701517706576 0.021111111111111112 0.08263069139966273
0 0.6305555555555555 0.09021922428330523 0.023333333333333334 0.08600337268128161
0 0.6138888888888889 0.07082630691399662 0.021111111111111112 0.08094435075885328
0 0.5966666666666667 0.042158516020236084 0.02 0.0775716694772344
0 0.6794444444444444 0.04131534569983136 0.01888888888888889 0.07588532883642496
0 0.6961111111111111 0.0581787521079258 0.021111111111111112 0.08263069139966273
0 0.7088888888888889 0.08094435075885328 0.022222222222222223 0.08431703204047217
0 0.7244444444444444 0.10118043844856661 0.022222222222222223 0.08094435075885328
0 0.7405555555555555 0.13322091062394603 0.021111111111111112 0.08094435075885328
0 0.7555555555555555 0.15008431703204048 0.022222222222222223 0.08431703204047217
0 0.775 0.18128161888701516 0.023333333333333334 0.09274873524451939
0 0.7961111111111111 0.21247892074198987 0.025555555555555557 0.09443507588532883
0 0.8127777777777778 0.2411467116357504 0.021111111111111112 0.08431703204047217
0 0.8322222222222222 0.2748735244519393 0.024444444444444446 0.09106239460370995
0 0.8622222222222222 0.3077571669477234 0.024444444444444446 0.0893760539629005
0 0.8838888888888888 0.32124789207419896 0.025555555555555557 0.09949409780775716
0 0.9033333333333333 0.35497470489038785 0.024444444444444446 0.09612141652613827
0 0.9255555555555556 0.4005059021922428 0.024444444444444446 0.09274873524451939
0 0.9533333333333334 0.43001686340640805 0.026666666666666665 0.10118043844856661
0 0.9788888888888889 0.4730185497470489 0.026666666666666665 0.09949409780775716
0 0.97 0.3145025295109612 0.024444444444444446 0.09612141652613827
0 0.9511111111111111 0.28667790893760536 0.026666666666666665 0.09780775716694771
0 0.9277777777777778 0.2613827993254637 0.024444444444444446 0.09443507588532883
0 0.9066666666666666 0.22428330522765597 0.022222222222222223 0.08431703204047217
0 0.885 0.18887015177065766 0.025555555555555557 0.09443507588532883
0 0.8583333333333333 0.17284991568296795 0.025555555555555557 0.09949409780775716
0 0.8411111111111111 0.14165261382799324 0.024444444444444446 0.09443507588532883
0 0.8266666666666667 0.12647554806070826 0.022222222222222223 0.08431703204047217
0 0.8122222222222222 0.096964586846543 0.024444444444444446 0.0893760539629005
0 0.7877777777777778 0.06745362563237774 0.022222222222222223 0.08094435075885328
0 0.7705555555555555 0.046374367622259695 0.021111111111111112 0.07925801011804384
0 0.9894444444444445 0.22344013490725126 0.01888888888888889 0.10623946037099494
0 0.9722222222222222 0.19224283305227655 0.024444444444444446 0.09106239460370995
0 0.9511111111111111 0.16863406408094433 0.024444444444444446 0.09106239460370995
0 0.9277777777777778 0.13827993254637436 0.022222222222222223 0.08768971332209105
0 0.9094444444444444 0.11467116357504215 0.023333333333333334 0.09106239460370995
0 0.8916666666666667 0.0893760539629005 0.023333333333333334 0.08768971332209105
0 0.8661111111111112 0.062394603709949405 0.023333333333333334 0.08768971332209105
0 0.8466666666666667 0.042158516020236084 0.02 0.0775716694772344
0 0.9888888888888889 0.10792580101180438 0.02 0.09106239460370995
0 0.9644444444444444 0.08094435075885328 0.02 0.07419898819561552
0 0.9444444444444444 0.05396290050590219 0.022222222222222223 0.08094435075885328
0 0.8894444444444445 0.8456998313659359 0.034444444444444444 0.12984822934232715
0 0.9166666666666666 0.8887015177065767 0.028888888888888888 0.11129848229342326
0 0.9477777777777778 0.935919055649241 0.024444444444444446 0.09443507588532883
0 0.8283333333333334 0.9435075885328836 0.027777777777777776 0.10286677908937605
0 0.009444444444444445 0.4704890387858347 0.01888888888888889 0.09780775716694771
0 0.7322222222222222 0.945193929173693 0.028888888888888888 0.10623946037099494
2 0.9777777777777777 0.9679595278246205 0.03333333333333333 0.06070826306913996
2 0.8611111111111112 0.9730185497470488 0.05555555555555555 0.03709949409780776
2 0.015 0.9553119730185496 0.03 0.07588532883642496
2 0.13833333333333334 0.9519392917369308 0.04555555555555556 0.08263069139966273
2 0.2633333333333333 0.9536256323777402 0.051111111111111114 0.0893760539629005
2 0.4011111111111111 0.9629005059021922 0.06 0.06745362563237774
2 0.5 0.9620573355817875 0.03777777777777778 0.05902192242833052
2 0.625 0.9519392917369308 0.06777777777777778 0.08600337268128161
2 0.7594444444444445 0.9671163575042158 0.04111111111111111 0.05564924114671163
4 0.8488888888888889 0.026138279932546374 0.3 0.05227655986509275
4 0.5783333333333334 0.0193929173693086 0.23666666666666666 0.0387858347386172
