0 0.8127272727272727 0.7376373626373627 0.09090909090909091 0.33791208791208793
0 0.8427272727272728 0.739010989010989 0.09636363636363636 0.3626373626373627
0 0.9045454545454545 0.7500000000000001 0.1 0.37912087912087916
0 0.9454545454545454 0.7596153846153847 0.10545454545454545 0.3983516483516484
2 0.25181818181818183 0.6579670329670331 0.04909090909090909 0.0521978021978022
2 0.3109090909090909 0.6607142857142858 0.04363636363636364 0.046703296703296704
2 0.35818181818181816 0.6497252747252747 0.03636363636363636 0.057692307692307696
2 0.4027272727272727 0.6579670329670331 0.034545454545454546 0.041208791208791215
2 0.2718181818181818 0.4986263736263737 0.038181818181818185 0.046703296703296704
2 0.3245454545454545 0.5123626373626374 0.034545454545454546 0.0521978021978022
2 0.5781818181818181 0.6538461538461539 0.04 0.027472527472527476
2 0.6227272727272727 0.6565934065934066 0.038181818181818185 0.05494505494505495
