0 0.06804281345565749 0.5940170940170941 0.13608562691131498 0.47008547008547014
0 0.18960244648318042 0.5993589743589745 0.13761467889908258 0.4764957264957265
0 0.2981651376146789 0.5854700854700855 0.1345565749235474 0.46153846153846156
0 0.3837920489296636 0.5918803418803419 0.14984709480122324 0.5128205128205129
0 0.52217125382263 0.6250000000000001 0.16055045871559634 0.5491452991452992
0 0.6513761467889908 0.6100427350427351 0.18042813455657492 0.6175213675213675
0 0.8035168195718655 0.639957264957265 0.16666666666666666 0.5662393162393163
0 0.8883792048929664 0.5705128205128206 0.1559633027522936 0.5384615384615385
2 0.05504587155963303 0.32585470085470086 0.0672782874617737 0.05341880341880342
2 0.1636085626911315 0.2478632478632479 0.0581039755351682 0.08974358974358976
2 0.2423547400611621 0.2467948717948718 0.0382262996941896 0.057692307692307696
2 0.37920489296636084 0.2467948717948718 0.05504587155963303 0.061965811965811975
2 0.28287461773700306 0.2948717948717949 0.05198776758409786 0.07692307692307693
2 0.14831804281345565 0.32799145299145305 0.05504587155963303 0.07051282051282053
2 0.4273700305810398 0.3301282051282052 0.053516819571865444 0.07905982905982907
2 0.47782874617737003 0.3621794871794872 0.04128440366972477 0.08333333333333334
2 0.5313455657492355 0.2574786324786325 0.05963302752293578 0.05341880341880342
2 0.5397553516819572 0.32051282051282054 0.0581039755351682 0.05982905982905984
2 0.6574923547400612 0.2574786324786325 0.04892966360856269 0.07051282051282053
2 0.7545871559633027 0.3023504273504274 0.06574923547400612 0.09615384615384616
2 0.7874617737003058 0.26495726495726496 0.05504587155963303 0.07264957264957266
2 0.8837920489296636 0.27029914529914534 0.0672782874617737 0.07051282051282053
2 0.9694189602446484 0.3130341880341881 0.05198776758409786 0.10042735042735043
2 0.6207951070336392 0.41132478632478636 0.05198776758409786 0.061965811965811975
