0 0.22686025408348456 0.5475543478260869 0.07985480943738657 0.2907608695652174
0 0.4482758620689655 0.5394021739130435 0.08348457350272231 0.3070652173913043
0 0.41379310344827586 0.5108695652173912 0.06533575317604355 0.24456521739130435
0 0.5617059891107078 0.4605978260869565 0.038112522686025406 0.13858695652173914
0 0.5898366606170599 0.47554347826086957 0.04718693284936479 0.17391304347826086
0 0.6098003629764065 0.48777173913043476 0.050816696914700546 0.1875
0 0.6424682395644283 0.5108695652173912 0.0617059891107078 0.22282608695652173
0 0.7078039927404718 0.5203804347826086 0.07622504537205081 0.28532608695652173
0 0.8602540834845734 0.5258152173913043 0.07259528130671505 0.26902173913043476
0 0.8067150635208711 0.5027173913043478 0.06352087114337568 0.23369565217391303
0 0.7586206896551724 0.4891304347826087 0.050816696914700546 0.19565217391304346
2 0.2441016333938294 0.42391304347826086 0.019963702359346643 0.048913043478260865
4 0.9165154264972777 0.4008152173913043 0.14882032667876588 0.024456521739130432
