0 0.228125 0.608286252354049 0.13625 0.5047080979284368
0 0.26625 0.6214689265536723 0.12 0.4406779661016949
0 0.295 0.596045197740113 0.125 0.4613935969868173
0 0.330625 0.6092278719397364 0.11375 0.41619585687382293
0 0.35000000000000003 0.6214689265536723 0.0975 0.3653483992467043
0 0.41250000000000003 0.615819209039548 0.0925 0.3465160075329567
0 0.460625 0.615819209039548 0.09625 0.3540489642184557
0 0.481875 0.6242937853107344 0.08625000000000001 0.3182674199623352
0 0.52625 0.6148775894538606 0.0825 0.3069679849340866
0 0.558125 0.6214689265536723 0.07875 0.2900188323917137
0 0.6 0.6186440677966102 0.0725 0.27306967984934083
0 0.6531250000000001 0.6205273069679849 0.07125000000000001 0.2617702448210923
0 0.690625 0.6139359698681732 0.07375 0.2749529190207156
0 0.743125 0.611111111111111 0.07625 0.2806026365348399
0 0.801875 0.623352165725047 0.06125 0.22975517890772126
0 0.8512500000000001 0.6252354048964218 0.06 0.22598870056497175
0 0.90125 0.6186440677966102 0.0625 0.23163841807909605
0 0.950625 0.6299435028248588 0.06125 0.22410546139359697
2 0.30875 0.443502824858757 0.0225 0.04331450094161959
