0 0.014375 0.33604887983706716 0.02875 0.14663951120162932
0 0.051875000000000004 0.36150712830957227 0.09625 0.3808553971486761
0 0.08750000000000001 0.3716904276985743 0.105 0.41751527494908347
0 0.12875 0.37983706720977595 0.11750000000000001 0.47046843177189407
0 0.163125 0.4032586558044806 0.12625 0.5010183299389002
0 0.228125 0.4215885947046843 0.14375000000000002 0.5743380855397148
0 0.33125 0.4775967413441955 0.155 0.6171079429735233
0 0.5025000000000001 0.5091649694501018 0.1925 0.7698574338085539
0 0.618125 0.5122199592668024 0.18125 0.7189409368635438
0 0.8512500000000001 0.6843177189409368 0.12 0.4806517311608961
0 0.8825000000000001 0.3686354378818737 0.07 0.2810590631364562
0 0.775 0.34928716904276985 0.045 0.18533604887983704
0 0.75375 0.34521384928716903 0.0425 0.1731160896130346
0 0.730625 0.3472505091649694 0.04875 0.1934826883910387
0 0.69875 0.3431771894093686 0.055 0.22199592668024437
2 0.56875 0.2505091649694501 0.0275 0.052953156822810585
2 0.28750000000000003 0.2270875763747454 0.0375 0.06720977596741344
2 0.36625 0.20672097759674132 0.0375 0.07535641547861506
2 0.444375 0.21995926680244396 0.043750000000000004 0.08961303462321792
