0 0.04 0.4501187648456057 0.07200000000000001 0.2161520190023753
0 0.068 0.4489311163895487 0.092 0.27078384798099764
0 0.125 0.498812351543943 0.134 0.38954869358669836
0 0.241 0.4287410926365796 0.05 0.1496437054631829
0 0.268 0.4299287410926366 0.056 0.17102137767220904
0 0.372 0.5308788598574822 0.184 0.5344418052256532
0 0.579 0.5665083135391924 0.27 0.7909738717339668
0 0.47400000000000003 0.43824228028503565 0.096 0.2826603325415677
0 0.658 0.4429928741092637 0.112 0.33016627078384797
0 0.759 0.42161520190023755 0.078 0.2304038004750594
0 0.86 0.43705463182897863 0.136 0.3990498812351544
0 0.927 0.4180522565320665 0.09 0.2660332541567696
2 0.4 0.34085510688836107 0.02 0.026128266033254157
