0 0.27890625 0.6125 0.045312500000000006 0.2
0 0.3875 0.6034722222222223 0.046875 0.20694444444444446
0 0.41523437500000004 0.5826388888888889 0.03515625 0.15694444444444444
0 0.49140625000000004 0.5784722222222223 0.03125 0.1375
0 0.505859375 0.5861111111111111 0.03515625 0.15555555555555556
0 0.523828125 0.5784722222222223 0.03515625 0.15416666666666667
0 0.59375 0.56875 0.0234375 0.10694444444444445
0 0.6292968750000001 0.6340277777777779 0.030468750000000003 0.13472222222222222
0 0.6605468750000001 0.6145833333333334 0.049218750000000006 0.2125
0 0.7445312500000001 0.5805555555555556 0.040625 0.17777777777777778
0 0.7894531250000001 0.56875 0.02890625 0.12638888888888888
0 0.8226562500000001 0.59375 0.0390625 0.17083333333333334
0 0.30234375 0.5729166666666667 0.021875000000000002 0.09583333333333334
0 0.087890625 0.5805555555555556 0.02734375 0.12222222222222223
0 0.0140625 0.5770833333333334 0.028125 0.13194444444444445
0 0.9851562500000001 0.6138888888888889 0.028125 0.17777777777777778
0 0.96875 0.5625 0.0234375 0.10277777777777779
0 0.92578125 0.5625 0.0171875 0.075
0 0.931640625 0.5888888888888889 0.01640625 0.07222222222222223
2 0.87890625 0.5701388888888889 0.0171875 0.03194444444444445
2 0.8796875000000001 0.6090277777777778 0.028125 0.043055555555555555
2 0.8988281250000001 0.5965277777777778 0.030468750000000003 0.051388888888888894
2 0.774609375 0.5902777777777778 0.02109375 0.06666666666666667
2 0.718359375 0.6006944444444444 0.022656250000000003 0.04583333333333334
2 0.12109375 0.5833333333333334 0.018750000000000003 0.058333333333333334
2 0.13789062500000002 0.576388888888889 0.02421875 0.058333333333333334
2 0.212890625 0.5798611111111112 0.014843750000000001 0.05694444444444444
2 0.23007812500000002 0.5847222222222223 0.01640625 0.05277777777777778
2 0.25039062500000003 0.5840277777777778 0.01953125 0.0625
2 0.44921875 0.5805555555555556 0.0203125 0.08055555555555556
2 0.476171875 0.58125 0.02109375 0.0763888888888889
