0 0.28405797101449276 0.2838427947598253 0.026086956521739132 0.09606986899563319
0 0.2572463768115942 0.2805676855895196 0.021739130434782608 0.08515283842794759
0 0.32463768115942027 0.2893013100436681 0.03188405797101449 0.12008733624454147
0 0.2992753623188406 0.2816593886462882 0.02463768115942029 0.09170305676855894
0 0.377536231884058 0.2893013100436681 0.03333333333333333 0.12882096069868995
0 0.39565217391304347 0.3045851528384279 0.02318840579710145 0.08515283842794759
0 0.46304347826086956 0.2805676855895196 0.021739130434782608 0.08078602620087336
0 0.44710144927536233 0.2805676855895196 0.01884057971014493 0.06768558951965065
0 0.4318840579710145 0.26965065502183405 0.02318840579710145 0.08515283842794759
0 0.40942028985507245 0.26965065502183405 0.01884057971014493 0.06768558951965065
0 0.1398550724637681 0.28275109170305673 0.02463768115942029 0.08951965065502183
0 0.12753623188405797 0.2805676855895196 0.02318840579710145 0.08515283842794759
0 0.22681159420289856 0.2838427947598253 0.021739130434782608 0.08733624454148471
0 0.2311594202898551 0.3002183406113537 0.015942028985507246 0.06331877729257641
0 0.20942028985507247 0.2980349344978166 0.015942028985507246 0.05895196506550218
0 0.2144927536231884 0.28275109170305673 0.020289855072463767 0.08078602620087336
0 0.6731884057971015 0.28493449781659386 0.01884057971014493 0.07641921397379912
0 0.6079710144927536 0.26419213973799127 0.021739130434782608 0.08733624454148471
0 0.5449275362318841 0.259825327510917 0.02318840579710145 0.09170305676855894
0 0.5065217391304347 0.2631004366812227 0.021739130434782608 0.08515283842794759
0 0.6231884057971014 0.26419213973799127 0.02318840579710145 0.08733624454148471
0 0.6427536231884058 0.2663755458515284 0.015942028985507246 0.05676855895196506
0 0.6579710144927536 0.25327510917030566 0.020289855072463767 0.074235807860262
0 0.7217391304347827 0.2762008733624454 0.020289855072463767 0.07641921397379912
0 0.7355072463768116 0.25873362445414844 0.02753623188405797 0.10262008733624453
0 0.9717391304347827 0.24563318777292575 0.021739130434782608 0.08078602620087336
0 0.4666666666666667 0.5644104803493449 0.1246376811594203 0.46069868995633184
0 0.6434782608695653 0.5644104803493449 0.1246376811594203 0.4650655021834061
4 0.8391304347826087 0.2412663755458515 0.1565217391304348 0.01965065502183406
