0 0.0975 0.5625 0.195 0.72
0 0.22416666666666668 0.5925 0.165 0.605
0 0.2783333333333334 0.50125 0.14333333333333334 0.5225
0 0.045000000000000005 0.5375 0.09000000000000001 0.525
0 0.3241666666666667 0.43875000000000003 0.12166666666666667 0.4475
0 0.41750000000000004 0.55 0.1716666666666667 0.63
0 0.5083333333333334 0.5337500000000001 0.16 0.5925
0 0.5791666666666667 0.5650000000000001 0.18166666666666667 0.67
0 0.6666666666666667 0.5025000000000001 0.12333333333333334 0.455
0 0.7508333333333334 0.48125 0.11833333333333335 0.4325
0 0.8058333333333334 0.4975 0.13166666666666668 0.49
0 0.7150000000000001 0.4625 0.11 0.4
0 0.8566666666666667 0.51375 0.15666666666666668 0.5725
0 0.9283333333333333 0.56875 0.14 0.7275
2 0.6308333333333334 0.3075 0.04166666666666667 0.08
2 0.45333333333333337 0.29125 0.030000000000000002 0.0925
2 0.6441666666666667 0.24 0.025 0.04
