0 0.06376811594202898 0.5217864923747277 0.08695652173913043 0.3246187363834423
0 0.1782608695652174 0.48692810457516345 0.06376811594202898 0.24183006535947715
0 0.15144927536231884 0.4684095860566449 0.0536231884057971 0.19607843137254904
0 0.2898550724637681 0.5228758169934641 0.0927536231884058 0.3442265795206972
0 0.2673913043478261 0.47494553376906323 0.0536231884057971 0.20043572984749458
0 0.3536231884057971 0.5 0.06376811594202898 0.23311546840958608
0 0.39492753623188404 0.47494553376906323 0.04782608695652174 0.1786492374727669
0 0.5434782608695652 0.5272331154684097 0.09565217391304348 0.3485838779956427
0 0.7036231884057971 0.47821350762527237 0.050724637681159424 0.1851851851851852
0 0.7492753623188406 0.5054466230936819 0.06376811594202898 0.23965141612200438
0 0.8797101449275363 0.47494553376906323 0.052173913043478265 0.1917211328976035
0 0.03695652173913044 0.4389978213507626 0.02753623188405797 0.10675381263616558
0 0.021739130434782608 0.4433551198257081 0.026086956521739132 0.09803921568627452
0 0.21594202898550724 0.4379084967320262 0.026086956521739132 0.09586056644880175
0 0.23550724637681159 0.43355119825708066 0.02753623188405797 0.10021786492374729
0 0.4434782608695652 0.42701525054466233 0.020289855072463767 0.08278867102396514
0 0.46159420289855074 0.4291938997821351 0.021739130434782608 0.07843137254901962
0 0.6420289855072464 0.4302832244008715 0.02318840579710145 0.08496732026143791
0 0.6253623188405797 0.4281045751633987 0.021739130434782608 0.08061002178649239
0 0.9094202898550725 0.4237472766884532 0.015942028985507246 0.05882352941176471
0 0.9898550724637681 0.43246187363834426 0.017391304347826087 0.07189542483660132
0 0.9804347826086957 0.42701525054466233 0.021739130434782608 0.07843137254901962
0 0.9478260869565217 0.4379084967320262 0.02318840579710145 0.08714596949891068
0 0.9333333333333333 0.43355119825708066 0.020289855072463767 0.07843137254901962
0 0.6681159420289855 0.4379084967320262 0.020289855072463767 0.08278867102396514
0 0.49130434782608695 0.4302832244008715 0.020289855072463767 0.07625272331154685
0 0.5079710144927536 0.43137254901960786 0.021739130434782608 0.08714596949891068
