0 0.15 0.5191740412979351 0.17200000000000001 0.6253687315634218
0 0.353 0.3997050147492625 0.11 0.39823008849557523
0 0.394 0.3775811209439528 0.1 0.359882005899705
0 0.459 0.5309734513274336 0.194 0.7079646017699115
0 0.634 0.43215339233038347 0.17200000000000001 0.6283185840707964
0 0.727 0.3112094395280236 0.07 0.25663716814159293
0 0.8250000000000001 0.41150442477876104 0.126 0.45132743362831856
0 0.937 0.46607669616519176 0.122 0.584070796460177
0 0.918 0.45132743362831856 0.136 0.4896755162241888
0 0.894 0.32890855457227136 0.10400000000000001 0.3746312684365782
2 0.515 0.2168141592920354 0.05 0.09734513274336283
2 0.23800000000000002 0.22123893805309736 0.032 0.07669616519174041
2 0.277 0.22566371681415928 0.038 0.05014749262536873
2 0.297 0.1976401179941003 0.018000000000000002 0.06489675516224189
2 0.016 0.2374631268436578 0.028 0.07964601769911504
2 0.065 0.24926253687315633 0.046 0.0855457227138643
2 0.84 0.1607669616519174 0.036000000000000004 0.061946902654867256
2 0.659 0.18584070796460178 0.026000000000000002 0.06489675516224189
