0 0.03949730700179534 0.7426273458445041 0.07899461400359067 0.29490616621983917
0 0.0933572710951526 0.7372654155495979 0.0718132854578097 0.26273458445040215
0 0.1265709156193896 0.7386058981233244 0.06642728904847398 0.24932975871313673
0 0.23877917414721725 0.7426273458445041 0.08976660682226212 0.3324396782841823
0 0.2800718132854578 0.7345844504021448 0.0718132854578097 0.26273458445040215
0 0.42998204667863554 0.7345844504021448 0.10233393177737882 0.37533512064343166
0 0.618491921005386 0.7372654155495979 0.09515260323159785 0.3485254691689008
0 0.6229802513464991 0.7319034852546917 0.08617594254937164 0.3163538873994638
0 0.7782764811490126 0.7265415549597856 0.06642728904847398 0.24664879356568364
0 0.8016157989228008 0.7332439678284183 0.07360861759425494 0.2761394101876676
0 0.8177737881508079 0.7412868632707775 0.08078994614003591 0.2922252010723861
0 0.8330341113105925 0.7305630026809652 0.0933572710951526 0.34048257372654156
0 0.9703770197486535 0.7305630026809652 0.05565529622980252 0.24932975871313673
3 0.35727109515260325 0.4571045576407507 0.08258527827648116 0.21715817694369974
3 0.42998204667863554 0.4772117962466488 0.06642728904847398 0.21447721179624665
3 0.4856373429084381 0.44638069705093836 0.05206463195691203 0.2225201072386059
3 0.5359066427289049 0.43029490616621985 0.04847396768402155 0.26005361930294907
3 0.6122082585278277 0.45844504021447724 0.06463195691202872 0.2037533512064343
