0 0.20833333333333334 0.7494432071269488 0.060000000000000005 0.19376391982182628
0 0.24916666666666668 0.7505567928730512 0.055 0.17817371937639198
0 0.26916666666666667 0.7806236080178174 0.07166666666666667 0.23830734966592426
0 0.32583333333333336 0.7761692650334076 0.07500000000000001 0.24276169265033407
0 0.375 0.7839643652561247 0.07 0.23608017817371937
0 0.4133333333333334 0.7795100222717148 0.07 0.23162583518930957
0 0.455 0.8051224944320713 0.05666666666666667 0.18930957683741648
0 0.49250000000000005 0.7783964365256124 0.058333333333333334 0.19821826280623608
0 0.5466666666666667 0.7917594654788418 0.06666666666666667 0.21603563474387527
0 0.5883333333333334 0.7817371937639198 0.060000000000000005 0.20044543429844097
0 0.6216666666666667 0.7628062360801782 0.05666666666666667 0.18930957683741648
0 0.6516666666666667 0.7605790645879732 0.05333333333333334 0.17594654788418707
0 0.5841666666666667 0.3028953229398664 0.04166666666666667 0.13363028953229397
0 0.6175 0.30512249443207123 0.04833333333333334 0.155902004454343
0 0.6466666666666667 0.2806236080178174 0.023333333333333334 0.08463251670378619
0 0.6658333333333334 0.2728285077951002 0.028333333333333335 0.09576837416481068
0 0.685 0.2639198218262806 0.02666666666666667 0.09131403118040089
0 0.6975 0.25167037861915365 0.015000000000000001 0.04899777282850779
0 0.7291666666666667 0.2461024498886414 0.021666666666666667 0.07349665924276169
0 0.7633333333333334 0.3374164810690423 0.04666666666666667 0.15367483296213807
0 0.8041666666666667 0.3396436525612472 0.065 0.21603563474387527
0 0.8341666666666667 0.2717149220489978 0.035 0.12026726057906459
0 0.8750000000000001 0.321826280623608 0.060000000000000005 0.19376391982182628
0 0.9033333333333334 0.34521158129175944 0.06333333333333334 0.21380846325167036
0 0.9583333333333334 0.28507795100222716 0.043333333333333335 0.14253897550111358
0 0.2325 0.41870824053452116 0.04833333333333334 0.155902004454343
0 0.18333333333333335 0.4220489977728285 0.05 0.16703786191536749
0 0.0425 0.4042316258351893 0.045000000000000005 0.14922048997772827
0 0.09000000000000001 0.4053452115812917 0.04 0.13363028953229397
0 0.1375 0.3552338530066815 0.025 0.08240534521158129
0 0.15833333333333335 0.344097995545657 0.030000000000000002 0.10467706013363029
0 0.28750000000000003 0.3240534521158129 0.018333333333333333 0.06458797327394208
0 0.3416666666666667 0.33853006681514475 0.02666666666666667 0.08908685968819599
0 0.37833333333333335 0.3507795100222717 0.023333333333333334 0.0779510022271715
0 0.4 0.3351893095768374 0.013333333333333334 0.04677060133630289
0 0.4266666666666667 0.34743875278396436 0.02 0.07126948775055679
2 0.315 0.36080178173719374 0.02 0.06681514476614699
