0 0.06236080178173719 0.6566666666666667 0.10690423162583518 0.39333333333333337
0 0.0779510022271715 0.6000000000000001 0.07126948775055679 0.26666666666666666
0 0.12249443207126948 0.5183333333333333 0.04008908685968819 0.15000000000000002
0 0.16258351893095768 0.5733333333333334 0.05345211581291759 0.2
0 0.18819599109131402 0.5800000000000001 0.05567928730512249 0.2066666666666667
0 0.22828507795100222 0.6983333333333334 0.10467706013363029 0.39
0 0.33184855233853006 0.6900000000000001 0.09799554565701558 0.36000000000000004
0 0.3685968819599109 0.525 0.04677060133630289 0.17
0 0.40868596881959907 0.4966666666666667 0.028953229398663696 0.11333333333333334
0 0.3897550111358574 0.47500000000000003 0.026726057906458794 0.10333333333333335
0 0.4621380846325167 0.5366666666666667 0.0378619153674833 0.14
0 0.48552338530066813 0.5616666666666666 0.05790645879732739 0.22333333333333336
0 0.5044543429844098 0.5116666666666667 0.03340757238307349 0.12333333333333334
0 0.544543429844098 0.6583333333333333 0.07349665924276169 0.27666666666666667
0 0.6102449888641425 0.7383333333333334 0.08463251670378619 0.3166666666666667
0 0.6614699331848553 0.7050000000000001 0.09354120267260578 0.3433333333333334
0 0.7126948775055679 0.5833333333333334 0.04899777282850779 0.18666666666666668
0 0.765033407572383 0.5850000000000001 0.04677060133630289 0.18333333333333335
0 0.7438752783964365 0.5466666666666667 0.035634743875278395 0.14
0 0.8307349665924276 0.7300000000000001 0.10244988864142539 0.3866666666666667
0 0.9454342984409799 0.6716666666666667 0.0779510022271715 0.2833333333333333
0 0.8051224944320713 0.5233333333333333 0.03340757238307349 0.12666666666666668
0 0.7572383073496659 0.8366666666666667 0.0757238307349666 0.2866666666666667
0 0.024498886414253896 0.66 0.04899777282850779 0.30000000000000004
0 0.26280623608017817 0.4916666666666667 0.026726057906458794 0.10333333333333335
0 0.6915367483296213 0.5216666666666667 0.0378619153674833 0.1366666666666667
0 0.6169265033407572 0.5166666666666667 0.026726057906458794 0.10666666666666667
0 0.6358574610244988 0.5233333333333333 0.03340757238307349 0.12666666666666668
0 0.5657015590200445 0.5083333333333334 0.026726057906458794 0.11
0 0.512249443207127 0.5816666666666667 0.04899777282850779 0.17666666666666667
0 0.5400890868596881 0.4633333333333334 0.020044543429844096 0.08
0 0.44988864142538976 0.48000000000000004 0.022271714922048998 0.09333333333333334
0 0.10467706013363029 0.4766666666666667 0.022271714922048998 0.08666666666666667
0 0.27839643652561247 0.46166666666666667 0.017817371937639197 0.07666666666666667
4 0.1514476614699332 0.43000000000000005 0.27616926503340755 0.08666666666666667
4 0.43986636971046766 0.41500000000000004 0.30066815144766146 0.07
4 0.765033407572383 0.43333333333333335 0.34966592427616927 0.1
