0 0.06597222222222222 0.5828598484848485 0.07638888888888888 0.2793560606060606
0 0.01936026936026936 0.5981691919191919 0.03872053872053872 0.27146464646464646
0 0.12984006734006734 0.5825441919191919 0.06523569023569023 0.23895202020202022
0 0.19581228956228955 0.5842803030303031 0.05955387205387205 0.21906565656565657
0 0.2820917508417508 0.5850694444444445 0.16056397306397305 0.5880681818181819
0 0.41287878787878785 0.5613952020202021 0.07575757575757576 0.2774621212121212
0 0.5189393939393939 0.555239898989899 0.13425925925925924 0.49179292929292934
0 0.6983375420875421 0.5520833333333334 0.06081649831649832 0.22285353535353536
0 0.755787037037037 0.5459280303030304 0.06039562289562289 0.22127525252525254
0 0.7733585858585859 0.4955808080808081 0.05597643097643097 0.20454545454545456
0 0.6986531986531986 0.49700126262626265 0.05892255892255892 0.21559343434343436
0 0.92003367003367 0.513888888888889 0.0808080808080808 0.29545454545454547
0 0.9617003367003366 0.5233585858585859 0.05808080808080808 0.21275252525252528
2 0.8740530303030303 0.5620265151515152 0.04313973063973064 0.12279040404040405
2 0.98253367003367 0.5718118686868687 0.03156565656565657 0.07733585858585859
