0 0.8661458333333333 0.6273148148148149 0.075 0.325
0 0.5614583333333333 0.5615740740740741 0.042708333333333334 0.18611111111111112
0 0.4861979166666667 0.55 0.033854166666666664 0.15
0 0.5942708333333333 0.5333333333333333 0.025 0.11111111111111112
0 0.6138020833333333 0.5537037037037037 0.030729166666666665 0.13333333333333333
0 0.70078125 0.5643518518518519 0.034895833333333334 0.15092592592592594
0 0.7638020833333333 0.5611111111111111 0.0296875 0.12962962962962962
0 0.7854166666666667 0.5583333333333333 0.03333333333333333 0.14444444444444446
0 0.796875 0.5666666666666667 0.029166666666666667 0.12962962962962962
0 0.8182291666666667 0.562962962962963 0.03229166666666666 0.14074074074074075
0 0.83671875 0.5689814814814815 0.0328125 0.14166666666666666
0 0.9059895833333333 0.5805555555555556 0.0328125 0.1425925925925926
0 0.7161458333333334 0.5532407407407408 0.025 0.11018518518518519
0 0.6526041666666667 0.6546296296296297 0.09166666666666666 0.39814814814814814
0 0.38385416666666666 0.5337962962962963 0.03229166666666666 0.14166666666666666
0 0.41875 0.5638888888888889 0.053125 0.23148148148148148
0 0.21015625 0.5527777777777778 0.08177083333333333 0.35370370370370374
0 0.32369791666666664 0.5305555555555556 0.0234375 0.10185185185185186
0 0.3364583333333333 0.5092592592592593 0.009375 0.04259259259259259
0 0.3645833333333333 0.5337962962962963 0.022916666666666665 0.09907407407407408
0 0.4544270833333333 0.5407407407407407 0.024479166666666666 0.10555555555555556
0 0.17994791666666665 0.5597222222222222 0.050520833333333334 0.2212962962962963
0 0.5286458333333334 0.5412037037037037 0.022916666666666665 0.09907407407407408
0 0.06692708333333333 0.6125 0.09739583333333333 0.425
0 0.03828125 0.6300925925925926 0.0765625 0.47685185185185186
0 0.109375 0.611574074074074 0.06458333333333333 0.28240740740740744
0 0.13177083333333334 0.5800925925925926 0.053125 0.23240740740740742
0 0.9588541666666667 0.6 0.036458333333333336 0.1574074074074074
0 0.92421875 0.5796296296296296 0.033854166666666664 0.14814814814814814
0 0.94609375 0.5847222222222223 0.0328125 0.14351851851851852
0 0.8903645833333333 0.575462962962963 0.03177083333333333 0.13796296296296298
0 0.7513020833333334 0.5587962962962963 0.0265625 0.11574074074074074
0 0.7375 0.5532407407407408 0.027083333333333334 0.11944444444444445
0 0.7252604166666666 0.5513888888888889 0.0265625 0.1175925925925926
0 0.503125 0.5305555555555556 0.017708333333333333 0.07592592592592592
2 0.234375 0.5615740740740741 0.016666666666666666 0.05462962962962963
2 0.234375 0.5027777777777778 0.010416666666666666 0.05555555555555556
2 0.24713541666666666 0.5018518518518519 0.013020833333333334 0.044444444444444446
2 0.26067708333333334 0.5666666666666667 0.019270833333333334 0.04814814814814815
2 0.26171875 0.4986111111111111 0.0109375 0.04166666666666667
2 0.2856770833333333 0.5083333333333333 0.018229166666666668 0.04814814814814815
2 0.27838541666666666 0.5537037037037037 0.01614583333333333 0.05
2 0.2953125 0.5643518518518519 0.017708333333333333 0.04537037037037037
2 0.31145833333333334 0.563425925925926 0.010416666666666666 0.05462962962962963
2 0.32916666666666666 0.5625 0.01875 0.05277777777777778
2 0.35052083333333334 0.5615740740740741 0.015625 0.049074074074074076
2 0.39609375 0.5675925925925926 0.013020833333333334 0.053703703703703705
2 0.40234375 0.4990740740740741 0.005729166666666666 0.053703703703703705
2 0.4354166666666667 0.5037037037037038 0.0125 0.053703703703703705
2 0.44921875 0.5685185185185185 0.018229166666666668 0.04259259259259259
2 0.46067708333333335 0.5597222222222222 0.0109375 0.04351851851851852
2 0.47239583333333335 0.5606481481481481 0.011458333333333333 0.03981481481481482
2 0.5138020833333333 0.5666666666666667 0.015104166666666667 0.04814814814814815
2 0.5450520833333333 0.5699074074074074 0.013020833333333334 0.04722222222222222
2 0.5802083333333333 0.5625 0.01875 0.04537037037037037
2 0.628125 0.5027777777777778 0.013541666666666667 0.03518518518518519
2 0.6684895833333333 0.5083333333333333 0.01614583333333333 0.03518518518518519
2 0.68359375 0.5069444444444444 0.008854166666666666 0.04722222222222222
2 0.9372395833333333 0.5171296296296296 0.013020833333333334 0.03796296296296296
2 0.07369791666666667 0.8375 0.14427083333333332 0.3138888888888889
2 0.4752604166666667 0.5046296296296297 0.018229166666666668 0.05185185185185186
2 0.9895833333333334 0.5212962962962964 0.015625 0.0462962962962963
4 0.16536458333333334 0.8171296296296297 0.13802083333333334 0.3509259259259259
4 0.14088541666666665 0.4652777777777778 0.1109375 0.08240740740740742
