0 0.23309608540925267 0.7217847769028871 0.13167259786476868 0.4776902887139107
0 0.2722419928825623 0.6509186351706037 0.09608540925266904 0.3517060367454068
0 0.4653024911032028 0.6692913385826772 0.10854092526690391 0.3884514435695538
0 0.6218861209964412 0.6377952755905512 0.09786476868327401 0.3517060367454068
0 0.7402135231316725 0.6089238845144357 0.07829181494661921 0.2887139107611548
0 0.8523131672597865 0.5958005249343832 0.07473309608540925 0.27296587926509186
0 0.9154804270462633 0.568241469816273 0.06227758007117437 0.22834645669291337
0 0.9537366548042704 0.5616797900262467 0.05693950177935943 0.2047244094488189
0 0.7072953736654803 0.568241469816273 0.06227758007117437 0.2230971128608924
0 0.5258007117437722 0.6089238845144357 0.07651245551601422 0.28346456692913385
0 0.36298932384341637 0.6010498687664042 0.06761565836298931 0.25196850393700787
0 0.10142348754448398 0.6377952755905512 0.08185053380782918 0.29396325459317585
0 0.04359430604982206 0.6758530183727034 0.08718861209964412 0.4015748031496063
0 0.15124555160142347 0.5708661417322834 0.05338078291814946 0.2020997375328084
0 0.1966192170818505 0.589238845144357 0.0693950177935943 0.24934383202099736
0 0.556049822064057 0.5695538057742782 0.055160142348754444 0.2047244094488189
0 0.5862989323843416 0.5984251968503937 0.06583629893238434 0.24671916010498687
4 0.22330960854092524 0.49081364829396323 0.42170818505338076 0.09448818897637795
4 0.8505338078291814 0.4645669291338583 0.27402135231316727 0.08923884514435695
