0 0.11363636363636363 0.843042071197411 0.06 0.2621359223300971
0 0.04454545454545455 0.8284789644012945 0.05272727272727273 0.22653721682847897
0 0.20727272727272728 0.8058252427184467 0.03636363636363636 0.16181229773462785
0 0.1809090909090909 0.813915857605178 0.02 0.09385113268608415
0 0.15818181818181817 0.8090614886731392 0.025454545454545455 0.11003236245954694
0 0.3890909090909091 0.8058252427184467 0.07636363636363637 0.3300970873786408
0 0.49 0.7864077669902912 0.02727272727272727 0.12297734627831716
0 0.52 0.7799352750809062 0.02909090909090909 0.12944983818770228
0 0.65 0.7928802588996764 0.05272727272727273 0.2394822006472492
0 0.7263636363636363 0.8090614886731392 0.07818181818181819 0.3365695792880259
0 0.7645454545454545 0.825242718446602 0.06363636363636363 0.2783171521035599
0 0.8263636363636364 0.7912621359223302 0.06 0.26860841423948223
0 0.9736363636363636 0.7880258899676376 0.04909090909090909 0.23624595469255666
0 0.28909090909090907 0.7993527508090615 0.025454545454545455 0.11650485436893204
0 0.30818181818181817 0.8025889967637541 0.023636363636363636 0.10355987055016182
0 0.3381818181818182 0.7944983818770227 0.01818181818181818 0.08090614886731393
3 0.23363636363636364 0.2669902912621359 0.12545454545454546 0.36569579288025894
3 0.4172727272727273 0.3980582524271845 0.05272727272727273 0.26537216828478966
