0 0.1849442379182156 0.6871508379888268 0.15055762081784385 0.553072625698324
0 0.24721189591078066 0.6564245810055866 0.11152416356877323 0.4134078212290503
0 0.31691449814126393 0.6536312849162011 0.10223048327137546 0.3743016759776536
0 0.37639405204460963 0.6452513966480448 0.09851301115241635 0.3687150837988827
0 0.44609665427509293 0.6256983240223464 0.0966542750929368 0.36312849162011174
0 0.6914498141263941 0.6187150837988827 0.10408921933085502 0.388268156424581
0 0.7713754646840149 0.6131284916201117 0.1003717472118959 0.3715083798882682
0 0.8420074349442379 0.6019553072625698 0.10408921933085502 0.38268156424581007
0 0.904275092936803 0.6033519553072626 0.09851301115241635 0.36312849162011174
0 0.020446096654275093 0.5810055865921788 0.040892193308550186 0.1787709497206704
2 0.06691449814126393 0.6452513966480448 0.02973977695167286 0.1340782122905028
2 0.10501858736059479 0.6368715083798883 0.04275092936802974 0.1229050279329609
