0 0.03851640513552069 0.6305882352941176 0.07703281027104138 0.5035294117647059
0 0.05135520684736092 0.6658823529411764 0.10271041369472184 0.4141176470588235
0 0.11126961483594865 0.6741176470588235 0.09700427960057062 0.39764705882352935
0 0.20898716119828817 0.6576470588235294 0.10128388017118403 0.4117647058823529
0 0.24037089871611983 0.6776470588235294 0.0898716119828816 0.36235294117647054
0 0.28245363766048504 0.6870588235294117 0.0884450784593438 0.36235294117647054
0 0.3252496433666191 0.6917647058823528 0.0912981455064194 0.3717647058823529
0 0.37589158345221113 0.7094117647058823 0.08416547788873038 0.34117647058823525
0 0.4044222539229672 0.708235294117647 0.08131241084165478 0.32941176470588235
0 0.4400855920114123 0.6976470588235294 0.08701854493580599 0.3505882352941176
0 0.4814550641940086 0.7047058823529411 0.08131241084165478 0.3317647058823529
0 0.5099857346647646 0.7164705882352941 0.07845934379457918 0.32235294117647056
0 0.5306704707560628 0.7176470588235293 0.08559201141226819 0.3529411764705882
0 0.5627674750356634 0.7576470588235293 0.07275320970042796 0.30117647058823527
0 0.579172610556348 0.7517647058823529 0.07417974322396577 0.29882352941176465
0 0.6191155492154066 0.7505882352941176 0.07703281027104138 0.3105882352941176
0 0.645506419400856 0.7599999999999999 0.07275320970042796 0.2917647058823529
0 0.6854493580599145 0.7494117647058823 0.07275320970042796 0.2941176470588235
0 0.7011412268188303 0.7435294117647058 0.06990014265335236 0.2823529411764706
0 0.7139800285306704 0.7411764705882352 0.06704707560627675 0.2729411764705882
0 0.7353780313837376 0.7494117647058823 0.06990014265335236 0.27999999999999997
0 0.7703281027104137 0.7458823529411764 0.06562054208273894 0.268235294117647
0 0.7895863052781741 0.7494117647058823 0.06419400855920114 0.2611764705882353
0 0.8095577746077033 0.7494117647058823 0.06134094151212554 0.25176470588235295
0 0.833808844507846 0.7576470588235293 0.05848787446504993 0.24
0 0.8587731811697575 0.7341176470588234 0.06276747503566334 0.2541176470588235
0 0.890870185449358 0.7258823529411764 0.06704707560627675 0.27058823529411763
0 0.9072753209700428 0.7305882352941175 0.05706134094151213 0.23764705882352938
0 0.9400855920114123 0.7341176470588234 0.059914407988587735 0.24470588235294116
0 0.9721825962910129 0.7423529411764705 0.052781740370898715 0.24235294117647058
0 0.9771754636233951 0.7247058823529411 0.042796005706134094 0.2729411764705882
2 0.07275320970042796 0.5352941176470588 0.039942938659058486 0.08705882352941176
2 0.15192582025677603 0.536470588235294 0.03566333808844508 0.10352941176470587
2 0.2631954350927247 0.5411764705882353 0.029957203994293868 0.08941176470588234
2 0.35306704707560627 0.5588235294117646 0.029957203994293868 0.08235294117647059
2 0.4593437945791726 0.5729411764705882 0.028530670470756064 0.07294117647058823
2 0.5442225392296719 0.5741176470588235 0.021398002853067047 0.06117647058823529
2 0.6640513552068473 0.5941176470588235 0.015691868758915834 0.04941176470588235
2 0.7346647646219686 0.5870588235294117 0.034236804564907276 0.039999999999999994
2 0.7796005706134095 0.5976470588235293 0.02710413694721826 0.051764705882352935
2 0.8366619115549215 0.6070588235294118 0.02710413694721826 0.051764705882352935
2 0.9514978601997147 0.6117647058823529 0.028530670470756064 0.03764705882352941
2 0.5542082738944365 0.20352941176470588 0.5634807417974322 0.36470588235294116
