0 0.050724637681159424 0.6416122004357299 0.10144927536231885 0.673202614379085
0 0.22753623188405797 0.4891067538126362 0.043478260869565216 0.16339869281045752
0 0.2579710144927536 0.48039215686274517 0.0463768115942029 0.17647058823529413
0 0.2855072463768116 0.48039215686274517 0.03768115942028986 0.1459694989106754
0 0.41884057971014493 0.6111111111111112 0.15072463768115943 0.5511982570806101
0 0.48840579710144927 0.5969498910675382 0.13623188405797101 0.5054466230936819
0 0.913768115942029 0.6677559912854031 0.12318840579710146 0.4509803921568628
0 0.5942028985507246 0.514161220043573 0.04057971014492753 0.1525054466230937
0 0.34347826086956523 0.462962962962963 0.014492753623188406 0.05882352941176471
0 0.3333333333333333 0.4607843137254902 0.014492753623188406 0.054466230936819175
1 0.6579710144927536 0.5152505446623095 0.03188405797101449 0.11546840958605666
2 0.07318840579710145 0.39542483660130723 0.04782608695652174 0.07625272331154685
2 0.13115942028985508 0.4248366013071896 0.0536231884057971 0.11328976034858389
2 0.1782608695652174 0.4357298474945534 0.04057971014492753 0.08278867102396514
