0 0.5325 0.7190635451505016 0.13 0.43478260869565216
0 0.7025 0.6254180602006689 0.08 0.26755852842809363
0 0.8300000000000001 0.588628762541806 0.065 0.22073578595317725
0 0.92625 0.5585284280936454 0.0575 0.18729096989966554
0 0.3625 0.6137123745819398 0.09 0.29765886287625415
0 0.46125 0.5551839464882943 0.0625 0.20735785953177258
0 0.2225 0.5869565217391304 0.075 0.2508361204013378
0 0.17 0.5568561872909699 0.065 0.21739130434782608
0 0.1225 0.5267558528428093 0.065 0.21070234113712374
0 0.055 0.5066889632107023 0.055 0.18394648829431437
0 0.0275 0.49665551839464883 0.05 0.16387959866220736
0 0.31125 0.4882943143812709 0.0375 0.13377926421404682
0 0.28250000000000003 0.5150501672240803 0.05 0.1605351170568562
0 0.7975 0.5301003344481605 0.055 0.1906354515050167
0 0.95375 0.47157190635451507 0.0275 0.09364548494983277
0 0.765 0.4531772575250836 0.025 0.0903010033444816
0 0.74625 0.47324414715719065 0.0275 0.09698996655518395
0 0.65375 0.4816053511705686 0.0375 0.12040133779264214
0 0.625 0.4882943143812709 0.03 0.10702341137123746
0 0.42 0.4882943143812709 0.045 0.15384615384615385
0 0.8275 0.4431438127090301 0.02 0.06354515050167224
0 0.865 0.479933110367893 0.03 0.10367892976588629
0 0.89375 0.5317725752508361 0.0375 0.13377926421404682
0 0.90375 0.48494983277591974 0.0325 0.11371237458193979
2 0.72375 0.4230769230769231 0.0325 0.03678929765886287
2 0.5825 0.47324414715719065 0.03 0.05016722408026756
2 0.6062500000000001 0.43645484949832775 0.0225 0.05016722408026756
2 0.4925 0.4498327759197324 0.03 0.05016722408026756
2 0.5175 0.4280936454849498 0.025 0.046822742474916385
2 0.0925 0.41471571906354515 0.025 0.026755852842809364
2 0.1125 0.411371237458194 0.025 0.033444816053511704
2 0.19625 0.4180602006688963 0.0175 0.026755852842809364
2 0.21875 0.41638795986622074 0.0225 0.03678929765886287
2 0.28125 0.41471571906354515 0.0175 0.026755852842809364
2 0.46375 0.42474916387959866 0.0175 0.026755852842809364
4 0.30625 0.40635451505016723 0.5775 0.05016722408026756
