0 0.1895341416719847 0.7750501002004008 0.07913209955328654 0.30561122244488975
0 0.24154435226547544 0.8041082164328657 0.07594128908742821 0.2915831663326653
0 0.2878111040204212 0.7745490981963927 0.05615826419910658 0.21843687374749496
0 0.2772814294830887 0.7590180360721442 0.05679642629227824 0.21743486973947895
0 0.33088704530950863 0.7505010020040079 0.05041480536056159 0.19238476953907813
0 0.41384811742182515 0.7505010020040079 0.04658583280153159 0.18036072144288576
0 0.4514996809189534 0.752004008016032 0.03637523931078494 0.1412825651302605
0 0.5108487555839184 0.7409819639278556 0.031269942565411615 0.12324649298597193
0 0.5411614550095725 0.7339679358717435 0.037013401403956606 0.1412825651302605
0 0.5934907466496491 0.7289579158316633 0.030631780472239953 0.11923847695390781
0 0.6139119336311424 0.7379759519038076 0.037013401403956606 0.14529058116232463
0 0.3580089342693044 0.7565130260521041 0.04594767070835993 0.17635270541082163
0 0.4792597319719209 0.7054108216432865 0.021697511167836633 0.08617234468937875
0 0.5252074026802809 0.7039078156312625 0.017868538608806637 0.06913827655310621
0 0.5676451818761966 0.7029058116232464 0.019783024888321635 0.07915831663326653
0 0.580089342693044 0.7014028056112224 0.017868538608806637 0.06813627254509018
0 0.6968730057434589 0.7189378757515029 0.025526483726866625 0.09919839679358716
0 0.7645181876196554 0.8371743486973947 0.07147415443522655 0.2775551102204409
0 0.8739629865985961 0.8572144288577154 0.06955966815571156 0.2695390781563126
0 0.8305679642629228 0.8351703406813626 0.07849393746011488 0.3016032064128256
0 0.7179323548181239 0.7324649298597193 0.030631780472239953 0.11823647294589178
0 0.7476068921506063 0.7164328657314629 0.02616464582003829 0.1002004008016032
2 0.10912571793235483 0.7119238476953907 0.048500319081046586 0.10921843687374748
2 0.0893426930440332 0.7710420841683366 0.14550095724313977 0.4338677354709419
2 0.3998085513720485 0.6793587174348696 0.021059349074664967 0.04008016032064128
2 0.46394384173580094 0.6858717434869739 0.01659221442246331 0.047094188376753505
2 0.44001276324186345 0.6738476953907815 0.007019783024888322 0.03907815631262525
2 0.5587109125717933 0.687875751503006 0.013401403956604978 0.041082164328657314
2 0.4910657306955967 0.6773547094188376 0.009572431397574984 0.03607214428857715
2 0.5022335673261009 0.6853707414829658 0.008934269304403318 0.03607214428857715
2 0.3876834716017869 0.8657314629258517 0.1244416081684748 0.26452905811623245
2 0.9661774090619017 0.8361723446893787 0.06381620931716657 0.32364729458917835
3 0.21218889597957882 0.2865731462925851 0.028717294192724955 0.06613226452905811
3 0.2507977026164646 0.30210420841683366 0.02807913209955329 0.08316633266533066
3 0.28462029355456286 0.29358717434869736 0.024250159540523293 0.09819639278557113
3 0.3267389917038928 0.2955911823647294 0.031908104658583285 0.1002004008016032
3 0.4097000638162093 0.5521042084168336 0.026802807913209957 0.04609218436873747
