0 0.16777777777777778 0.6277777777777778 0.15333333333333332 0.47222222222222227
0 0.2733333333333333 0.6222222222222222 0.15555555555555556 0.4777777777777778
0 0.36444444444444446 0.6277777777777778 0.14222222222222222 0.4388888888888889
0 0.45555555555555555 0.5972222222222222 0.16444444444444445 0.5055555555555555
0 0.5722222222222222 0.5861111111111111 0.15777777777777777 0.48888888888888893
0 0.6733333333333333 0.6291666666666667 0.13777777777777778 0.41944444444444445
0 0.7488888888888889 0.6111111111111112 0.13777777777777778 0.4222222222222222
0 0.8488888888888889 0.6097222222222223 0.13333333333333333 0.4138888888888889
0 0.9122222222222223 0.5722222222222223 0.09555555555555556 0.3
0 0.9577777777777777 0.576388888888889 0.08 0.3027777777777778
0 0.8011111111111111 0.5625 0.09555555555555556 0.2972222222222222
0 0.2088888888888889 0.5430555555555556 0.09333333333333334 0.28611111111111115
0 0.09888888888888889 0.5708333333333333 0.09555555555555556 0.2972222222222222
0 0.13777777777777778 0.5638888888888889 0.09333333333333334 0.29444444444444445
0 0.04888888888888889 0.5777777777777778 0.09777777777777778 0.3111111111111111
0 0.03222222222222222 0.5777777777777778 0.06444444444444444 0.32222222222222224
2 0.07555555555555556 0.4277777777777778 0.035555555555555556 0.07222222222222223
2 0.23444444444444446 0.4305555555555556 0.02 0.05
2 0.6877777777777778 0.41250000000000003 0.03777777777777778 0.04722222222222222
2 0.7733333333333333 0.45972222222222225 0.026666666666666665 0.05277777777777778
2 0.7188888888888889 0.4444444444444445 0.015555555555555555 0.05555555555555556
2 0.7033333333333334 0.4569444444444445 0.024444444444444446 0.04166666666666667
2 0.9455555555555556 0.4222222222222222 0.028888888888888888 0.06666666666666667
2 0.8844444444444445 0.4166666666666667 0.03111111111111111 0.05555555555555556
2 0.9833333333333333 0.4375 0.028888888888888888 0.06944444444444445
2 0.6533333333333333 0.4166666666666667 0.026666666666666665 0.044444444444444446
