0 0.05 0.6975 0.1 0.5700000000000001
0 0.20750000000000002 0.49 0.07500000000000001 0.275
0 0.29250000000000004 0.72 0.14500000000000002 0.53
0 0.33083333333333337 0.48125 0.07166666666666667 0.2625
0 0.6408333333333334 0.7225 0.14833333333333334 0.545
0 0.8575 0.44125000000000003 0.06833333333333334 0.2525
0 0.9058333333333334 0.38375000000000004 0.035 0.1375
0 0.7166666666666667 0.44625000000000004 0.07333333333333333 0.2675
0 0.2525 0.3775 0.03833333333333334 0.14
0 0.01916666666666667 0.3875 0.025 0.1
0 0.05333333333333334 0.3875 0.02666666666666667 0.1
2 0.07083333333333333 0.35375 0.028333333333333335 0.0525
2 0.0775 0.42625 0.028333333333333335 0.0725
2 0.2341666666666667 0.34 0.021666666666666667 0.05
2 0.28 0.3675 0.03666666666666667 0.085
2 0.39416666666666667 0.37 0.05166666666666667 0.09
2 0.5916666666666667 0.36 0.043333333333333335 0.08
2 0.645 0.33625 0.05 0.0775
2 0.465 0.41125 0.03666666666666667 0.0775
2 0.49083333333333334 0.39625 0.035 0.0725
2 0.5441666666666667 0.43125 0.07166666666666667 0.1925
