0 0.23125 0.51 0.06 0.19666666666666668
0 0.296875 0.5066666666666667 0.05375 0.18000000000000002
0 0.42562500000000003 0.5183333333333333 0.06125 0.20333333333333334
0 0.474375 0.5033333333333334 0.058750000000000004 0.19666666666666668
0 0.503125 0.4816666666666667 0.04875 0.16333333333333333
0 0.665 0.4691666666666667 0.03 0.09833333333333334
0 0.71125 0.4575 0.02 0.06833333333333334
0 0.638125 0.45833333333333337 0.01875 0.06333333333333334
0 0.6575 0.4591666666666667 0.0175 0.06166666666666667
0 0.72375 0.45583333333333337 0.02 0.06833333333333334
0 0.79 0.4608333333333334 0.0225 0.07500000000000001
0 0.735 0.4566666666666667 0.0175 0.06333333333333334
0 0.7993750000000001 0.45833333333333337 0.01875 0.060000000000000005
0 0.81375 0.455 0.0175 0.060000000000000005
0 0.828125 0.45333333333333337 0.01625 0.05666666666666667
0 0.87125 0.4608333333333334 0.0225 0.07166666666666667
0 0.919375 0.45333333333333337 0.01875 0.06666666666666667
0 0.943125 0.45333333333333337 0.02125 0.07333333333333333
0 0.985625 0.4625 0.02625 0.085
0 0.695625 0.45583333333333337 0.01625 0.058333333333333334
0 0.68625 0.455 0.0175 0.05666666666666667
0 0.675 0.4591666666666667 0.02 0.065
2 0.0425 0.48333333333333334 0.015 0.03333333333333333
2 0.100625 0.48750000000000004 0.02125 0.06166666666666667
2 0.12687500000000002 0.465 0.02125 0.02666666666666667
2 0.1625 0.5016666666666667 0.0325 0.07333333333333333
2 0.17125 0.46166666666666667 0.015 0.016666666666666666
2 0.2 0.45833333333333337 0.0125 0.023333333333333334
2 0.250625 0.43000000000000005 0.01375 0.023333333333333334
2 0.2675 0.43833333333333335 0.015 0.030000000000000002
2 0.275 0.4741666666666667 0.0125 0.03166666666666667
2 0.370625 0.44083333333333335 0.00875 0.025
2 0.385625 0.44083333333333335 0.01375 0.028333333333333335
2 0.5231250000000001 0.4516666666666667 0.01125 0.02666666666666667
2 0.548125 0.4475 0.01125 0.015000000000000001
2 0.9712500000000001 0.47000000000000003 0.0175 0.06333333333333334
4 0.758125 0.44833333333333336 0.04125 0.07
4 0.8375 0.4475 0.045 0.06833333333333334
4 0.894375 0.45 0.02875 0.06666666666666667
