0 0.08363636363636363 0.619718309859155 0.12727272727272726 0.47887323943661975
0 0.15636363636363637 0.5887323943661972 0.10909090909090909 0.4112676056338028
0 0.46454545454545454 0.7084507042253522 0.11454545454545455 0.4366197183098592
0 0.61 0.5901408450704225 0.10727272727272727 0.4084507042253521
0 0.7518181818181818 0.6380281690140845 0.12181818181818181 0.46478873239436624
0 0.3 0.4859154929577465 0.05090909090909091 0.2
0 0.24181818181818182 0.5014084507042254 0.04727272727272727 0.18591549295774648
0 0.01818181818181818 0.4971830985915493 0.03636363636363636 0.2507042253521127
0 0.5718181818181818 0.49577464788732395 0.045454545454545456 0.18028169014084508
0 0.5281818181818182 0.5253521126760564 0.03090909090909091 0.1267605633802817
0 0.5163636363636364 0.4802816901408451 0.04727272727272727 0.18309859154929578
0 0.3409090909090909 0.49295774647887325 0.045454545454545456 0.16901408450704225
0 0.7018181818181818 0.49014084507042255 0.05090909090909091 0.1915492957746479
0 0.6463636363636364 0.471830985915493 0.045454545454545456 0.17183098591549298
0 0.8 0.4971830985915493 0.04727272727272727 0.18309859154929578
2 0.8372727272727273 0.42394366197183103 0.02727272727272727 0.053521126760563385
2 0.8590909090909091 0.47042253521126765 0.02727272727272727 0.04507042253521127
2 0.8936363636363637 0.43802816901408453 0.02727272727272727 0.10985915492957747
2 0.9336363636363636 0.5056338028169014 0.05272727272727273 0.1943661971830986
2 0.980909090909091 0.6 0.034545454545454546 0.36619718309859156
2 0.37272727272727274 0.43239436619718313 0.01818181818181818 0.04788732394366198
2 0.4009090909090909 0.42957746478873243 0.034545454545454546 0.05915492957746479
2 0.46 0.4225352112676057 0.025454545454545455 0.056338028169014086
2 0.4772727272727273 0.4028169014084507 0.016363636363636365 0.05070422535211268
2 0.48727272727272725 0.4028169014084507 0.01818181818181818 0.056338028169014086
2 0.5590909090909091 0.4098591549295775 0.016363636363636365 0.036619718309859155
2 0.5954545454545455 0.4197183098591549 0.012727272727272728 0.04507042253521127
2 0.6763636363636364 0.5070422535211268 0.025454545454545455 0.05070422535211268
2 0.7636363636363637 0.3943661971830986 0.014545454545454545 0.033802816901408454
2 0.8118181818181818 0.49577464788732395 0.012727272727272728 0.03943661971830986
