0 0.19125 0.5764499121265377 0.11 0.3760984182776801
0 0.44375000000000003 0.5579964850615113 0.105 0.36379613356766255
0 0.6125 0.5114235500878734 0.0825 0.28471001757469244
0 0.700625 0.5448154657293497 0.09375 0.3268892794376098
0 0.759375 0.6221441124780316 0.16125 0.5553602811950791
0 0.913125 0.5386643233743409 0.08875 0.3040421792618629
0 0.8175 0.49209138840070293 0.0825 0.28471001757469244
0 0.54875 0.49209138840070293 0.0675 0.23550087873462214
0 0.50875 0.4780316344463972 0.065 0.22144112478031633
0 0.40375 0.5175746924428822 0.085 0.29701230228471
0 0.35000000000000003 0.500878734622144 0.07 0.24604569420035147
0 0.149375 0.5386643233743409 0.08375 0.2899824253075571
0 0.03875 0.37697715289982425 0.05 0.17398945518453426
0 0.88 0.4086115992970123 0.0425 0.14938488576449913
0 0.9400000000000001 0.4059753954305799 0.0375 0.13356766256590508
0 0.980625 0.41476274165202104 0.03625 0.1265377855887522
0 0.6425 0.1274165202108963 0.035 0.12478031634446396
0 0.34750000000000003 0.15377855887521968 0.035 0.12126537785588752
0 0.964375 0.27152899824253074 0.03125 0.10720562390158171
0 0.31 0.46309314586994726 0.0525 0.18453427065026362
0 0.2775 0.4578207381370826 0.05 0.17398945518453426
0 0.18375 0.36291739894551844 0.055 0.19507908611599295
2 0.02375 0.18804920913884005 0.025 0.0984182776801406
2 0.090625 0.1695957820738137 0.02875 0.09314586994727592
2 0.143125 0.2390158172231986 0.04125 0.10193321616871705
2 0.090625 0.2627416520210896 0.03875 0.07908611599297012
2 0.033125 0.27065026362038663 0.05375 0.06678383128295254
2 0.10250000000000001 0.35237258347978906 0.025 0.10369068541300526
2 0.07125000000000001 0.35500878734622143 0.0275 0.11247803163444639
2 0.1475 0.3409490333919156 0.035 0.09490333919156414
2 0.255625 0.3233743409490334 0.02875 0.07381370826010544
2 0.288125 0.3462214411247803 0.01625 0.0421792618629174
2 0.321875 0.35764499121265375 0.01125 0.03339191564147627
2 0.333125 0.32952548330404213 0.01375 0.03690685413005272
2 0.348125 0.30755711775043937 0.01125 0.03163444639718805
2 0.4 0.3347978910369068 0.0275 0.05799648506151142
2 0.44125000000000003 0.3277680140597539 0.0325 0.10017574692442882
2 0.434375 0.24516695957820736 0.02375 0.050966608084358524
2 0.406875 0.15905096660808435 0.03125 0.07908611599297012
2 0.431875 0.18980667838312829 0.01875 0.05975395430579965
2 0.44625000000000004 0.20210896309314585 0.0225 0.08787346221441124
2 0.47625 0.13796133567662566 0.0225 0.040421792618629174
2 0.480625 0.21353251318101932 0.02375 0.08611599297012301
2 0.51875 0.26713532513181015 0.025 0.10193321616871705
2 0.5575 0.2697715289982425 0.0275 0.07908611599297012
2 0.5856250000000001 0.26713532513181015 0.01625 0.0843585237258348
2 0.6375000000000001 0.26713532513181015 0.0325 0.08787346221441124
2 0.56625 0.35852372583479786 0.025 0.0843585237258348
2 0.599375 0.36028119507908607 0.02625 0.08787346221441124
2 0.628125 0.37258347978910367 0.01875 0.0843585237258348
2 0.66125 0.35588752196836554 0.0275 0.08963093145869946
2 0.528125 0.14762741652021089 0.01625 0.03866432337434095
2 0.519375 0.19420035149384884 0.02125 0.040421792618629174
2 0.541875 0.19420035149384884 0.02125 0.04393673110720562
2 0.5543750000000001 0.1555360281195079 0.02375 0.06502636203866433
2 0.59 0.1695957820738137 0.02 0.06502636203866433
2 0.6168750000000001 0.1695957820738137 0.02625 0.06854130052724076
2 0.6725 0.20035149384885764 0.0275 0.07029876977152899
2 0.699375 0.1977152899824253 0.01875 0.05799648506151142
2 0.72 0.19332161687170474 0.02 0.07029876977152899
2 0.7418750000000001 0.19595782073813708 0.01625 0.05799648506151142
2 0.760625 0.20123022847100175 0.01375 0.06854130052724076
2 0.77375 0.17311072056239016 0.01 0.06854130052724076
2 0.7475 0.15026362038664323 0.0175 0.02636203866432337
2 0.71875 0.14938488576449913 0.0125 0.014059753954305799
2 0.6975 0.15202108963093144 0.0125 0.022847100175746923
2 0.84125 0.18892794376098418 0.03 0.06854130052724076
2 0.881875 0.18189806678383127 0.03125 0.06151142355008787
2 0.848125 0.2601054481546573 0.03125 0.07381370826010544
2 0.69875 0.35852372583479786 0.035 0.0843585237258348
2 0.739375 0.3681898066783831 0.02625 0.08260105448154657
2 0.763125 0.3321616871704745 0.02125 0.028119507908611598
2 0.795625 0.33567662565905093 0.02125 0.03163444639718805
2 0.826875 0.3374340949033392 0.01875 0.0843585237258348
2 0.865625 0.3304042179261863 0.02625 0.06678383128295254
2 0.8925000000000001 0.3312829525483304 0.0175 0.07205623901581722
2 0.911875 0.3242530755711775 0.01625 0.05799648506151142
2 0.948125 0.3260105448154657 0.02375 0.05448154657293497
2 0.956875 0.38488576449912126 0.01625 0.05975395430579965
2 0.975 0.3260105448154657 0.02 0.06854130052724076
2 0.935625 0.2680140597539543 0.02125 0.050966608084358524
2 0.9137500000000001 0.26537785588752194 0.0175 0.0492091388400703
2 0.88125 0.2609841827768014 0.0275 0.05448154657293497
2 0.895 0.22319859402460457 0.02 0.017574692442882248
