0 0.03909090909090909 0.5921052631578947 0.07818181818181819 0.3421052631578947
0 0.07909090909090909 0.5438596491228069 0.07090909090909091 0.28654970760233917
0 0.09272727272727273 0.597953216374269 0.07272727272727272 0.283625730994152
0 0.1290909090909091 0.5818713450292398 0.08727272727272728 0.34502923976608185
0 0.18363636363636363 0.577485380116959 0.09454545454545454 0.3771929824561403
0 0.22545454545454546 0.6608187134502923 0.07272727272727272 0.29239766081871343
0 0.29545454545454547 0.5935672514619883 0.10363636363636364 0.4093567251461988
0 0.3990909090909091 0.6359649122807017 0.10363636363636364 0.4064327485380117
0 0.34454545454545454 0.5497076023391813 0.04909090909090909 0.19883040935672514
0 0.49727272727272726 0.6447368421052632 0.08181818181818182 0.32456140350877194
0 0.5590909090909091 0.631578947368421 0.10363636363636364 0.4152046783625731
0 0.6081818181818182 0.597953216374269 0.06363636363636363 0.2543859649122807
0 0.66 0.6549707602339181 0.07636363636363637 0.30409356725146197
0 0.71 0.6637426900584795 0.10727272727272727 0.42105263157894735
0 0.8209090909090909 0.6535087719298245 0.10363636363636364 0.4122807017543859
0 0.8681818181818182 0.6637426900584795 0.07818181818181819 0.3157894736842105
0 0.9 0.6695906432748537 0.09090909090909091 0.3567251461988304
0 0.9390909090909091 0.6798245614035088 0.11454545454545455 0.45906432748538006
0 0.9681818181818181 0.641812865497076 0.06 0.3771929824561403
2 0.1590909090909091 0.44298245614035087 0.03090909090909091 0.06725146198830409
2 0.2318181818181818 0.45321637426900585 0.034545454545454546 0.05847953216374269
2 0.27454545454545454 0.44883040935672514 0.04363636363636364 0.07894736842105263
2 0.4572727272727273 0.47953216374269003 0.038181818181818185 0.07602339181286549
2 0.6336363636363637 0.4634502923976608 0.04181818181818182 0.07309941520467836
2 0.7609090909090909 0.5160818713450293 0.03090909090909091 0.06725146198830409
2 0.6936363636363636 0.4956140350877193 0.038181818181818185 0.07894736842105263
2 0.8527272727272728 0.5029239766081871 0.02909090909090909 0.07602339181286549
2 0.8909090909090909 0.4853801169590643 0.01818181818181818 0.06432748538011696
