0 0.3406666666666667 0.6797619047619048 0.11599999999999999 0.5071428571428572
0 0.474 0.5904761904761905 0.09999999999999999 0.43809523809523815
0 0.26066666666666666 0.5297619047619048 0.07333333333333333 0.32142857142857145
0 0.29 0.5107142857142858 0.06533333333333333 0.2833333333333334
0 0.39466666666666667 0.4190476190476191 0.026666666666666665 0.12380952380952381
0 0.4093333333333333 0.42380952380952386 0.026666666666666665 0.1142857142857143
0 0.416 0.4035714285714286 0.029333333333333333 0.12619047619047621
0 0.572 0.44642857142857145 0.032 0.14047619047619048
0 0.6486666666666666 0.45119047619047625 0.03866666666666667 0.16904761904761906
0 0.5926666666666667 0.3940476190476191 0.022666666666666665 0.09761904761904763
0 0.046 0.7011904761904763 0.092 0.5928571428571429
0 0.17466666666666666 0.6607142857142858 0.14933333333333332 0.6547619047619048
0 0.8773333333333333 0.717857142857143 0.12 0.5261904761904762
0 0.8633333333333333 0.6785714285714286 0.14266666666666666 0.6190476190476191
0 0.24133333333333332 0.49404761904761907 0.06666666666666667 0.29761904761904767
0 0.7173333333333333 0.4357142857142858 0.021333333333333333 0.1
2 0.072 0.46666666666666673 0.06666666666666667 0.1142857142857143
2 0.09733333333333333 0.3916666666666667 0.042666666666666665 0.12619047619047621
2 0.7879999999999999 0.7214285714285715 0.06666666666666667 0.28095238095238095
2 0.3473333333333333 0.380952380952381 0.03333333333333333 0.1
4 0.484 0.36071428571428577 0.09066666666666666 0.04047619047619048
4 0.4513333333333333 0.40952380952380957 0.036 0.05238095238095239
4 0.6766666666666666 0.37619047619047624 0.06 0.0761904761904762
4 0.7353333333333333 0.37380952380952387 0.052 0.0761904761904762
4 0.8146666666666667 0.3642857142857143 0.088 0.05714285714285715
4 0.9266666666666666 0.36904761904761907 0.13333333333333333 0.08571428571428572
4 0.5906666666666667 0.36904761904761907 0.104 0.07142857142857144
