0 0.011594202898550725 0.39192139737991266 0.017391304347826087 0.06331877729257641
0 0.08985507246376812 0.49563318777292575 0.052173913043478265 0.19213973799126638
0 0.10289855072463769 0.4912663755458515 0.04927536231884058 0.17903930131004367
0 0.12246376811594203 0.47707423580786024 0.04492753623188406 0.1724890829694323
0 0.14130434782608695 0.4661572052401746 0.04492753623188406 0.16375545851528384
0 0.2427536231884058 0.5010917030567685 0.050724637681159424 0.19432314410480347
0 0.39057971014492754 0.5054585152838428 0.050724637681159424 0.185589519650655
0 0.5601449275362319 0.5109170305676856 0.050724637681159424 0.18777292576419213
0 0.7297101449275363 0.5109170305676856 0.0536231884057971 0.1965065502183406
0 0.8818840579710145 0.5131004366812226 0.04782608695652174 0.17467248908296942
0 0.8601449275362318 0.509825327510917 0.04782608695652174 0.17685589519650655
0 0.8471014492753624 0.4967248908296943 0.04782608695652174 0.17685589519650655
0 0.8217391304347826 0.48580786026200873 0.043478260869565216 0.1593886462882096
0 0.7985507246376812 0.472707423580786 0.03768115942028986 0.14628820960698688
0 0.7789855072463768 0.46943231441048033 0.0391304347826087 0.14410480349344978
0 0.768840579710145 0.46069868995633184 0.036231884057971016 0.13973799126637554
0 0.7101449275362319 0.5087336244541485 0.043478260869565216 0.1615720524017467
0 0.16376811594202897 0.4596069868995633 0.043478260869565216 0.16375545851528384
0 0.17681159420289855 0.4508733624454148 0.04057971014492753 0.15065502183406113
0 0.2644927536231884 0.4803493449781659 0.04782608695652174 0.1834061135371179
0 0.6934782608695652 0.49454148471615716 0.04492753623188406 0.1724890829694323
0 0.6492753623188405 0.4574235807860262 0.03768115942028986 0.14628820960698688
4 0.4449275362318841 0.39628820960698685 0.14492753623188406 0.05895196506550218
4 0.5818840579710145 0.4039301310043668 0.09710144927536232 0.06986899563318777
4 0.7239130434782609 0.398471615720524 0.07681159420289856 0.06331877729257641
