0 0.03201970443349754 0.7716666666666667 0.06403940886699508 0.22333333333333336
0 0.16379310344827586 0.8033333333333333 0.0665024630541872 0.22
0 0.09605911330049262 0.75 0.054187192118226604 0.18000000000000002
0 0.29064039408866993 0.8283333333333334 0.06403940886699508 0.21000000000000002
0 0.3793103448275862 0.7983333333333333 0.06403940886699508 0.21000000000000002
0 0.3226600985221675 0.7633333333333334 0.059113300492610835 0.2066666666666667
4 0.17118226600985223 0.6266666666666667 0.16009852216748768 0.15333333333333335
4 0.8928571428571429 0.6233333333333334 0.1896551724137931 0.22666666666666668
4 0.6761083743842364 0.6616666666666667 0.3669950738916256 0.18333333333333335
4 0.6157635467980296 0.7816666666666667 0.4285714285714286 0.2833333333333333
