0 0.16066666666666665 0.24818840579710144 0.028 0.09420289855072464
0 0.21 0.21195652173913043 0.05466666666666666 0.1847826086956522
0 0.2573333333333333 0.13949275362318841 0.04 0.13768115942028986
0 0.3853333333333333 0.213768115942029 0.05333333333333333 0.18115942028985507
0 0.436 0.1956521739130435 0.056 0.19202898550724637
0 0.492 0.21105072463768115 0.048 0.15760869565217392
0 0.6813333333333333 0.3451086956521739 0.050666666666666665 0.16847826086956522
0 0.716 0.3541666666666667 0.048 0.16485507246376813
0 0.7806666666666666 0.3568840579710145 0.03866666666666667 0.13405797101449277
0 0.8206666666666667 0.3242753623188406 0.06266666666666666 0.20652173913043478
0 0.9199999999999999 0.3686594202898551 0.034666666666666665 0.1213768115942029
0 0.9646666666666667 0.3342391304347826 0.06 0.19746376811594202
0 0.9099999999999999 0.31521739130434784 0.06533333333333333 0.2210144927536232
0 0.7633333333333333 0.3115942028985507 0.06799999999999999 0.2282608695652174
2 0.7899999999999999 0.2246376811594203 0.04133333333333333 0.07246376811594203
2 0.752 0.3713768115942029 0.048 0.11956521739130435
2 0.752 0.3858695652173913 0.032 0.057971014492753624
2 0.8293333333333333 0.22010869565217392 0.04533333333333333 0.07427536231884058
2 0.35133333333333333 0.15307971014492755 0.04133333333333333 0.09601449275362318
3 0.6873333333333334 0.5778985507246377 0.030666666666666665 0.15217391304347827
3 0.724 0.6005434782608696 0.03733333333333333 0.18297101449275363
3 0.9199999999999999 0.654891304347826 0.05333333333333333 0.29528985507246375
3 0.97 0.625 0.04933333333333333 0.2210144927536232
3 0.8606666666666667 0.6757246376811594 0.04133333333333333 0.17391304347826086
3 0.7913333333333333 0.6141304347826088 0.04933333333333333 0.213768115942029
3 0.7593333333333333 0.5932971014492754 0.052 0.1431159420289855
3 0.4953333333333333 0.47101449275362317 0.05466666666666666 0.15942028985507248
3 0.446 0.47192028985507245 0.05466666666666666 0.17572463768115942
3 0.3913333333333333 0.4782608695652174 0.06 0.1956521739130435
3 0.27666666666666667 0.4420289855072464 0.04133333333333333 0.13405797101449277
3 0.22799999999999998 0.47101449275362317 0.05333333333333333 0.1956521739130435
3 0.17466666666666666 0.42391304347826086 0.04 0.09057971014492754
