0 0.067 0.8291366906474821 0.074 0.3273381294964029
0 0.11900000000000001 0.8327338129496403 0.07 0.3129496402877698
0 0.211 0.8183453237410072 0.078 0.341726618705036
0 0.277 0.8399280575539568 0.07 0.3129496402877698
0 0.34 0.8399280575539568 0.07200000000000001 0.3129496402877698
0 0.458 0.8453237410071943 0.064 0.28776978417266186
0 0.41600000000000004 0.8219424460431655 0.07200000000000001 0.3129496402877698
0 0.5 0.8489208633093526 0.064 0.28776978417266186
0 0.5760000000000001 0.8255395683453238 0.06 0.2697841726618705
0 0.605 0.827338129496403 0.054 0.2446043165467626
0 0.638 0.8183453237410072 0.06 0.2697841726618705
0 0.673 0.8201438848920863 0.054 0.23741007194244607
0 0.389 0.8201438848920863 0.058 0.26618705035971224
2 0.303 0.6906474820143885 0.034 0.08633093525179857
2 0.336 0.6726618705035972 0.024 0.05035971223021583
2 0.76 0.9064748201438849 0.096 0.1798561151079137
2 0.464 0.683453237410072 0.032 0.05035971223021583
