0 0.029020556227327687 0.4128856624319419 0.058041112454655375 0.2558983666061706
0 0.05562273276904474 0.4237749546279492 0.058041112454655375 0.2159709618874773
0 0.18077388149939538 0.4083484573502722 0.05683192261185006 0.20689655172413793
0 0.12091898428053204 0.37295825771324864 0.03385731559854897 0.12885662431941924
0 0.2714631197097944 0.40744101633393826 0.054413542926239414 0.2014519056261343
0 0.3343409915356711 0.40018148820326677 0.054413542926239414 0.2014519056261343
0 0.3591293833131802 0.39201451905626133 0.05078597339782345 0.1851179673321234
0 0.4371221281741233 0.3738656987295826 0.05683192261185006 0.20689655172413793
0 0.7025392986698912 0.4745916515426497 0.1305925030229746 0.48094373865698725
0 0.8681983071342201 0.35208711433756806 0.041112454655380895 0.14882032667876588
0 0.8960096735187424 0.34210526315789475 0.03385731559854897 0.12522686025408347
0 0.9582829504232164 0.3466424682395644 0.037484885126964934 0.14156079854809436
0 0.8035066505441354 0.3557168784029038 0.037484885126964934 0.13793103448275862
0 0.5133010882708585 0.5217785843920145 0.1414752116082225 0.5208711433756805
0 0.6487303506650544 0.588021778584392 0.15598548972188633 0.5698729582577132
0 0.5181378476420798 0.6270417422867514 0.1438935912938331 0.5281306715063521
2 0.4782345828295042 0.3157894736842105 0.05683192261185006 0.07622504537205081
2 0.6469165659008465 0.3103448275862069 0.03143893591293833 0.03629764065335753
4 0.7623941958887545 0.3021778584392014 0.08101571946795647 0.08892921960072595
4 0.40024183796856105 0.3584392014519056 0.07496977025392987 0.1397459165154265
