0 0.2235576923076923 0.6634615384615385 0.1362179487179487 0.5048076923076923
0 0.37419871794871795 0.5709134615384616 0.08173076923076923 0.3004807692307693
0 0.33974358974358976 0.5480769230769231 0.07371794871794872 0.27884615384615385
0 0.40705128205128205 0.5889423076923077 0.11217948717948717 0.4182692307692308
0 0.43108974358974356 0.6189903846153847 0.11858974358974358 0.43509615384615385
0 0.4751602564102564 0.6502403846153847 0.1362179487179487 0.5072115384615384
0 0.548076923076923 0.6634615384615385 0.17307692307692307 0.639423076923077
0 0.6025641025641025 0.640625 0.15064102564102563 0.5600961538461539
0 0.7163461538461539 0.6814903846153847 0.16666666666666666 0.608173076923077
0 0.8581730769230769 0.6814903846153847 0.17147435897435898 0.6322115384615385
0 0.9431089743589743 0.670673076923077 0.11057692307692307 0.625
0 0.6474358974358975 0.5661057692307693 0.09294871794871795 0.34855769230769235
0 0.7868589743589743 0.671875 0.14743589743589744 0.545673076923077
2 0.7692307692307692 0.4182692307692308 0.03205128205128205 0.07692307692307693
2 0.9479166666666666 0.39543269230769235 0.03365384615384615 0.07932692307692309
2 0.5120192307692307 0.41466346153846156 0.020833333333333332 0.06971153846153846
