0 0.09689507494646682 0.8742857142857143 0.058886509635974305 0.19428571428571428
0 0.21520342612419702 0.8792857142857143 0.06638115631691649 0.22142857142857142
0 0.25856531049250536 0.8778571428571429 0.07173447537473233 0.23285714285714285
0 0.46252676659528913 0.7771428571428571 0.021413276231263385 0.07142857142857142
0 0.44057815845824416 0.7835714285714286 0.018201284796573878 0.06142857142857143
0 0.6697002141327624 0.7521428571428571 0.0139186295503212 0.04428571428571428
0 0.6868308351177731 0.7571428571428571 0.016059957173447537 0.05714285714285714
0 0.7751605995717346 0.7714285714285715 0.023554603854389723 0.08
0 0.7997858672376874 0.7707142857142857 0.023554603854389723 0.07857142857142857
0 0.8410064239828694 0.7978571428571428 0.0417558886509636 0.1357142857142857
0 0.8870449678800857 0.7585714285714286 0.031049250535331908 0.10285714285714286
0 0.9737687366167024 0.7471428571428571 0.031049250535331908 0.10571428571428572
0 0.987152034261242 0.7535714285714286 0.023554603854389723 0.12142857142857143
0 0.4834047109207709 0.7778571428571428 0.022483940042826552 0.07285714285714286
