0 0.054466230936819175 0.14420289855072463 0.056644880174291944 0.09710144927536232
0 0.1906318082788671 0.15579710144927536 0.09368191721132899 0.15507246376811595
0 0.2581699346405229 0.14420289855072463 0.050108932461873645 0.08550724637681159
0 0.4379084967320262 0.16231884057971013 0.12200435729847496 0.19710144927536233
0 0.5076252723311547 0.16376811594202897 0.08714596949891068 0.14202898550724638
0 0.7058823529411765 0.14855072463768115 0.10457516339869283 0.17246376811594202
0 0.9161220043572985 0.14782608695652175 0.09368191721132899 0.1565217391304348
0 0.8899782135076254 0.11376811594202899 0.054466230936819175 0.09130434782608696
0 0.8213507625272332 0.3818840579710145 0.06535947712418301 0.10869565217391304
0 0.5544662309368192 0.3630434782608696 0.09803921568627452 0.16086956521739132
0 0.383442265795207 0.3333333333333333 0.06100217864923748 0.10434782608695653
0 0.0664488017429194 0.6072463768115942 0.09803921568627452 0.16231884057971013
0 0.22875816993464054 0.5971014492753624 0.04357298474945534 0.06956521739130435
0 0.2930283224400872 0.5985507246376812 0.05882352941176471 0.09565217391304348
0 0.715686274509804 0.6333333333333333 0.08496732026143791 0.1391304347826087
0 0.8017429193899783 0.6144927536231884 0.06971677559912855 0.11304347826086956
0 0.9150326797385622 0.6007246376811595 0.06100217864923748 0.1
0 0.054466230936819175 0.8188405797101449 0.04793028322440088 0.08115942028985507
0 0.13725490196078433 0.836231884057971 0.06971677559912855 0.11304347826086956
0 0.173202614379085 0.8181159420289855 0.04139433551198257 0.06811594202898551
0 0.3845315904139434 0.8434782608695652 0.07189542483660132 0.11594202898550725
0 0.5435729847494554 0.8463768115942029 0.08061002178649239 0.13623188405797101
0 0.7254901960784315 0.8289855072463769 0.09150326797385622 0.14782608695652175
0 0.8257080610021788 0.7905797101449276 0.056644880174291944 0.09710144927536232
0 0.860566448801743 0.7978260869565218 0.06535947712418301 0.10869565217391304
2 0.10348583877995644 0.37971014492753624 0.10239651416122006 0.09565217391304348
4 0.12418300653594773 0.11956521739130435 0.10457516339869283 0.04782608695652174
4 0.2995642701525055 0.1108695652173913 0.06318082788671024 0.02753623188405797
