0 0.11416666666666668 0.6583541147132169 0.155 0.57356608478803
0 0.21583333333333335 0.6620947630922693 0.17833333333333334 0.655860349127182
0 0.51 0.6571072319201995 0.12666666666666668 0.4713216957605985
0 0.8983333333333334 0.5448877805486284 0.11666666666666667 0.42643391521197005
2 0.28250000000000003 0.6446384039900249 0.06833333333333334 0.39650872817955113
2 0.385 0.5910224438902743 0.07 0.28428927680798005
2 0.4366666666666667 0.5947630922693267 0.09000000000000001 0.341645885286783
2 0.6375000000000001 0.44264339152119697 0.06166666666666667 0.1970074812967581
2 0.5666666666666667 0.49625935162094764 0.05666666666666667 0.2194513715710723
2 0.7575000000000001 0.7069825436408977 0.17833333333333334 0.5461346633416458
2 0.9666666666666667 0.45885286783042395 0.05666666666666667 0.20448877805486285
2 0.8233333333333334 0.4052369077306733 0.06666666666666667 0.16708229426433915
2 0.8125 0.5523690773067331 0.17833333333333334 0.44139650872817954
2 0.05916666666666667 0.46384039900249374 0.065 0.16458852867830423
2 0.32083333333333336 0.4600997506234414 0.05166666666666667 0.1371571072319202
