0 0.6936363636363636 0.6070205479452054 0.15454545454545454 0.3578767123287671
0 0.6063636363636363 0.5342465753424657 0.06363636363636363 0.1506849315068493
0 0.5681818181818182 0.5222602739726027 0.07818181818181819 0.1780821917808219
0 0.5390909090909091 0.538527397260274 0.06363636363636363 0.1523972602739726
0 0.5063636363636363 0.5402397260273972 0.06363636363636363 0.14554794520547945
0 0.43363636363636365 0.5813356164383562 0.11090909090909092 0.2585616438356164
0 0.3609090909090909 0.545376712328767 0.08181818181818182 0.1934931506849315
0 0.24818181818181817 0.595890410958904 0.11818181818181818 0.2705479452054794
0 0.14363636363636365 0.5907534246575342 0.10909090909090909 0.25
0 0.20454545454545456 0.5693493150684931 0.1 0.23116438356164382
0 0.11454545454545455 0.5710616438356164 0.09818181818181818 0.22431506849315067
0 0.060909090909090906 0.559931506849315 0.0890909090909091 0.2089041095890411
0 0.031818181818181815 0.5522260273972602 0.06363636363636363 0.21061643835616436
2 0.13454545454545455 0.4520547945205479 0.03636363636363636 0.05136986301369863
2 0.30727272727272725 0.45890410958904104 0.04363636363636364 0.05136986301369863
2 0.48 0.46832191780821913 0.03636363636363636 0.039383561643835614
4 0.2990909090909091 0.47003424657534243 0.58 0.0976027397260274
