0 0.5263636363636364 0.5980926430517711 0.12545454545454546 0.4604904632152588
0 0.5809090909090909 0.608991825613079 0.12545454545454546 0.4604904632152588
0 0.769090909090909 0.5040871934604905 0.07272727272727272 0.2670299727520436
0 0.7209090909090909 0.5027247956403269 0.06363636363636363 0.24250681198910082
0 0.8245454545454546 0.5490463215258855 0.07818181818181819 0.28610354223433243
0 0.8627272727272727 0.5613079019073569 0.09272727272727273 0.33787465940054495
0 0.9272727272727272 0.5926430517711171 0.13454545454545455 0.4986376021798365
0 0.9554545454545454 0.6525885558583105 0.08545454545454545 0.5694822888283378
0 0.17727272727272728 0.5136239782016349 0.07454545454545454 0.27520435967302453
0 0.034545454545454546 0.5899182561307902 0.06909090909090909 0.40054495912806537
0 0.04363636363636364 0.5653950953678474 0.08727272727272728 0.39509536784741145
0 0.06636363636363636 0.5572207084468664 0.0890909090909091 0.329700272479564
0 0.08454545454545455 0.5381471389645777 0.08181818181818182 0.2970027247956403
0 0.24272727272727274 0.5980926430517711 0.13636363636363635 0.4986376021798365
2 0.8945454545454545 0.4100817438692098 0.03636363636363636 0.06811989100817438
3 0.39454545454545453 0.5504087193460491 0.10545454545454545 0.2506811989100817
3 0.6263636363636363 0.4250681198910082 0.045454545454545456 0.09264305177111716
