0 0.1844598862918509 0.7204301075268817 0.14529374605180037 0.46484698097601324
0 0.7533164876816171 0.7154673283705542 0.1560328490208465 0.5012406947890818
0 0.9680985470625394 0.7795698924731183 0.06253948199620972 0.34491315136476425
0 0.9024005053695514 0.8097601323407775 0.08780795957043587 0.28287841191067
0 0.6891977258370183 0.7741935483870968 0.1174984207201516 0.37551695616211744
0 0.6547694251421351 0.7932175351530191 0.10549589387239418 0.337468982630273
0 0.6152874289324067 0.7998345740281224 0.09222994314592545 0.2944582299421009
0 0.22109917877447882 0.7770885028949545 0.10865445356917244 0.34987593052109184
3 0.8828174352495262 0.6782464846980976 0.15224257738471256 0.18362282878411912
3 0.34365129500947567 0.5922249793217536 0.488945041061276 0.24979321753515302
3 0.049589387239418824 0.6145574855252275 0.09538850284270373 0.26468155500413565
