0 0.4152173913043478 0.5969498910675382 0.16086956521739132 0.5882352941176471
0 0.22391304347826088 0.6209150326797386 0.07101449275362319 0.2657952069716776
0 0.6297101449275362 0.6143790849673203 0.030434782608695653 0.11328976034858389
0 0.7057971014492753 0.6034858387799565 0.034782608695652174 0.12636165577342048
0 0.6021739130434782 0.6122004357298475 0.02753623188405797 0.10457516339869283
0 0.686231884057971 0.6100217864923748 0.02753623188405797 0.10457516339869283
0 0.663768115942029 0.613289760348584 0.02318840579710145 0.08932461873638345
0 0.9818840579710145 0.599128540305011 0.02753623188405797 0.10457516339869283
0 0.963768115942029 0.593681917211329 0.028985507246376812 0.10675381263616558
0 0.9289855072463769 0.5980392156862746 0.026086956521739132 0.10239651416122006
0 0.8956521739130435 0.6089324618736384 0.026086956521739132 0.10239651416122006
0 0.8739130434782609 0.6002178649237473 0.026086956521739132 0.10239651416122006
0 0.8528985507246377 0.6045751633986929 0.02463768115942029 0.09368191721132899
0 0.8369565217391305 0.6045751633986929 0.01884057971014493 0.07625272331154685
0 0.015217391304347827 0.6241830065359478 0.030434782608695653 0.12418300653594773
0 0.02753623188405797 0.6263616557734205 0.026086956521739132 0.10239651416122006
0 0.03840579710144928 0.6307189542483661 0.02753623188405797 0.10239651416122006
0 0.060144927536231886 0.6307189542483661 0.02463768115942029 0.09368191721132899
0 0.08405797101449275 0.6307189542483661 0.026086956521739132 0.09803921568627452
0 0.12101449275362319 0.622004357298475 0.02753623188405797 0.10239651416122006
0 0.15869565217391304 0.6252723311546842 0.021739130434782608 0.08278867102396514
0 0.14347826086956522 0.622004357298475 0.02318840579710145 0.08932461873638345
0 0.1753623188405797 0.622004357298475 0.020289855072463767 0.08061002178649239
0 0.3282608695652174 0.6252723311546842 0.03333333333333333 0.12200435729847496
0 0.35144927536231885 0.622004357298475 0.01884057971014493 0.07625272331154685
0 0.5420289855072464 0.6241830065359478 0.017391304347826087 0.07189542483660132
0 0.2985507246376812 0.6241830065359478 0.017391304347826087 0.07189542483660132
0 0.2855072463768116 0.6209150326797386 0.017391304347826087 0.06971677559912855
0 0.2673913043478261 0.6241830065359478 0.01884057971014493 0.07189542483660132
0 0.25579710144927537 0.6252723311546842 0.021739130434782608 0.07843137254901962
0 0.5652173913043478 0.6089324618736384 0.017391304347826087 0.06318082788671024
0 0.5789855072463769 0.6111111111111112 0.013043478260869566 0.054466230936819175
0 0.5246376811594203 0.6111111111111112 0.014492753623188406 0.054466230936819175
0 0.5130434782608696 0.6111111111111112 0.014492753623188406 0.054466230936819175
0 0.49492753623188407 0.6089324618736384 0.015942028985507246 0.05882352941176471
0 0.47391304347826085 0.6198257080610022 0.014492753623188406 0.05882352941176471
2 0.08405797101449275 0.5 0.02318840579710145 0.04139433551198257
2 0.06666666666666667 0.4444444444444445 0.02318840579710145 0.03921568627450981
2 0.10434782608695653 0.44117647058823534 0.017391304347826087 0.04139433551198257
2 0.14347826086956522 0.4226579520697168 0.020289855072463767 0.034858387799564274
2 0.16086956521739132 0.4586056644880175 0.020289855072463767 0.028322440087145972
2 0.12536231884057972 0.45206971677559915 0.015942028985507246 0.028322440087145972
2 0.20724637681159422 0.4019607843137255 0.017391304347826087 0.028322440087145972
2 0.25217391304347825 0.4139433551198258 0.026086956521739132 0.03050108932461874
2 0.2673913043478261 0.383442265795207 0.013043478260869566 0.03921568627450981
2 0.3050724637681159 0.3932461873638345 0.010144927536231883 0.03703703703703704
4 0.043478260869565216 0.4891067538126362 0.04057971014492753 0.03703703703703704
4 0.1246376811594203 0.5010893246187365 0.04057971014492753 0.034858387799564274
4 0.2391304347826087 0.5021786492374728 0.14782608695652175 0.028322440087145972
4 0.3521739130434783 0.5021786492374728 0.06376811594202898 0.032679738562091505
4 0.5934782608695652 0.46514161220043576 0.18115942028985507 0.050108932461873645
4 0.5673913043478261 0.514161220043573 0.1289855072463768 0.04357298474945534
4 0.7673913043478261 0.5130718954248367 0.14347826086956522 0.04139433551198257
4 0.722463768115942 0.4575163398692811 0.06521739130434782 0.034858387799564274
4 0.5528985507246377 0.39542483660130723 0.03333333333333333 0.019607843137254905
4 0.8101449275362319 0.5915032679738562 0.06376811594202898 0.054466230936819175
