0 0.8417670682730924 0.4708029197080292 0.11726907630522089 0.5211678832116788
0 0.7325301204819278 0.4306569343065693 0.08353413654618475 0.3708029197080292
0 0.6096385542168675 0.4810218978102189 0.11726907630522089 0.5211678832116788
0 0.506425702811245 0.4627737226277372 0.09718875502008033 0.43503649635036495
0 0.41285140562248995 0.4985401459854014 0.1140562248995984 0.5094890510948905
0 0.3385542168674699 0.4306569343065693 0.07309236947791165 0.3240875912408759
0 0.26947791164658635 0.5087591240875912 0.11967871485943776 0.52992700729927
0 0.19357429718875502 0.4620437956204379 0.08032128514056225 0.3605839416058394
0 0.09759036144578313 0.581021897810219 0.1389558232931727 0.6160583941605839
0 0.6807228915662651 0.3970802919708029 0.055421686746987955 0.2481751824817518
0 0.7690763052208835 0.37299270072992696 0.045783132530120486 0.20291970802919707
0 0.048594377510040164 0.5350364963503649 0.09718875502008033 0.5532846715328467
0 0.13253012048192772 0.4211678832116788 0.0819277108433735 0.36642335766423356
2 0.20281124497991967 0.22335766423357664 0.03293172690763052 0.06131386861313868
2 0.23453815261044178 0.2948905109489051 0.03855421686746988 0.049635036496350364
2 0.30160642570281126 0.30583941605839415 0.026506024096385545 0.05693430656934306
2 0.3196787148594378 0.2722627737226277 0.02891566265060241 0.051094890510948905
2 0.28795180722891567 0.24014598540145984 0.023293172690763052 0.051094890510948905
2 0.3654618473895582 0.28759124087591237 0.027309236947791166 0.04671532846715328
2 0.3803212851405623 0.2656934306569343 0.029718875502008035 0.049635036496350364
2 0.45582329317269077 0.27664233576642333 0.03453815261044177 0.06861313868613138
2 0.529718875502008 0.2759124087591241 0.024899598393574297 0.049635036496350364
2 0.5642570281124498 0.28102189781021897 0.02811244979919679 0.03357664233576642
2 0.6253012048192771 0.2664233576642336 0.045783132530120486 0.06277372262773723
2 0.6835341365461848 0.25474452554744526 0.03534136546184739 0.04233576642335766
2 0.7036144578313254 0.28613138686131384 0.033734939759036145 0.040875912408759124
2 0.7755020080321285 0.28759124087591237 0.03614457831325301 0.040875912408759124
4 0.5562248995983936 0.22262773722627735 0.14056224899598393 0.051094890510948905
