0 0.27166666666666667 0.21904761904761902 0.18333333333333335 0.36734693877551017
0 0.395 0.28027210884353737 0.2 0.40272108843537413
0 0.5266666666666667 0.19455782312925168 0.11666666666666667 0.236734693877551
0 0.6858333333333334 0.16870748299319727 0.08833333333333333 0.1768707482993197
0 0.7891666666666667 0.12721088435374148 0.07500000000000001 0.15102040816326529
0 0.8916666666666667 0.14081632653061224 0.08333333333333334 0.17006802721088435
0 0.8375 0.28435374149659864 0.115 0.23401360544217686
2 0.22416666666666668 0.7421768707482993 0.325 0.25170068027210885
2 0.525 0.7517006802721088 0.2366666666666667 0.21632653061224488
2 0.7725000000000001 0.7585034013605442 0.25833333333333336 0.20272108843537415
2 0.08916666666666667 0.3034013605442177 0.1716666666666667 0.45714285714285713
2 0.6258333333333334 0.1877551020408163 0.065 0.07074829931972788
2 0.8750000000000001 0.2897959183673469 0.23 0.13333333333333333
2 0.47000000000000003 0.13809523809523808 0.06666666666666667 0.11020408163265305
