0 0.03222222222222222 0.515 0.06444444444444444 0.33666666666666667
0 0.08055555555555556 0.5375000000000001 0.09 0.33166666666666667
0 0.15388888888888888 0.5700000000000001 0.09666666666666666 0.35333333333333333
0 0.11 0.3916666666666667 0.07333333333333333 0.2733333333333334
0 0.15722222222222224 0.4166666666666667 0.0811111111111111 0.2966666666666667
0 0.1988888888888889 0.42583333333333334 0.09111111111111111 0.335
0 0.26055555555555554 0.4783333333333334 0.08333333333333333 0.30333333333333334
0 0.3233333333333333 0.49583333333333335 0.09555555555555556 0.3516666666666667
0 0.39555555555555555 0.5225000000000001 0.09555555555555556 0.3516666666666667
0 0.495 0.5583333333333333 0.09444444444444444 0.3466666666666667
0 0.5166666666666667 0.6175 0.10666666666666666 0.3916666666666667
0 0.5733333333333334 0.45833333333333337 0.08 0.29333333333333333
0 0.675 0.48833333333333334 0.09 0.33
0 0.6805555555555556 0.5858333333333333 0.10333333333333333 0.3816666666666667
0 0.7177777777777777 0.6275000000000001 0.12 0.445
0 0.7727777777777778 0.6433333333333334 0.13444444444444445 0.4966666666666667
0 0.8427777777777777 0.6941666666666667 0.12333333333333334 0.4516666666666667
0 0.8966666666666666 0.5616666666666666 0.08444444444444445 0.31333333333333335
0 0.4577777777777778 0.39916666666666667 0.08444444444444445 0.30833333333333335
0 0.08388888888888889 0.16833333333333333 0.056666666666666664 0.2066666666666667
0 0.13 0.18833333333333335 0.05333333333333333 0.19666666666666668
0 0.17222222222222222 0.19666666666666668 0.04888888888888889 0.18333333333333335
0 0.37166666666666665 0.21583333333333335 0.058888888888888886 0.21500000000000002
0 0.42333333333333334 0.20583333333333334 0.04888888888888889 0.17833333333333334
0 0.45666666666666667 0.20500000000000002 0.04666666666666667 0.17333333333333334
0 0.5322222222222223 0.21166666666666667 0.05333333333333333 0.19666666666666668
0 0.4905555555555556 0.1925 0.058888888888888886 0.21500000000000002
0 0.8016666666666666 0.1925 0.058888888888888886 0.21500000000000002
0 0.835 0.2041666666666667 0.05444444444444444 0.2016666666666667
0 0.9416666666666667 0.18666666666666668 0.056666666666666664 0.21000000000000002
2 0.045 0.8741666666666668 0.05444444444444444 0.14166666666666666
2 0.19333333333333333 0.9025000000000001 0.06888888888888889 0.095
2 0.2738888888888889 0.17500000000000002 0.15222222222222223 0.21666666666666667
2 0.2972222222222222 0.29750000000000004 0.21444444444444444 0.165
2 0.041666666666666664 0.2791666666666667 0.0811111111111111 0.155
2 0.7638888888888888 0.3891666666666667 0.05 0.085
2 0.5366666666666666 0.08666666666666667 0.026666666666666665 0.05666666666666667
