0 0.03833333333333334 0.6607142857142857 0.05666666666666667 0.25
0 0.08166666666666667 0.6666666666666666 0.05 0.23809523809523808
0 0.125 0.6369047619047619 0.05666666666666667 0.26190476190476186
0 0.1366666666666667 0.6666666666666666 0.08 0.3571428571428571
0 0.18166666666666667 0.6636904761904762 0.05666666666666667 0.24404761904761904
0 0.22333333333333336 0.6636904761904762 0.07333333333333333 0.3273809523809524
0 0.29500000000000004 0.6488095238095237 0.07666666666666667 0.3333333333333333
0 0.34500000000000003 0.6517857142857143 0.08333333333333334 0.3630952380952381
0 0.41000000000000003 0.6666666666666666 0.07333333333333333 0.3333333333333333
0 0.3916666666666667 0.6577380952380952 0.06333333333333334 0.27976190476190477
0 0.45333333333333337 0.6428571428571428 0.06666666666666667 0.2857142857142857
0 0.4716666666666667 0.6488095238095237 0.08333333333333334 0.3571428571428571
0 0.51 0.6369047619047619 0.06666666666666667 0.2976190476190476
0 0.5333333333333333 0.6517857142857143 0.08 0.35119047619047616
0 0.5616666666666666 0.6577380952380952 0.06333333333333334 0.29166666666666663
0 0.5966666666666667 0.675595238095238 0.06666666666666667 0.30357142857142855
0 0.6116666666666667 0.6458333333333333 0.06333333333333334 0.29166666666666663
0 0.655 0.6607142857142857 0.07 0.3214285714285714
0 0.7116666666666667 0.6517857142857143 0.07666666666666667 0.33928571428571425
0 0.6916666666666668 0.6428571428571428 0.06333333333333334 0.2738095238095238
0 0.7466666666666667 0.6577380952380952 0.060000000000000005 0.25595238095238093
0 0.785 0.6458333333333333 0.06333333333333334 0.27976190476190477
0 0.8266666666666668 0.6577380952380952 0.060000000000000005 0.26785714285714285
0 0.88 0.6428571428571428 0.060000000000000005 0.2738095238095238
0 0.9216666666666667 0.6428571428571428 0.06333333333333334 0.2857142857142857
0 0.9650000000000001 0.6339285714285714 0.06333333333333334 0.30357142857142855
0 0.9766666666666667 0.6428571428571428 0.04 0.2857142857142857
