0 0.031635802469135804 0.6041666666666666 0.029320987654320986 0.11574074074074073
0 0.015432098765432098 0.53125 0.030864197530864196 0.14583333333333331
0 0.07484567901234568 0.6296296296296295 0.044753086419753084 0.17129629629629628
0 0.11496913580246913 0.5972222222222222 0.038580246913580245 0.14351851851851852
0 0.10648148148148148 0.5324074074074073 0.030864197530864196 0.1111111111111111
0 0.1381172839506173 0.5509259259259259 0.029320987654320986 0.1111111111111111
0 0.13117283950617284 0.5046296296296297 0.030864197530864196 0.1111111111111111
0 0.16743827160493827 0.6180555555555555 0.044753086419753084 0.17129629629629628
0 0.1882716049382716 0.5868055555555555 0.043209876543209874 0.16435185185185183
0 0.21682098765432098 0.5601851851851851 0.038580246913580245 0.14351851851851852
0 0.23765432098765432 0.5300925925925926 0.037037037037037035 0.13425925925925924
0 0.25 0.5127314814814814 0.033950617283950615 0.1273148148148148
0 0.2638888888888889 0.4884259259259259 0.037037037037037035 0.1388888888888889
0 0.27469135802469136 0.48032407407407407 0.027777777777777776 0.10416666666666666
0 0.3047839506172839 0.5451388888888888 0.047839506172839504 0.17824074074074073
0 0.3325617283950617 0.5983796296296297 0.05401234567901234 0.20138888888888887
0 0.3441358024691358 0.5717592592592592 0.046296296296296294 0.17592592592592593
0 0.49537037037037035 0.5694444444444444 0.046296296296296294 0.17129629629629628
0 0.5208333333333333 0.59375 0.047839506172839504 0.17824074074074073
0 0.5609567901234568 0.5347222222222222 0.047839506172839504 0.17592592592592593
0 0.537037037037037 0.5104166666666666 0.046296296296296294 0.16898148148148148
0 0.5794753086419753 0.4930555555555555 0.029320987654320986 0.11574074074074073
0 0.5972222222222222 0.5011574074074073 0.027777777777777776 0.10416666666666666
0 0.6149691358024691 0.5231481481481481 0.029320987654320986 0.10648148148148148
0 0.6358024691358024 0.5462962962962963 0.024691358024691357 0.09722222222222221
0 0.6751543209876543 0.5601851851851851 0.038580246913580245 0.14351851851851852
0 0.7106481481481481 0.5972222222222222 0.035493827160493825 0.13425925925925924
0 0.6898148148148148 0.5011574074074073 0.037037037037037035 0.1412037037037037
0 0.7345679012345678 0.5185185185185185 0.033950617283950615 0.125
0 0.76929012345679 0.5520833333333333 0.035493827160493825 0.13657407407407407
0 0.7947530864197531 0.5266203703703703 0.033950617283950615 0.1273148148148148
0 0.7584876543209876 0.49189814814814814 0.032407407407407406 0.1273148148148148
0 0.736111111111111 0.48263888888888884 0.033950617283950615 0.12268518518518517
0 0.8240740740740741 0.5740740740740741 0.04938271604938271 0.18518518518518517
0 0.8449074074074073 0.5428240740740741 0.038580246913580245 0.14583333333333331
0 0.8171296296296295 0.4895833333333333 0.035493827160493825 0.13657407407407407
0 0.8626543209876543 0.5127314814814814 0.040123456790123455 0.1550925925925926
0 0.8796296296296295 0.46064814814814814 0.030864197530864196 0.11574074074074073
0 0.8904320987654321 0.5775462962962963 0.043209876543209874 0.16435185185185183
0 0.9166666666666666 0.537037037037037 0.043209876543209874 0.15740740740740738
0 0.9313271604938271 0.47106481481481477 0.026234567901234566 0.0949074074074074
0 0.9652777777777777 0.5555555555555556 0.047839506172839504 0.18055555555555555
0 0.9799382716049382 0.5324074074074073 0.037037037037037035 0.15277777777777776
2 0.05632716049382716 0.46064814814814814 0.09722222222222221 0.08796296296296297
2 0.1882716049382716 0.4571759259259259 0.09876543209876543 0.0949074074074074
2 0.3271604938271605 0.4560185185185185 0.037037037037037035 0.06018518518518518
2 0.4143518518518518 0.4386574074074074 0.06018518518518518 0.039351851851851846
2 0.478395061728395 0.43981481481481477 0.04938271604938271 0.05555555555555555
2 0.8518518518518519 0.42939814814814814 0.030864197530864196 0.05324074074074074
2 0.945216049382716 0.41666666666666663 0.10339506172839505 0.05555555555555555
