0 0.019921875000000002 0.4994138335287221 0.039843750000000004 0.23212192262602577
0 0.0578125 0.4853458382180539 0.07187500000000001 0.264947245017585
0 0.032421875 0.49062133645955447 0.057031250000000006 0.21219226260257912
0 0.10625000000000001 0.4976553341148886 0.0703125 0.25674091441969515
0 0.086328125 0.4835873388042204 0.06015625 0.21922626025791322
0 0.144140625 0.48827667057444313 0.07109375 0.2614302461899179
0 0.15078125 0.492379835873388 0.078125 0.2883939038686987
0 0.18710937500000002 0.4853458382180539 0.05859375 0.21805392731535755
0 0.16757812500000002 0.4835873388042204 0.06328125 0.23329425556858147
0 0.21601562500000002 0.4718640093786635 0.055468750000000004 0.20750293083235638
0 0.20390625 0.45603751465416176 0.043750000000000004 0.16178194607268462
0 0.2484375 0.49999999999999994 0.06875 0.2543962485345838
0 0.28671875 0.4466588511137163 0.0390625 0.14302461899179367
0 0.30781250000000004 0.4566236811254396 0.0484375 0.1817116060961313
0 0.35703125 0.48710433763188743 0.07968750000000001 0.2942555685814771
0 0.36484375 0.5005861664712778 0.0625 0.23212192262602577
0 0.390234375 0.5005861664712778 0.06171875 0.2297772567409144
0 0.43476562500000004 0.48944900351699877 0.057031250000000006 0.20984759671746775
0 0.44960937500000003 0.4730363423212192 0.057031250000000006 0.20984759671746775
0 0.462890625 0.473622508792497 0.05390625 0.19929660023446658
0 0.483203125 0.4695193434935521 0.06015625 0.21922626025791322
0 0.50390625 0.5046893317702227 0.07500000000000001 0.2778429073856975
0 0.5796875 0.4900351699882766 0.07500000000000001 0.27667057444314186
0 0.612890625 0.49472450175849936 0.06796875000000001 0.2508792497069168
0 0.6605468750000001 0.4876905041031653 0.06796875000000001 0.24853458382180538
0 0.68515625 0.4595545134818288 0.040625 0.1477139507620164
0 0.694921875 0.4531066822977725 0.03828125 0.1395076201641266
0 0.7390625000000001 0.5252051582649472 0.0765625 0.2813599062133646
0 0.783203125 0.5375146541617819 0.11796875000000001 0.4349355216881594
0 0.827734375 0.5433763188745603 0.11015625000000001 0.4044548651817116
2 0.2625 0.6699882766705744 0.0734375 0.16295427901524032
2 0.30859375 0.5885111371629542 0.0625 0.11957796014067995
2 0.405078125 0.5803048065650644 0.06484375 0.08675263774912075
2 0.45429687500000004 0.6195779601406799 0.06640625 0.11606096131301288
2 0.519921875 0.6025791324736225 0.057031250000000006 0.10550996483001171
2 0.566015625 0.6406799531066822 0.06640625 0.10199296600234466
2 0.653515625 0.6172332942555685 0.049218750000000006 0.11137162954279015
