0 0.043750000000000004 0.6936619718309859 0.08750000000000001 0.33568075117370894
0 0.0578125 0.653755868544601 0.096875 0.3591549295774648
0 0.07734375 0.6302816901408451 0.0921875 0.33568075117370894
0 0.08359375000000001 0.6596244131455399 0.0765625 0.2863849765258216
0 0.1 0.6338028169014085 0.08125 0.3051643192488263
0 0.12187500000000001 0.6161971830985916 0.07187500000000001 0.2652582159624413
0 0.11093750000000001 0.6443661971830986 0.0625 0.2323943661971831
0 0.14375000000000002 0.5915492957746479 0.07187500000000001 0.27230046948356806
0 0.22812500000000002 0.5375586854460094 0.03125 0.12206572769953052
0 0.26406250000000003 0.5316901408450704 0.03125 0.11971830985915494
0 0.28515625 0.5504694835680751 0.0484375 0.17605633802816903
0 0.31171875000000004 0.5410798122065728 0.0421875 0.1572769953051643
0 0.32578125 0.5352112676056339 0.0390625 0.14553990610328638
0 0.35859375000000004 0.545774647887324 0.0578125 0.2183098591549296
0 0.38125000000000003 0.5446009389671361 0.05 0.18309859154929578
0 0.40546875000000004 0.5375586854460094 0.0390625 0.14553990610328638
0 0.42890625000000004 0.5246478873239436 0.029687500000000002 0.11032863849765258
0 0.45546875000000003 0.5528169014084507 0.051562500000000004 0.19014084507042253
0 0.4859375 0.5422535211267606 0.046875 0.1784037558685446
0 0.5242187500000001 0.5622065727699531 0.0921875 0.3403755868544601
0 0.54140625 0.5610328638497653 0.0734375 0.27230046948356806
0 0.5593750000000001 0.5422535211267606 0.046875 0.17370892018779344
0 0.58515625 0.5293427230046949 0.0421875 0.1619718309859155
0 0.6125 0.5586854460093896 0.059375000000000004 0.22065727699530516
0 0.64453125 0.5129107981220657 0.026562500000000003 0.10093896713615023
0 0.690625 0.5316901408450704 0.065625 0.24178403755868544
0 0.7093750000000001 0.5140845070422535 0.037500000000000006 0.13615023474178403
0 0.74375 0.5422535211267606 0.037500000000000006 0.14084507042253522
0 0.7664062500000001 0.528169014084507 0.0421875 0.15492957746478875
0 0.85078125 0.5622065727699531 0.051562500000000004 0.19483568075117372
0 0.89609375 0.5164319248826291 0.045312500000000006 0.16901408450704225
0 0.91796875 0.5316901408450704 0.045312500000000006 0.16666666666666666
0 0.9554687500000001 0.5140845070422535 0.0484375 0.18309859154929578
0 0.9796875 0.5129107981220657 0.037500000000000006 0.19483568075117372
