0 0.045 0.5824915824915825 0.066 0.2828282828282828
0 0.125 0.5841750841750841 0.062 0.265993265993266
0 0.222 0.5824915824915825 0.06 0.24915824915824913
0 0.324 0.5740740740740741 0.06 0.24579124579124578
0 0.422 0.5707070707070707 0.06 0.25252525252525254
0 0.492 0.5656565656565656 0.064 0.2626262626262626
0 0.588 0.5740740740740741 0.064 0.2727272727272727
0 0.6940000000000001 0.569023569023569 0.07200000000000001 0.2962962962962963
0 0.761 0.5673400673400674 0.074 0.3131313131313131
0 0.8300000000000001 0.5774410774410774 0.08 0.3265993265993266
0 0.901 0.5858585858585859 0.08600000000000001 0.36363636363636365
0 0.9530000000000001 0.5892255892255892 0.09 0.4175084175084175
2 0.085 0.5336700336700336 0.03 0.1313131313131313
2 0.169 0.5420875420875421 0.046 0.13468013468013468
2 0.456 0.5387205387205387 0.028 0.10774410774410774
2 0.536 0.5134680134680134 0.032 0.057239057239057235
2 0.629 0.51010101010101 0.054 0.09090909090909091
