0 0.06057866184448463 0.5664251207729468 0.0922242314647378 0.30193236714975846
0 0.15370705244122965 0.571256038647343 0.08318264014466546 0.2777777777777778
0 0.2396021699819168 0.571256038647343 0.08860759493670886 0.29227053140096615
0 0.3074141048824593 0.5688405797101449 0.09041591320072333 0.29227053140096615
0 0.37341772151898733 0.5628019323671497 0.08499095840867993 0.2753623188405797
0 0.4602169981916817 0.5543478260869565 0.08499095840867993 0.2826086956521739
0 0.5461121157323688 0.5531400966183575 0.09403254972875226 0.3043478260869565
0 0.6229656419529837 0.5471014492753623 0.08860759493670886 0.29227053140096615
0 0.68625678119349 0.53743961352657 0.08860759493670886 0.28743961352657005
0 0.7703435804701627 0.5458937198067633 0.08318264014466546 0.2753623188405797
0 0.8291139240506329 0.5253623188405797 0.08860759493670886 0.29227053140096615
0 0.9023508137432188 0.5410628019323671 0.0867992766726944 0.28502415458937197
0 0.9683544303797468 0.5326086956521738 0.059674502712477394 0.2632850241545894
4 0.10307414104882459 0.5314009661835749 0.04701627486437613 0.15458937198067632
4 0.19258589511754068 0.5350241545893719 0.045207956600361664 0.1473429951690821
4 0.7359855334538878 0.5072463768115941 0.0433996383363472 0.09178743961352656
4 0.9358047016274864 0.5144927536231884 0.05244122965641953 0.10628019323671498
4 0.8616636528028933 0.5132850241545893 0.0379746835443038 0.12318840579710144
4 0.022603978300180832 0.5458937198067633 0.045207956600361664 0.11594202898550723
