0 0.13020833333333331 0.576099537037037 0.054783950617283944 0.20023148148148148
0 0.1587577160493827 0.5321180555555556 0.027391975308641972 0.10127314814814814
0 0.17737268518518517 0.5394965277777778 0.032214506172839504 0.1189236111111111
0 0.24459876543209874 0.5490451388888888 0.03510802469135802 0.12876157407407407
0 0.2962962962962963 0.6941550925925926 0.1280864197530864 0.46875
0 0.37702546296296297 0.5669849537037037 0.04224537037037037 0.15538194444444445
0 0.4756944444444444 0.646267361111111 0.09104938271604937 0.33304398148148145
0 0.5483217592592592 0.5804398148148148 0.04841820987654321 0.17766203703703703
0 0.6197916666666666 0.618923611111111 0.06944444444444445 0.2546296296296296
0 0.6992669753086419 0.59375 0.05825617283950617 0.21354166666666666
0 0.6084104938271605 0.40292245370370366 0.017746913580246913 0.06510416666666666
0 0.6463155864197531 0.40060763888888884 0.019483024691358024 0.0714699074074074
0 0.6585648148148148 0.40436921296296297 0.016975308641975308 0.06221064814814815
0 0.6699459876543209 0.4078414351851852 0.013888888888888888 0.051793981481481476
0 0.6847993827160493 0.39771412037037035 0.019675925925925923 0.0720486111111111
0 0.7020640432098765 0.39279513888888884 0.015625 0.05758101851851852
0 0.7099729938271605 0.40335648148148145 0.016396604938271605 0.06018518518518518
0 0.6351273148148148 0.41073495370370366 0.013695987654320986 0.05063657407407407
0 0.7846257716049382 0.39453125 0.021026234567901234 0.07667824074074074
0 0.8048804012345678 0.40060763888888884 0.01755401234567901 0.06510416666666666
0 0.8405671296296295 0.39424189814814814 0.019868827160493825 0.07262731481481481
0 0.8556134259259259 0.3993055555555555 0.016782407407407406 0.0625
0 0.8694058641975309 0.38599537037037035 0.017746913580246913 0.06597222222222222
2 0.26456404320987653 0.529224537037037 0.02064043209876543 0.08564814814814814
2 0.4592978395061728 0.5085358796296297 0.013888888888888888 0.03327546296296296
2 0.9075038580246914 0.36704282407407407 0.0055941358024691355 0.01417824074074074
