0 0.12708333333333335 0.13352601156069366 0.022500000000000003 0.07514450867052024
0 0.12541666666666668 0.23583815028901736 0.04916666666666667 0.16647398843930636
0 0.15833333333333335 0.14219653179190753 0.03166666666666667 0.10635838150289018
0 0.08791666666666667 0.1855491329479769 0.0325 0.11213872832369944
0 0.06416666666666668 0.07919075144508671 0.021666666666666667 0.07745664739884393
0 0.03333333333333333 0.06647398843930637 0.02666666666666667 0.09364161849710984
0 0.16166666666666668 0.7335260115606936 0.13166666666666668 0.4497109826589596
0 0.39 0.6271676300578035 0.11833333333333335 0.40115606936416187
0 0.5379166666666667 0.616184971098266 0.11916666666666667 0.4023121387283237
0 0.4779166666666667 0.5300578034682081 0.11750000000000001 0.3965317919075145
0 0.7625000000000001 0.8034682080924856 0.11166666666666668 0.37919075144508674
0 0.8504166666666667 0.7497109826589596 0.1325 0.4473988439306359
0 0.7266666666666667 0.6410404624277457 0.12000000000000001 0.40578034682080927
0 0.6804166666666667 0.6104046242774567 0.10250000000000001 0.34682080924855496
0 0.625 0.53121387283237 0.10500000000000001 0.3549132947976879
0 0.56125 0.3959537572254336 0.08083333333333334 0.2739884393063584
0 0.5183333333333333 0.34277456647398846 0.06166666666666667 0.2115606936416185
0 0.25125000000000003 0.28034682080924855 0.0575 0.19537572254335261
0 0.28750000000000003 0.2786127167630058 0.06166666666666667 0.21040462427745665
0 0.3275 0.2520231213872833 0.05 0.17341040462427748
0 0.34875 0.26416184971098267 0.0475 0.1606936416184971
0 0.28625 0.12023121387283238 0.022500000000000003 0.07630057803468208
0 0.935 0.5526011560693642 0.115 0.38843930635838153
2 0.6208333333333333 0.35202312138728326 0.05333333333333334 0.10520231213872833
2 0.5779166666666667 0.28728323699421965 0.025833333333333337 0.06820809248554914
2 0.7204166666666667 0.37745664739884394 0.0575 0.11445086705202313
2 0.80625 0.3710982658959538 0.04916666666666667 0.055491329479768786
2 0.8779166666666667 0.4 0.0425 0.10404624277456648
2 0.8254166666666667 0.4791907514450867 0.035833333333333335 0.15838150289017341
2 0.4129166666666667 0.24046242774566476 0.03916666666666667 0.09017341040462429
2 0.4445833333333334 0.24046242774566476 0.03916666666666667 0.09479768786127168
2 0.49000000000000005 0.23005780346820812 0.02666666666666667 0.07861271676300578
2 0.5025000000000001 0.18612716763005782 0.028333333333333335 0.07167630057803469
2 0.5320833333333334 0.20346820809248556 0.0275 0.08092485549132948
2 0.5466666666666667 0.1739884393063584 0.02666666666666667 0.04046242774566474
2 0.38875000000000004 0.18901734104046244 0.03416666666666667 0.04971098265895954
2 0.4141666666666667 0.1653179190751445 0.023333333333333334 0.027745664739884393
2 0.38083333333333336 0.2069364161849711 0.02 0.03930635838150289
2 0.7204166666666667 0.4086705202312139 0.03916666666666667 0.07052023121387284
2 0.35500000000000004 0.40346820809248557 0.04 0.13179190751445088
2 0.4054166666666667 0.3919075144508671 0.052500000000000005 0.15722543352601157
2 0.9454166666666667 0.361849710982659 0.0475 0.15028901734104047
2 0.9408333333333334 0.2549132947976879 0.02666666666666667 0.10289017341040463
2 0.9737500000000001 0.2653179190751445 0.03416666666666667 0.10982658959537572
4 0.1625 0.08554913294797688 0.13833333333333334 0.09942196531791908
4 0.4345833333333334 0.1485549132947977 0.030833333333333334 0.07976878612716763
4 0.45333333333333337 0.12196531791907515 0.030000000000000002 0.09595375722543353
4 0.7141666666666667 0.1294797687861272 0.115 0.10404624277456648
4 0.8454166666666667 0.2184971098265896 0.08750000000000001 0.14566473988439307
4 0.5054166666666667 0.08497109826589595 0.0775 0.05895953757225434
4 0.50625 0.1346820809248555 0.04416666666666667 0.05202312138728324
