0 0.665 0.5371720116618076 0.094 0.16763848396501457
0 0.611 0.5298833819241983 0.078 0.141399416909621
0 0.759 0.5182215743440233 0.062 0.10932944606413994
0 0.766 0.8447521865889213 0.08 0.1443148688046647
0 0.88 0.8389212827988338 0.07200000000000001 0.12973760932944606
2 0.162 0.09766763848396501 0.10400000000000001 0.13994169096209913
2 0.12 0.2084548104956268 0.164 0.16034985422740525
2 0.377 0.21428571428571427 0.162 0.2099125364431487
2 0.265 0.16107871720116618 0.098 0.10058309037900874
2 0.302 0.06997084548104957 0.032 0.04956268221574344
2 0.322 0.06924198250728864 0.036000000000000004 0.07725947521865889
2 0.451 0.1348396501457726 0.082 0.11224489795918367
2 0.47100000000000003 0.07580174927113703 0.042 0.04664723032069971
2 0.736 0.19314868804664723 0.432 0.3104956268221574
2 0.266 0.5247813411078717 0.448 0.3206997084548105
2 0.8200000000000001 0.5408163265306123 0.132 0.18658892128279883
2 0.923 0.543002915451895 0.066 0.1588921282798834
2 0.867 0.48615160349854225 0.034 0.030612244897959183
2 0.082 0.891399416909621 0.092 0.1588921282798834
2 0.163 0.8870262390670554 0.122 0.16472303206997085
2 0.294 0.8389212827988338 0.08 0.25801749271137026
2 0.495 0.8673469387755102 0.122 0.1749271137026239
2 0.603 0.8206997084548104 0.082 0.09912536443148688
2 0.5680000000000001 0.7776967930029154 0.124 0.09475218658892127
2 0.399 0.847667638483965 0.082 0.1239067055393586
2 0.515 0.7973760932944606 0.058 0.06705539358600583
2 0.467 0.7776967930029154 0.05 0.039358600583090375
2 0.451 0.7536443148688047 0.07 0.06705539358600583
2 0.42 0.7871720116618076 0.064 0.0641399416909621
2 0.366 0.7813411078717201 0.032 0.04664723032069971
4 0.438 0.06997084548104957 0.044 0.03206997084548105
4 0.914 0.7988338192419825 0.044 0.052478134110787174
