0 0.2781316348195329 0.6070287539936102 0.12738853503184713 0.46858359957401496
0 0.5318471337579618 0.593716719914803 0.1578202406227884 0.582534611288605
0 0.1029723991507431 0.589989350372737 0.09978768577494693 0.36634717784877535
0 0.1716206652512385 0.5447284345047924 0.0799716914366596 0.2949946751863685
0 0.22540693559801842 0.5527156549520768 0.08704883227176222 0.31948881789137384
0 0.39844302901627743 0.5388711395101172 0.09058740268931352 0.33439829605963795
0 0.45116772823779194 0.5820021299254526 0.09978768577494693 0.3695420660276891
0 0.4823071479122435 0.5037273695420661 0.0686482661004954 0.2534611288604899
0 0.6627742392073602 0.5644302449414271 0.09129511677282379 0.3365282215122471
0 0.7558386411889597 0.5111821086261982 0.08067940552016985 0.2960596379126731
0 0.7275300778485492 0.48296059637912675 0.07784854918612881 0.28647497337593186
0 0.7055909412597311 0.43077742279020237 0.048124557678697805 0.17997870074547392
0 0.6252653927813163 0.5005324813631523 0.0799716914366596 0.29392971246006394
2 0.6733899504600142 0.3833865814696486 0.03326256192498231 0.09584664536741215
