0 0.055625 0.4604519774011299 0.02625 0.09604519774011298
0 0.085 0.4623352165725047 0.025 0.09604519774011298
0 0.125 0.49058380414312613 0.03 0.11487758945386063
0 0.1775 0.5028248587570622 0.03 0.1167608286252354
0 0.211875 0.5160075329566854 0.03625 0.13559322033898305
0 0.255625 0.5329566854990584 0.03625 0.13559322033898305
0 0.310625 0.5461393596986817 0.03625 0.13935969868173256
0 0.385 0.5583804143126176 0.0375 0.14124293785310735
0 0.46 0.5687382297551788 0.0425 0.1581920903954802
0 0.54125 0.5922787193973634 0.045 0.1638418079096045
0 0.614375 0.5621468926553672 0.03875 0.14124293785310735
0 0.673125 0.5207156308851224 0.03875 0.14124293785310735
0 0.730625 0.5009416195856874 0.03375 0.128060263653484
0 0.761875 0.4821092278719397 0.03125 0.1167608286252354
0 0.8125 0.4717514124293785 0.03 0.1111111111111111
0 0.846875 0.45386064030131823 0.02625 0.09792843691148775
0 0.8725 0.4444444444444444 0.0225 0.08662900188323917
0 0.8875000000000001 0.4312617702448211 0.0225 0.08662900188323917
0 0.910625 0.4180790960451977 0.02375 0.08662900188323917
0 0.926875 0.4133709981167608 0.02125 0.08097928436911488
0 0.94125 0.40583804143126173 0.02 0.07344632768361582
0 0.9656250000000001 0.3907721280602636 0.02125 0.07721280602636535
0 0.1575 0.4764595103578154 0.0275 0.10546139359698681
0 0.23875000000000002 0.49058380414312613 0.03 0.1111111111111111
0 0.333125 0.5160075329566854 0.03125 0.12052730696798493
0 0.39937500000000004 0.519774011299435 0.03375 0.12429378531073446
0 0.4475 0.5348399246704332 0.035 0.13559322033898305
0 0.47500000000000003 0.4971751412429378 0.0325 0.12052730696798493
0 0.62875 0.46986817325800373 0.0275 0.09981167608286252
2 0.649375 0.763653483992467 0.07125000000000001 0.1751412429378531
2 0.9575 0.5725047080979284 0.055 0.08286252354048963
2 0.163125 0.4190207156308851 0.01875 0.02824858757062147
2 0.194375 0.4209039548022599 0.02125 0.032015065913371
2 0.226875 0.42655367231638414 0.01375 0.032015065913371
2 0.270625 0.4340866290018832 0.02625 0.04331450094161959
2 0.254375 0.4086629001883239 0.01625 0.030131826741996232
2 0.33437500000000003 0.42184557438794723 0.03125 0.041431261770244816
2 0.365 0.435969868173258 0.0175 0.02448210922787194
2 0.42125 0.43220338983050843 0.0325 0.047080979284369114
2 0.385 0.4096045197740113 0.025 0.03954802259887005
2 0.48125 0.42184557438794723 0.0375 0.041431261770244816
2 0.479375 0.4397363465160075 0.03375 0.04331450094161959
2 0.538125 0.4736346516007533 0.03875 0.06214689265536723
2 0.53125 0.4369114877589454 0.0225 0.03766478342749529
2 0.6 0.4548022598870056 0.0375 0.06214689265536723
4 0.020625 0.45856873822975514 0.03875 0.09981167608286252
4 0.4625 0.3870056497175141 0.17250000000000001 0.047080979284369114
4 0.53125 0.3559322033898305 0.05 0.026365348399246702
4 0.7325 0.371939736346516 0.35000000000000003 0.05084745762711864
4 0.67375 0.4133709981167608 0.04 0.03954802259887005
4 0.7312500000000001 0.4143126177024482 0.04 0.041431261770244816
4 0.8425 0.3069679849340866 0.06 0.04896421845574388
4 0.96125 0.3003766478342749 0.065 0.03954802259887005
