0 0.1784 0.36104441776710683 0.036000000000000004 0.13145258103241295
0 0.19160000000000002 0.36584633853541415 0.033600000000000005 0.12424969987995198
0 0.7788 0.4381752701080432 0.08800000000000001 0.3241296518607443
0 0.8424 0.6068427370948379 0.1736 0.6350540216086434
0 0.8876000000000001 0.5429171668667466 0.1072 0.39435774309723887
2 0.030600000000000002 0.4186674669867947 0.058800000000000005 0.1338535414165666
2 0.026600000000000002 0.48679471788715484 0.0364 0.07322929171668667
2 0.14120000000000002 0.37815126050420167 0.041600000000000005 0.13925570228091236
2 0.15 0.3211284513805522 0.0128 0.03601440576230492
2 0.16820000000000002 0.31632653061224486 0.012400000000000001 0.024009603841536612
2 0.226 0.33283313325330127 0.0216 0.05702280912364945
2 0.26080000000000003 0.38565426170468187 0.0936 0.17106842737094838
2 0.3784 0.4009603841536614 0.0984 0.22929171668667464
2 0.13340000000000002 0.5102040816326531 0.034 0.07803121248499399
2 0.11800000000000001 0.5888355342136854 0.060000000000000005 0.09483793517406962
2 0.2286 0.6665666266506602 0.0796 0.15426170468187275
2 0.20980000000000001 0.806422569027611 0.1292 0.187875150060024
2 0.4184 0.5510204081632653 0.0408 0.08043217286914765
2 0.46480000000000005 0.7223889555822328 0.08 0.15066026410564223
2 0.4832 0.6377551020408163 0.0656 0.12665066026410562
2 0.52 0.5984393757503 0.054400000000000004 0.1140456182472989
2 0.5564 0.5459183673469388 0.038400000000000004 0.09903961584633852
2 0.5838 0.5372148859543817 0.0492 0.1524609843937575
2 0.4656 0.539015606242497 0.0376 0.08763505402160864
2 0.529 0.39825930372148854 0.1044 0.21068427370948378
2 0.5578000000000001 0.31962785114045617 0.0492 0.0978391356542617
2 0.6828000000000001 0.40606242496998796 0.0936 0.26110444177671066
2 0.6608 0.5135054021608643 0.0376 0.07623049219687875
2 0.657 0.5432172869147659 0.053200000000000004 0.06962785114045618
2 0.6726000000000001 0.7887154861944777 0.1268 0.19687875150060022
2 0.629 0.6668667466986794 0.0828 0.0900360144057623
2 0.6386000000000001 0.592436974789916 0.06520000000000001 0.07202881152460984
2 0.9036000000000001 0.31152460984393754 0.031200000000000002 0.07923169267707082
2 0.9780000000000001 0.6494597839135654 0.0424 0.25930372148859543
2 0.9784 0.5270108043217286 0.0408 0.08883553421368547
