0 0.12421052631578947 0.6703470031545741 0.1663157894736842 0.61198738170347
0 0.32 0.6514195583596214 0.18526315789473685 0.6813880126182965
0 0.4994736842105263 0.6845425867507886 0.16736842105263158 0.61198738170347
0 0.6573684210526316 0.7082018927444794 0.15263157894736842 0.5615141955835962
0 0.8147368421052631 0.7137223974763407 0.14526315789473684 0.5347003154574133
0 0.7647368421052632 0.7208201892744479 0.12947368421052632 0.47634069400630913
0 0.8794736842105263 0.7129337539432177 0.12947368421052632 0.47634069400630913
0 0.9421052631578947 0.7271293375394322 0.11368421052631579 0.5205047318611987
0 0.4663157894736842 0.6829652996845426 0.14947368421052631 0.5457413249211356
0 0.6142105263157894 0.7074132492113564 0.1336842105263158 0.4873817034700315
2 0.019473684210526317 0.6853312302839116 0.022105263157894735 0.09305993690851734
2 0.04105263157894737 0.695583596214511 0.021052631578947368 0.06624605678233439
2 0.0731578947368421 0.6869085173501577 0.028421052631578948 0.061514195583596214
2 0.028421052631578948 0.5725552050473186 0.021052631578947368 0.050473186119873815
2 0.031052631578947366 0.5985804416403785 0.017894736842105262 0.026813880126182965
2 0.04368421052631579 0.6230283911671924 0.022105263157894735 0.04100946372239748
2 0.05947368421052632 0.6317034700315457 0.02 0.029968454258675076
2 0.06789473684210526 0.612776025236593 0.02 0.05205047318611987
2 0.1731578947368421 0.7287066246056783 0.02 0.0473186119873817
2 0.1931578947368421 0.7776025236593059 0.03684210526315789 0.0946372239747634
2 0.19473684210526315 0.725552050473186 0.023157894736842106 0.056782334384858045
2 0.17789473684210527 0.6869085173501577 0.029473684210526315 0.04889589905362776
2 0.16578947368421051 0.6198738170347003 0.024210526315789474 0.056782334384858045
2 0.23526315789473684 0.637223974763407 0.013684210526315788 0.044164037854889586
2 0.24 0.6206624605678234 0.021052631578947368 0.05205047318611987
2 0.24894736842105264 0.6269716088328076 0.017894736842105262 0.04258675078864353
2 0.3731578947368421 0.7752365930599369 0.028421052631578948 0.09621451104100946
2 0.39842105263157895 0.6080441640378549 0.030526315789473683 0.05205047318611987
2 0.40578947368421053 0.7373817034700315 0.02631578947368421 0.0362776025236593
2 0.5642105263157895 0.7941640378548895 0.02526315789473684 0.07413249211356467
2 0.7247368421052631 0.7854889589905363 0.030526315789473683 0.09779179810725552
2 0.57 0.6648264984227129 0.02 0.061514195583596214
2 0.73 0.72397476340694 0.02631578947368421 0.03785488958990536
