0 0.083 0.5617469879518072 0.09 0.3283132530120482
0 0.03 0.5406626506024097 0.06 0.2620481927710844
0 0.971 0.5256024096385542 0.054 0.29819277108433734
0 0.9530000000000001 0.5346385542168675 0.078 0.2921686746987952
0 0.927 0.5391566265060241 0.07 0.25903614457831325
0 0.896 0.5391566265060241 0.064 0.24096385542168675
0 0.161 0.5256024096385542 0.186 0.6837349397590362
0 0.27 0.5256024096385542 0.176 0.6475903614457832
0 0.406 0.5060240963855422 0.17200000000000001 0.6325301204819277
0 0.509 0.5301204819277109 0.166 0.6204819277108434
0 0.612 0.5210843373493976 0.17200000000000001 0.6385542168674699
0 0.708 0.5060240963855422 0.176 0.6445783132530121
0 0.8190000000000001 0.4954819277108434 0.19 0.7018072289156627
2 0.186 0.7033132530120483 0.16 0.569277108433735
2 0.323 0.6927710843373495 0.194 0.5542168674698795
2 0.46900000000000003 0.6927710843373495 0.182 0.5421686746987953
2 0.612 0.6957831325301205 0.156 0.5180722891566265
2 0.764 0.6716867469879518 0.176 0.5602409638554218
