0 0.18291666666666667 0.650625 0.0825 0.30625
0 0.24291666666666667 0.650625 0.08416666666666667 0.31125
0 0.31 0.595625 0.058333333333333334 0.21375
0 0.335 0.47875 0.023333333333333334 0.08750000000000001
0 0.2629166666666667 0.48562500000000003 0.029166666666666667 0.10875
0 0.4579166666666667 0.43 0.015833333333333335 0.06
0 0.4354166666666667 0.71375 0.08916666666666667 0.33
0 0.5483333333333333 0.7156250000000001 0.10333333333333335 0.38125000000000003
0 0.5754166666666667 0.560625 0.050833333333333335 0.18875
0 0.6591666666666667 0.51625 0.03333333333333333 0.1225
0 0.6145833333333334 0.51 0.035833333333333335 0.13
0 0.5933333333333334 0.5 0.028333333333333335 0.10250000000000001
0 0.5529166666666667 0.47000000000000003 0.01916666666666667 0.0725
0 0.5008333333333334 0.505 0.030000000000000002 0.1125
0 0.5208333333333334 0.579375 0.05666666666666667 0.20875
0 0.5283333333333333 0.46625 0.02 0.075
0 0.4816666666666667 0.43062500000000004 0.013333333333333334 0.051250000000000004
0 0.47750000000000004 0.426875 0.013333333333333334 0.04875
2 0.2725 0.889375 0.17833333333333334 0.18875
2 0.6133333333333334 0.77375 0.085 0.245
2 0.14750000000000002 0.53125 0.043333333333333335 0.085
2 0.19208333333333336 0.5075000000000001 0.04416666666666667 0.09
2 0.19666666666666668 0.770625 0.12666666666666668 0.28625
2 0.5520833333333334 0.5025000000000001 0.020833333333333336 0.0525
2 0.63875 0.79125 0.1275 0.3775
2 0.51 0.421875 0.013333333333333334 0.02125
2 0.5245833333333334 0.421875 0.014166666666666668 0.01375
2 0.5370833333333334 0.44375000000000003 0.014166666666666668 0.03
2 0.23625000000000002 0.485 0.01916666666666667 0.0625
2 0.26125000000000004 0.484375 0.015833333333333335 0.05375
