0 0.07819905213270142 0.6285046728971962 0.05687203791469195 0.14485981308411214
0 0.06753554502369669 0.49299065420560745 0.05924170616113744 0.14485981308411214
0 0.11018957345971565 0.5817757009345794 0.06872037914691943 0.17289719626168223
0 0.20142180094786732 0.6063084112149533 0.05687203791469195 0.1425233644859813
0 0.2559241706161138 0.6226635514018691 0.05687203791469195 0.1378504672897196
0 0.3033175355450237 0.6436915887850467 0.05213270142180095 0.13317757009345793
0 0.3341232227488152 0.6588785046728971 0.047393364928909956 0.12149532710280372
0 0.3803317535545024 0.6728971962616822 0.05924170616113744 0.14485981308411214
0 0.4514218009478673 0.7126168224299065 0.05924170616113744 0.14953271028037382
0 0.49763033175355453 0.6810747663551401 0.05213270142180095 0.13317757009345793
0 0.5545023696682465 0.7278037383177569 0.05687203791469195 0.1425233644859813
0 0.6054502369668247 0.7488317757009345 0.04976303317535545 0.12850467289719625
0 0.6706161137440759 0.7511682242990654 0.06161137440758294 0.14719626168224298
0 0.7061611374407584 0.7278037383177569 0.06161137440758294 0.15654205607476634
0 0.7381516587677726 0.77803738317757 0.05450236966824645 0.13551401869158877
0 0.840047393364929 0.7733644859813084 0.05924170616113744 0.14953271028037382
0 0.509478672985782 0.3925233644859813 0.05687203791469195 0.14018691588785046
0 0.4395734597156398 0.36331775700934577 0.06398104265402844 0.15186915887850466
0 0.028436018957345974 0.23247663551401868 0.05687203791469195 0.1378504672897196
0 0.14928909952606637 0.2219626168224299 0.06161137440758294 0.1542056074766355
0 0.20023696682464456 0.11682242990654204 0.05924170616113744 0.14485981308411214
0 0.2796208530805687 0.12967289719626168 0.05213270142180095 0.12850467289719625
0 0.30568720379146924 0.2978971962616822 0.06635071090047394 0.1658878504672897
0 0.3483412322274882 0.2698598130841121 0.05213270142180095 0.13317757009345793
0 0.5817535545023698 0.39602803738317754 0.06398104265402844 0.15654205607476634
0 0.6315165876777251 0.4182242990654205 0.05924170616113744 0.14485981308411214
0 0.6860189573459716 0.38084112149532706 0.05924170616113744 0.14953271028037382
0 0.7713270142180095 0.40887850467289716 0.07819905213270142 0.18691588785046728
0 0.7298578199052134 0.3796728971962616 0.06161137440758294 0.15654205607476634
0 0.5758293838862559 0.6203271028037383 0.06161137440758294 0.15186915887850466
0 0.6635071090047394 0.6682242990654205 0.07109004739336494 0.17289719626168223
0 0.7452606635071091 0.44158878504672894 0.04976303317535545 0.12149532710280372
0 0.7962085308056872 0.45443925233644855 0.05687203791469195 0.1378504672897196
2 0.18483412322274884 0.4941588785046729 0.06161137440758294 0.08177570093457943
2 0.24170616113744078 0.5093457943925234 0.047393364928909956 0.0794392523364486
2 0.28672985781990523 0.4859813084112149 0.047393364928909956 0.03271028037383177
2 0.29739336492891 0.5327102803738317 0.04976303317535545 0.06074766355140186
2 0.36255924170616116 0.5478971962616822 0.05213270142180095 0.07242990654205607
2 0.40758293838862564 0.5478971962616822 0.047393364928909956 0.07242990654205607
2 0.4668246445497631 0.5735981308411214 0.07109004739336494 0.08177570093457943
2 0.41824644549763035 0.11098130841121495 0.07819905213270142 0.07710280373831775
2 0.4265402843601896 0.16121495327102803 0.047393364928909956 0.07476635514018691
2 0.49881516587677727 0.23130841121495324 0.07345971563981044 0.07476635514018691
2 0.5687203791469195 0.2406542056074766 0.06161137440758294 0.0794392523364486
2 0.6563981042654029 0.2967289719626168 0.07109004739336494 0.09345794392523364
2 0.6504739336492892 0.21261682242990654 0.08293838862559243 0.08411214953271028
2 0.8601895734597157 0.4205607476635514 0.047393364928909956 0.0514018691588785
2 0.9099526066350712 0.43691588785046725 0.05213270142180095 0.08411214953271028
2 0.9668246445497631 0.4357476635514018 0.05213270142180095 0.0630841121495327
2 0.9620853080568721 0.48714953271028033 0.05213270142180095 0.053738317757009345
2 0.8080568720379148 0.3107476635514018 0.04265402843601896 0.04205607476635514
2 0.8625592417061612 0.32943925233644855 0.06161137440758294 0.06074766355140186
2 0.9063981042654029 0.3586448598130841 0.05924170616113744 0.053738317757009345
2 0.9620853080568721 0.3516355140186916 0.05213270142180095 0.07242990654205607
2 0.731042654028436 0.25584112149532706 0.05924170616113744 0.07710280373831775
2 0.7713270142180095 0.26869158878504673 0.05450236966824645 0.0794392523364486
2 0.8720379146919433 0.27102803738317754 0.06635071090047394 0.06542056074766354
2 0.9253554502369669 0.25817757009345793 0.05924170616113744 0.10514018691588785
2 0.9751184834123223 0.2546728971962617 0.03554502369668247 0.08878504672897196
2 0.7357819905213271 0.1880841121495327 0.08767772511848342 0.06775700934579439
2 0.5627962085308057 0.16705607476635512 0.07345971563981044 0.0630841121495327
2 0.4940758293838863 0.11915887850467288 0.05924170616113744 0.09345794392523364
2 0.5118483412322276 0.04439252336448598 0.08056872037914692 0.08411214953271028
2 0.6007109004739337 0.0689252336448598 0.07345971563981044 0.10046728971962617
2 0.6670616113744077 0.10046728971962617 0.06398104265402844 0.08878504672897196
2 0.7286729857819906 0.08177570093457943 0.07345971563981044 0.10747663551401869
2 0.8151658767772513 0.09228971962616822 0.06635071090047394 0.0630841121495327
2 0.8187203791469195 0.19275700934579437 0.03080568720379147 0.0630841121495327
2 0.8495260663507109 0.1939252336448598 0.03554502369668247 0.0514018691588785
2 0.8803317535545024 0.10630841121495327 0.04976303317535545 0.0630841121495327
2 0.9514218009478673 0.1144859813084112 0.07345971563981044 0.05607476635514018
2 0.9241706161137442 0.1717289719626168 0.047393364928909956 0.04906542056074766
2 0.9727488151658769 0.17406542056074764 0.03554502369668247 0.053738317757009345
2 0.7867298578199052 0.026869158878504672 0.05687203791469195 0.053738317757009345
2 0.868483412322275 0.0397196261682243 0.04976303317535545 0.07009345794392523
2 0.9395734597156399 0.04205607476635514 0.07819905213270142 0.08411214953271028
