0 0.45138888888888884 0.43521126760563383 0.19642857142857142 0.6788732394366197
0 0.0744047619047619 0.2535211267605634 0.07738095238095238 0.27605633802816903
0 0.11805555555555555 0.27323943661971833 0.06547619047619047 0.23661971830985917
0 0.185515873015873 0.2774647887323944 0.06547619047619047 0.22816901408450704
0 0.23511904761904762 0.2915492957746479 0.057539682539682536 0.2056338028169014
0 0.27678571428571425 0.28450704225352114 0.06547619047619047 0.23098591549295777
0 0.35119047619047616 0.2943661971830986 0.06349206349206349 0.22253521126760564
0 0.5267857142857143 0.3014084507042254 0.05357142857142857 0.18591549295774648
0 0.548611111111111 0.31690140845070425 0.037698412698412696 0.13239436619718312
0 0.5634920634920635 0.31690140845070425 0.03968253968253968 0.14366197183098592
0 0.6121031746031745 0.35492957746478876 0.041666666666666664 0.14647887323943662
0 0.6299603174603174 0.34929577464788736 0.02976190476190476 0.10140845070422536
0 0.6577380952380952 0.31971830985915495 0.0496031746031746 0.17183098591549298
0 0.7023809523809523 0.3352112676056338 0.03571428571428571 0.1295774647887324
0 0.7251984126984127 0.3380281690140845 0.037698412698412696 0.14084507042253522
0 0.8581349206349206 0.3830985915492958 0.03373015873015873 0.12394366197183099
0 0.9017857142857142 0.37746478873239436 0.02976190476190476 0.10140845070422536
0 0.9176587301587301 0.37464788732394366 0.025793650793650792 0.09014084507042254
0 0.939484126984127 0.38450704225352117 0.021825396825396824 0.08169014084507042
0 0.9761904761904762 0.38169014084507047 0.027777777777777776 0.09859154929577466
0 0.9871031746031745 0.38732394366197187 0.021825396825396824 0.09295774647887324
0 0.9533730158730158 0.3591549295774648 0.037698412698412696 0.13239436619718312
2 0.3988095238095238 0.23661971830985917 0.031746031746031744 0.061971830985915494
2 0.5059523809523809 0.2563380281690141 0.023809523809523808 0.05070422535211268
2 0.5942460317460317 0.2887323943661972 0.025793650793650792 0.08732394366197184
2 0.6299603174603174 0.2746478873239437 0.021825396825396824 0.036619718309859155
2 0.8323412698412698 0.29014084507042254 0.037698412698412696 0.04507042253521127
2 0.9146825396825397 0.3154929577464789 0.03571428571428571 0.056338028169014086
2 0.939484126984127 0.3098591549295775 0.025793650793650792 0.061971830985915494
2 0.8194444444444444 0.34929577464788736 0.05555555555555555 0.10140845070422536
2 0.8452380952380952 0.34929577464788736 0.01984126984126984 0.03943661971830986
2 0.7728174603174602 0.34929577464788736 0.06944444444444445 0.2028169014084507
