0 0.12250000000000001 0.64875 0.03833333333333334 0.14250000000000002
0 0.195 0.635 0.03666666666666667 0.135
0 0.265 0.61875 0.030000000000000002 0.11750000000000001
0 0.3166666666666667 0.61125 0.02666666666666667 0.10250000000000001
0 0.37083333333333335 0.6025 0.025 0.095
0 0.4416666666666667 0.66625 0.05333333333333334 0.1975
0 0.5950000000000001 0.65125 0.05 0.1875
0 0.5441666666666667 0.62625 0.03833333333333334 0.1475
0 0.5225000000000001 0.61375 0.035 0.1275
0 0.505 0.60375 0.030000000000000002 0.1075
0 0.42500000000000004 0.62625 0.04 0.1475
0 0.6733333333333333 0.6375000000000001 0.043333333333333335 0.16
0 0.6483333333333334 0.61375 0.03666666666666667 0.14250000000000002
0 0.7125 0.60375 0.035 0.1275
0 0.7933333333333333 0.62125 0.04 0.1525
0 0.9816666666666667 0.6525 0.03333333333333333 0.19
0 0.9633333333333334 0.63 0.04 0.155
0 0.9441666666666667 0.615 0.035 0.13
0 0.9225000000000001 0.6 0.03166666666666667 0.115
0 0.9125000000000001 0.58875 0.028333333333333335 0.10250000000000001
0 0.6900000000000001 0.5925 0.02666666666666667 0.105
0 0.6075 0.6062500000000001 0.028333333333333335 0.1125
2 0.5825 0.555 0.021666666666666667 0.025
2 0.66 0.545 0.016666666666666666 0.025
2 0.45833333333333337 0.57375 0.02666666666666667 0.0525
