0 0.1991666666666667 0.56265664160401 0.11833333333333335 0.43859649122807015
0 0.3691666666666667 0.62531328320802 0.15166666666666667 0.5588972431077694
0 0.29750000000000004 0.5977443609022556 0.12833333333333335 0.46867167919799496
0 0.5891666666666667 0.6190476190476191 0.14833333333333334 0.5513784461152882
0 0.5216666666666667 0.5388471177944862 0.09000000000000001 0.3358395989974937
0 0.47750000000000004 0.48621553884711777 0.058333333333333334 0.22055137844611528
0 0.4441666666666667 0.49248120300751874 0.04833333333333334 0.17794486215538846
2 0.07250000000000001 0.43609022556390975 0.03833333333333334 0.11027568922305764
2 0.04166666666666667 0.39348370927318294 0.023333333333333334 0.040100250626566414
2 0.21166666666666667 0.39473684210526316 0.023333333333333334 0.022556390977443608
2 0.2316666666666667 0.4172932330827067 0.04 0.10776942355889724
2 0.15583333333333335 0.42606516290726815 0.03833333333333334 0.08020050125313283
2 0.25916666666666666 0.4022556390977443 0.028333333333333335 0.06766917293233082
2 0.2841666666666667 0.40852130325814534 0.04166666666666667 0.05513784461152882
2 0.3416666666666667 0.41102756892230574 0.03333333333333333 0.06516290726817042
2 0.4341666666666667 0.41604010025062654 0.028333333333333335 0.045112781954887216
2 0.42083333333333334 0.39473684210526316 0.015000000000000001 0.03258145363408521
2 0.41250000000000003 0.40852130325814534 0.028333333333333335 0.06516290726817042
2 0.49833333333333335 0.4072681704260651 0.023333333333333334 0.05263157894736842
2 0.48833333333333334 0.4022556390977443 0.023333333333333334 0.03759398496240601
2 0.545 0.39849624060150374 0.02666666666666667 0.045112781954887216
2 0.6683333333333333 0.40601503759398494 0.023333333333333334 0.05012531328320802
2 0.68 0.39849624060150374 0.02 0.05513784461152882
2 0.6991666666666667 0.41353383458646614 0.015000000000000001 0.05012531328320802
2 0.7075 0.41353383458646614 0.018333333333333333 0.03508771929824561
2 0.7366666666666667 0.43107769423558895 0.05 0.07518796992481203
2 0.7516666666666667 0.40852130325814534 0.013333333333333334 0.03007518796992481
2 0.7691666666666667 0.40601503759398494 0.018333333333333333 0.03508771929824561
2 0.78 0.41854636591478694 0.05 0.08521303258145363
2 0.8241666666666667 0.40476190476190477 0.055 0.09774436090225563
2 0.8483333333333334 0.40601503759398494 0.03666666666666667 0.08020050125313283
2 0.8875000000000001 0.4223057644110275 0.07166666666666667 0.11779448621553884
2 0.9750000000000001 0.40476190476190477 0.043333333333333335 0.14285714285714285
2 0.9675 0.7155388471177945 0.06166666666666667 0.5488721804511278
2 0.04583333333333334 0.6691729323308271 0.09166666666666667 0.6516290726817042
