0 0.9376146788990827 0.610803324099723 0.03302752293577982 0.11911357340720222
0 0.955045871559633 0.7229916897506925 0.04220183486238532 0.15512465373961218
0 0.9018348623853212 0.7977839335180056 0.045871559633027525 0.17174515235457063
0 0.5330275229357798 0.925207756232687 0.03486238532110092 0.13850415512465375
0 0.24770642201834864 0.7908587257617729 0.047706422018348627 0.18005540166204986
0 0.27431192660550463 0.7853185595567868 0.04220183486238532 0.15789473684210525
0 0.081651376146789 0.7922437673130194 0.05321100917431193 0.19390581717451524
0 0.026605504587155965 0.8116343490304709 0.045871559633027525 0.16620498614958448
0 0.18256880733944955 0.5401662049861495 0.02018348623853211 0.07756232686980609
0 0.3495412844036697 0.7493074792243767 0.04220183486238532 0.1634349030470914
0 0.4174311926605505 0.7493074792243767 0.04954128440366973 0.18559556786703602
0 0.4522935779816514 0.7063711911357341 0.04220183486238532 0.15512465373961218
0 0.5522935779816514 0.7132963988919667 0.044036697247706424 0.1634349030470914
0 0.24220183486238533 0.6218836565096952 0.03302752293577982 0.11911357340720222
0 0.10366972477064221 0.48614958448753465 0.012844036697247707 0.05263157894736842
0 0.0963302752293578 0.48614958448753465 0.012844036697247707 0.05263157894736842
0 0.25412844036697246 0.5207756232686981 0.01651376146788991 0.0664819944598338
0 0.024770642201834864 0.5110803324099723 0.01651376146788991 0.05817174515235457
0 0.04954128440366973 0.4889196675900277 0.014678899082568808 0.05263157894736842
0 0.3229357798165138 0.48753462603878117 0.014678899082568808 0.060941828254847646
0 0.42201834862385323 0.5152354570637119 0.01834862385321101 0.0664819944598338
0 0.26972477064220185 0.6260387811634349 0.029357798165137616 0.11634349030470914
0 0.25688073394495414 0.6218836565096952 0.029357798165137616 0.11357340720221606
0 0.2944954128440367 0.6246537396121884 0.031192660550458717 0.11911357340720222
0 0.29174311926605506 0.7119113573407202 0.03669724770642202 0.1440443213296399
0 0.3559633027522936 0.6689750692520776 0.03302752293577982 0.12465373961218837
0 0.5752293577981652 0.7049861495844876 0.04220183486238532 0.15789473684210525
0 0.6027522935779817 0.6939058171745153 0.03853211009174312 0.14127423822714683
0 0.618348623853211 0.6869806094182825 0.03302752293577982 0.12742382271468145
0 0.626605504587156 0.6814404432132964 0.03486238532110092 0.12742382271468145
0 0.6403669724770642 0.6786703601108033 0.03669724770642202 0.13850415512465375
0 0.6651376146788991 0.6634349030470914 0.031192660550458717 0.11357340720221606
0 0.6385321100917432 0.5969529085872576 0.029357798165137616 0.11357340720221606
0 0.6678899082568808 0.590027700831025 0.025688073394495414 0.0997229916897507
0 0.6862385321100918 0.6523545706371191 0.03302752293577982 0.11911357340720222
0 0.7100917431192661 0.6385041551246537 0.03302752293577982 0.12465373961218837
0 0.6935779816513762 0.590027700831025 0.025688073394495414 0.0997229916897507
0 0.7330275229357799 0.628808864265928 0.031192660550458717 0.12188365650969529
0 0.7440366972477065 0.6246537396121884 0.031192660550458717 0.11911357340720222
0 0.7532110091743119 0.6121883656509696 0.031192660550458717 0.12188365650969529
0 0.7825688073394496 0.6038781163434903 0.027522935779816515 0.11080332409972299
0 0.7761467889908258 0.5969529085872576 0.025688073394495414 0.09695290858725762
0 0.51651376146789 0.4792243767313019 0.012844036697247707 0.055401662049861494
0 0.553211009174312 0.5332409972299169 0.023853211009174313 0.08587257617728532
0 0.5752293577981652 0.5124653739612188 0.02018348623853211 0.07202216066481995
0 0.5963302752293578 0.5138504155124654 0.01834862385321101 0.06925207756232687
0 0.6165137614678899 0.5138504155124654 0.01834862385321101 0.06925207756232687
0 0.6256880733944954 0.5069252077562327 0.014678899082568808 0.060941828254847646
2 0.29633027522935784 0.48614958448753465 0.031192660550458717 0.06925207756232687
2 0.28073394495412846 0.6149584487534626 0.025688073394495414 0.12188365650969529
2 0.2908256880733945 0.5761772853185596 0.01651376146788991 0.055401662049861494
2 0.30733944954128445 0.5817174515235457 0.02018348623853211 0.07756232686980609
2 0.3165137614678899 0.5720221606648199 0.01651376146788991 0.05263157894736842
2 0.33302752293577986 0.5609418282548476 0.01651376146788991 0.06371191135734072
2 0.3385321100917431 0.5595567867036011 0.012844036697247707 0.060941828254847646
2 0.3688073394495413 0.5512465373961218 0.03669724770642202 0.0664819944598338
2 0.7330275229357799 0.5609418282548476 0.023853211009174313 0.05263157894736842
2 0.5779816513761469 0.48753462603878117 0.01834862385321101 0.0443213296398892
4 0.031192660550458717 0.5055401662049861 0.062385321100917435 0.1745152354570637
4 0.14495412844036698 0.4584487534626039 0.062385321100917435 0.06371191135734072
4 0.3614678899082569 0.6509695290858726 0.23853211009174313 0.19390581717451524
