0 0.19 0.5333333333333333 0.165 0.5333333333333333
0 0.27 0.52 0.135 0.4466666666666667
0 0.3575 0.48833333333333334 0.135 0.4366666666666667
0 0.4425 0.4916666666666667 0.125 0.4166666666666667
0 0.51625 0.47500000000000003 0.1375 0.45
0 0.61 0.5016666666666667 0.155 0.5033333333333334
0 0.70375 0.515 0.1575 0.5166666666666667
0 0.785 0.5266666666666667 0.155 0.5133333333333334
0 0.89125 0.5666666666666667 0.1775 0.5866666666666667
2 0.06125 0.4966666666666667 0.08750000000000001 0.25333333333333335
2 0.1325 0.5700000000000001 0.045 0.13333333333333333
2 0.2525 0.6733333333333333 0.16 0.4066666666666667
2 0.35000000000000003 0.6533333333333333 0.12 0.37333333333333335
2 0.4575 0.6566666666666667 0.14 0.38
2 0.5725 0.6900000000000001 0.115 0.3466666666666667
2 0.6575 0.6900000000000001 0.1 0.38
2 0.7887500000000001 0.7083333333333334 0.1225 0.37000000000000005
2 0.9775 0.4033333333333334 0.025 0.09333333333333334
2 0.94625 0.36333333333333334 0.0375 0.04666666666666667
2 0.04125 0.3166666666666667 0.0175 0.06666666666666667
