0 0.19 0.6973293768545994 0.13333333333333333 0.5875370919881305
0 0.6325000000000001 0.7255192878338279 0.125 0.543026706231454
0 0.7358333333333333 0.7255192878338279 0.125 0.543026706231454
0 0.8550000000000001 0.6468842729970327 0.16 0.7002967359050445
0 0.7141666666666667 0.28338278931750743 0.07500000000000001 0.33531157270029677
0 0.6408333333333334 0.4599406528189911 0.095 0.41543026706231456
0 0.5641666666666667 0.48961424332344217 0.09833333333333334 0.4332344213649852
0 0.43583333333333335 0.5445103857566765 0.14166666666666666 0.6201780415430267
0 0.36750000000000005 0.4406528189910979 0.10500000000000001 0.46587537091988135
0 0.5183333333333333 0.3427299703264095 0.11 0.47774480712166173
2 0.2916666666666667 0.5222551928783383 0.11666666666666667 0.42729970326409494
2 0.42250000000000004 0.2655786350148368 0.058333333333333334 0.13353115727002968
2 0.6325000000000001 0.3115727002967359 0.10500000000000001 0.2967359050445104
2 0.6033333333333334 0.15875370919881307 0.05 0.08011869436201781
2 0.4266666666666667 0.17062314540059348 0.08333333333333334 0.19287833827893175
2 0.3816666666666667 0.14391691394658754 0.04666666666666667 0.11572700296735905
2 0.32333333333333336 0.2166172106824926 0.07 0.18991097922848665
2 0.29250000000000004 0.24332344213649854 0.11833333333333335 0.2195845697329377
