0 0.035937500000000004 0.5617577197149644 0.07187500000000001 0.2921615201900238
0 0.096875 0.6923990498812352 0.146875 0.5534441805225654
0 0.1859375 0.6342042755344418 0.1125 0.4180522565320665
0 0.2265625 0.5926365795724465 0.084375 0.32066508313539194
0 0.2515625 0.5641330166270784 0.06875 0.2589073634204276
0 0.28359375000000003 0.5510688836104514 0.0578125 0.21852731591448932
0 0.31796875 0.5213776722090262 0.045312500000000006 0.16864608076009502
0 0.46015625000000004 0.6745843230403801 0.1328125 0.498812351543943
0 0.4234375 0.6080760095011877 0.1 0.3752969121140143
0 0.7234375000000001 0.669833729216152 0.12812500000000002 0.4798099762470309
0 0.65390625 0.6128266033254157 0.1046875 0.38954869358669836
0 0.62109375 0.5795724465558195 0.07968750000000001 0.30403800475059384
0 0.5796875 0.5641330166270784 0.06875 0.26365795724465557
0 0.89375 0.6282660332541568 0.1 0.3776722090261283
0 0.80859375 0.5878859857482186 0.07968750000000001 0.3016627078384798
0 0.8382812500000001 0.5570071258907364 0.051562500000000004 0.1971496437054632
0 0.96015625 0.5771971496437055 0.0734375 0.28028503562945367
3 0.10312500000000001 0.22446555819477435 0.034375 0.14014251781472684
4 0.6640625 0.5593824228028503 0.665625 0.30641330166270786
4 0.12734375 0.505938242280285 0.2515625 0.2755344418052257
