0 0.01375 0.43333333333333335 0.0175 0.06333333333333334
0 0.09 0.4741666666666667 0.04 0.13166666666666668
0 0.14625 0.48583333333333334 0.045 0.14500000000000002
0 0.1125 0.43083333333333335 0.015 0.055
0 0.335625 0.4025 0.01125 0.04166666666666667
0 0.4325 0.4 0.01 0.03333333333333333
0 0.524375 0.4083333333333334 0.01375 0.043333333333333335
0 0.5700000000000001 0.40750000000000003 0.0125 0.04166666666666667
0 0.5625 0.41000000000000003 0.01 0.03666666666666667
0 0.5425 0.5575 0.0575 0.19166666666666668
0 0.655 0.5950000000000001 0.0925 0.30333333333333334
0 0.735 0.5725 0.06 0.195
0 0.8512500000000001 0.5308333333333334 0.0775 0.25833333333333336
0 0.458125 0.5850000000000001 0.06875 0.22666666666666668
0 0.39687500000000003 0.5650000000000001 0.06375 0.2066666666666667
0 0.2775 0.6008333333333333 0.0725 0.23833333333333334
0 0.243125 0.5741666666666667 0.06625 0.22166666666666668
0 0.225 0.5483333333333333 0.07 0.22666666666666668
0 0.20125 0.5383333333333333 0.065 0.21333333333333335
0 0.35625 0.5483333333333333 0.0575 0.19333333333333336
0 0.328125 0.5283333333333333 0.058750000000000004 0.19666666666666668
0 0.6875 0.5508333333333334 0.055 0.18500000000000003
0 0.6062500000000001 0.5725 0.065 0.21166666666666667
0 0.62875 0.5383333333333333 0.0525 0.17666666666666667
0 0.5962500000000001 0.5291666666666667 0.05 0.16166666666666668
0 0.501875 0.5375000000000001 0.06125 0.2016666666666667
0 0.080625 0.4666666666666667 0.03875 0.12666666666666668
0 0.166875 0.4766666666666667 0.03125 0.10333333333333335
2 0.185 0.43250000000000005 0.0175 0.04166666666666667
2 0.1575 0.42583333333333334 0.0175 0.025
2 0.24125 0.43750000000000006 0.03 0.058333333333333334
2 0.215625 0.43083333333333335 0.02125 0.035
2 0.27 0.45 0.025 0.07666666666666667
2 0.28875 0.4525 0.0325 0.07500000000000001
2 0.316875 0.4516666666666667 0.02375 0.04666666666666667
2 0.3525 0.4341666666666667 0.025 0.04833333333333334
2 0.37875000000000003 0.46 0.025 0.06333333333333334
2 0.38875 0.4425 0.015 0.03166666666666667
2 0.41625 0.465 0.0375 0.07666666666666667
4 0.5 0.4141666666666667 0.9925 0.115
