0 0.49 0.5483333333333333 0.14 0.4566666666666667
0 0.3375 0.48500000000000004 0.14 0.4633333333333334
0 0.23125 0.6833333333333333 0.1925 0.6266666666666667
0 0.2675 0.335 0.065 0.22333333333333336
0 0.6075 0.28833333333333333 0.135 0.4366666666666667
0 0.55375 0.23 0.08750000000000001 0.29333333333333333
0 0.48625 0.23500000000000001 0.1075 0.3566666666666667
0 0.65 0.26666666666666666 0.125 0.4066666666666667
0 0.6950000000000001 0.2783333333333334 0.12 0.39666666666666667
0 0.82625 0.30833333333333335 0.1625 0.5366666666666667
0 0.155 0.2516666666666667 0.105 0.35000000000000003
0 0.2325 0.2516666666666667 0.12 0.39666666666666667
2 0.93 0.395 0.095 0.79
2 0.885 0.6050000000000001 0.225 0.7766666666666667
2 0.1525 0.4916666666666667 0.3 0.9766666666666667
2 0.165 0.10833333333333334 0.075 0.13
2 0.11750000000000001 0.135 0.09 0.18333333333333335
2 0.095 0.23 0.09 0.26666666666666666
4 0.52125 0.155 0.9325 0.31
