0 0.242 0.7513513513513514 0.136 0.4486486486486487
0 0.545 0.7472972972972973 0.126 0.4243243243243243
0 0.843 0.6824324324324325 0.13 0.4297297297297298
0 0.17400000000000002 0.4756756756756757 0.108 0.3567567567567568
0 0.397 0.46351351351351355 0.106 0.3540540540540541
0 0.603 0.4554054054054054 0.10200000000000001 0.3432432432432433
0 0.9560000000000001 0.44324324324324327 0.084 0.33513513513513515
0 0.291 0.42162162162162165 0.114 0.3783783783783784
0 0.24 0.37972972972972974 0.112 0.37027027027027026
0 0.47000000000000003 0.40810810810810816 0.10400000000000001 0.35135135135135137
0 0.068 0.41621621621621624 0.112 0.372972972972973
0 0.775 0.45 0.098 0.32162162162162167
4 0.499 0.14594594594594595 0.99 0.2864864864864865
