0 0.19578313253012047 0.5132850241545893 0.3072289156626506 0.9057971014492753
0 0.2730923694779116 0.3683574879227053 0.18473895582329317 0.5434782608695652
0 0.44477911646586343 0.3683574879227053 0.1465863453815261 0.4323671497584541
0 0.5953815261044176 0.3321256038647343 0.12650602409638553 0.3743961352657005
0 0.49297188755020077 0.33695652173913043 0.142570281124498 0.4227053140096618
0 0.34538152610441764 0.3297101449275362 0.1004016064257028 0.2971014492753623
0 0.859437751004016 0.3550724637681159 0.0642570281124498 0.18840579710144928
0 0.9337349397590361 0.2898550724637681 0.1004016064257028 0.2946859903381642
0 0.8022088353413653 0.3007246376811594 0.09437751004016064 0.2826086956521739
0 0.6686746987951807 0.2608695652173913 0.048192771084337345 0.14492753623188406
0 0.7369477911646586 0.2608695652173913 0.05220883534136546 0.15458937198067632
0 0.967871485943775 0.3103864734299517 0.06024096385542168 0.30193236714975846
2 0.01506024096385542 0.214975845410628 0.03012048192771084 0.05797101449275362
2 0.0682730923694779 0.1473429951690821 0.04417670682730923 0.0966183574879227
2 0.10341365461847389 0.15096618357487923 0.0502008032128514 0.09420289855072464
2 0.7499999999999999 0.4975845410628019 0.2791164658634538 0.42028985507246375
2 0.6315261044176707 0.20169082125603863 0.02610441767068273 0.05072463768115942
2 0.6405622489959839 0.20048309178743962 0.01606425702811245 0.02898550724637681
2 0.7058232931726907 0.23188405797101447 0.03413654618473895 0.07729468599033816
2 0.7771084337349397 0.23550724637681159 0.028112449799196783 0.07971014492753623
2 0.7580321285140561 0.20289855072463767 0.022088353413654616 0.033816425120772944
4 0.789156626506024 0.23913043478260868 0.3052208835341365 0.13043478260869565
