0 0.505 0.46925566343042074 0.14200000000000002 0.56957928802589
0 0.354 0.47734627831715215 0.128 0.5080906148867315
0 0.787 0.40291262135922334 0.134 0.540453074433657
0 0.249 0.522653721682848 0.134 0.540453074433657
0 0.846 0.4077669902912622 0.12 0.4854368932038835
0 0.897 0.48381877022653724 0.154 0.6051779935275081
0 0.529 0.6003236245954693 0.134 0.5275080906148868
0 0.6930000000000001 0.38511326860841427 0.13 0.5242718446601942
2 0.11800000000000001 0.5129449838187703 0.084 0.24919093851132687
2 0.269 0.6423948220064726 0.198 0.313915857605178
2 0.081 0.9093851132686085 0.078 0.1488673139158576
2 0.451 0.843042071197411 0.08600000000000001 0.13268608414239483
2 0.629 0.8462783171521036 0.134 0.26860841423948223
2 0.673 0.7605177993527509 0.058 0.11650485436893204
2 0.773 0.8511326860841424 0.13 0.25889967637540456
2 0.882 0.8268608414239482 0.092 0.29449838187702265
2 0.963 0.3883495145631068 0.05 0.2783171521035599
2 0.928 0.25080906148867316 0.048 0.17152103559870552
2 0.853 0.14724919093851133 0.05 0.08090614886731393
2 0.8150000000000001 0.11326860841423948 0.038 0.09061488673139159
2 0.778 0.045307443365695796 0.036000000000000004 0.06472491909385114
2 0.582 0.3640776699029126 0.076 0.2815533980582524
2 0.558 0.1941747572815534 0.07200000000000001 0.08414239482200647
2 0.587 0.13106796116504854 0.046 0.08090614886731393
2 0.502 0.15533980582524273 0.036000000000000004 0.0970873786407767
2 0.45 0.21359223300970875 0.04 0.11650485436893204
2 0.379 0.284789644012945 0.07 0.23300970873786409
2 0.297 0.24757281553398058 0.046 0.1262135922330097
2 0.248 0.2249190938511327 0.056 0.13915857605177995
2 0.167 0.2766990291262136 0.074 0.2038834951456311
2 0.09 0.16666666666666669 0.036000000000000004 0.1197411003236246
2 0.039 0.2766990291262136 0.046 0.11326860841423948
2 0.09 0.34304207119741104 0.052000000000000005 0.07119741100323625
2 0.055 0.03236245954692557 0.042 0.06472491909385114
2 0.1 0.04045307443365696 0.04 0.0744336569579288
2 0.16 0.11165048543689321 0.068 0.11326860841423948
2 0.156 0.022653721682847898 0.036000000000000004 0.045307443365695796
2 0.241 0.08414239482200647 0.082 0.1488673139158576
2 0.305 0.09546925566343042 0.038 0.0744336569579288
2 0.598 0.5954692556634305 0.108 0.16181229773462785
