0 0.24789915966386555 0.6180203045685279 0.2 0.7385786802030456
0 0.526890756302521 0.6205583756345178 0.09915966386554623 0.37309644670050757
0 0.626890756302521 0.6421319796954315 0.0638655462184874 0.24365482233502536
0 0.8168067226890757 0.6294416243654822 0.09075630252100841 0.33502538071065985
0 0.9042016806722689 0.6192893401015228 0.060504201680672276 0.22842639593908629
0 0.7344537815126051 0.6269035532994923 0.05042016806722689 0.1878172588832487
0 0.7890756302521009 0.6294416243654822 0.06218487394957983 0.23857868020304568
0 0.4563025210084034 0.6345177664974618 0.07563025210084034 0.27918781725888325
0 0.32184873949579834 0.6383248730964467 0.1092436974789916 0.4035532994923858
0 0.07563025210084034 0.649746192893401 0.08067226890756303 0.299492385786802
0 0.03613445378151261 0.6357868020304568 0.07226890756302522 0.42385786802030456
0 0.38067226890756306 0.6218274111675126 0.05882352941176471 0.2182741116751269
2 0.42352941176470593 0.631979695431472 0.02689075630252101 0.20304568527918782
