0 0.33125 0.6090225563909775 0.1475 0.5488721804511278
0 0.50875 0.6372180451127819 0.1225 0.4548872180451128
0 0.6325000000000001 0.6466165413533834 0.15 0.556390977443609
0 0.81125 0.5639097744360901 0.0775 0.2932330827067669
0 0.8612500000000001 0.5093984962406015 0.0575 0.21428571428571427
0 0.7775 0.5545112781954887 0.075 0.28195488721804507
0 0.41250000000000003 0.537593984962406 0.07 0.2631578947368421
0 0.16875 0.5845864661654135 0.11750000000000001 0.4323308270676691
0 0.085 0.556390977443609 0.105 0.39849624060150374
0 0.0375 0.5883458646616541 0.075 0.4398496240601504
0 0.25875 0.5639097744360901 0.10250000000000001 0.37593984962406013
0 0.46125 0.5244360902255639 0.0575 0.22180451127819548
0 0.6875 0.5432330827067668 0.08 0.2969924812030075
2 0.71 0.45300751879699247 0.03 0.10902255639097744
2 0.75625 0.4699248120300752 0.0225 0.12030075187969924
2 0.83875 0.4473684210526315 0.0225 0.08270676691729323
2 0.3625 0.5526315789473684 0.035 0.39849624060150374
2 0.5675 0.45112781954887216 0.04 0.07518796992481203
4 0.76375 0.37030075187969924 0.2675 0.13157894736842105
