0 0.56841046277666 0.3939393939393939 0.21126760563380284 0.7757575757575758
0 0.7474849094567405 0.17272727272727273 0.09456740442655936 0.34545454545454546
0 0.12575452716297789 0.12878787878787878 0.06639839034205232 0.2515151515151515
0 0.04627766599597586 0.10606060606060606 0.044265593561368215 0.1696969696969697
0 0.08048289738430583 0.10454545454545454 0.04024144869215292 0.15454545454545454
2 0.7374245472837023 0.5606060606060606 0.21529175050301813 0.4121212121212121
2 0.24647887323943665 0.6303030303030303 0.3319919517102616 0.6424242424242425
2 0.31690140845070425 0.2287878787878788 0.130784708249497 0.23939393939393938
2 0.22937625754527166 0.1 0.11670020120724348 0.16363636363636364
2 0.46478873239436624 0.353030303030303 0.13279678068410464 0.42727272727272725
2 0.37525150905432597 0.06363636363636363 0.14688128772635817 0.12121212121212122
2 0.8480885311871228 0.20757575757575758 0.06639839034205232 0.4090909090909091
2 0.9657947686116701 0.32272727272727275 0.05633802816901409 0.5969696969696969
2 0.4748490945674045 0.05 0.03621730382293763 0.07575757575757576
