0 0.7752941176470588 0.7742504409171076 0.1176470588235294 0.43033509700176364
0 0.9023529411764705 0.7433862433862434 0.10588235294117646 0.3897707231040564
0 0.8452941176470588 0.7160493827160493 0.08117647058823528 0.30335097001763667
0 0.698235294117647 0.7451499118165784 0.09058823529411764 0.3298059964726631
0 0.42176470588235293 0.7063492063492063 0.06941176470588235 0.25925925925925924
0 0.4588235294117647 0.6604938271604938 0.04470588235294117 0.164021164021164
0 0.5958823529411764 0.6728395061728395 0.045882352941176464 0.1710758377425044
0 0.5735294117647058 0.6525573192239859 0.0388235294117647 0.14462081128747795
0 0.2464705882352941 0.6904761904761905 0.057647058823529405 0.20987654320987653
0 0.1364705882352941 0.6710758377425043 0.042352941176470586 0.16049382716049382
0 0.03764705882352941 0.6710758377425043 0.047058823529411764 0.1746031746031746
0 0.08705882352941176 0.6604938271604938 0.03294117647058823 0.12169312169312169
0 0.06294117647058824 0.664021164021164 0.03176470588235294 0.11816578483245149
0 0.1776470588235294 0.6622574955908289 0.03764705882352941 0.14285714285714285
0 0.1952941176470588 0.6552028218694885 0.03764705882352941 0.13932980599647266
0 0.2276470588235294 0.646384479717813 0.03411764705882352 0.12874779541446207
0 0.32352941176470584 0.6552028218694885 0.03294117647058823 0.12169312169312169
0 0.30882352941176466 0.6499118165784832 0.03176470588235294 0.12169312169312169
0 0.39235294117647057 0.6428571428571428 0.03411764705882352 0.12522045855379188
0 0.34823529411764703 0.6754850088183422 0.05411764705882353 0.20458553791887124
0 0.6523529411764706 0.6869488536155203 0.06235294117647058 0.2275132275132275
0 0.5147058823529411 0.628747795414462 0.019999999999999997 0.07936507936507936
2 0.8047058823529412 0.6075837742504409 0.051764705882352935 0.07231040564373897
2 0.7370588235294117 0.601410934744268 0.03411764705882352 0.04585537918871252
2 0.6694117647058823 0.601410934744268 0.023529411764705882 0.03527336860670194
2 0.01764705882352941 0.6040564373897707 0.028235294117647056 0.0582010582010582
