0 0.491 0.6933333333333334 0.166 0.5439999999999999
0 0.622 0.66 0.116 0.38666666666666666
0 0.81 0.6986666666666667 0.164 0.5333333333333333
0 0.161 0.6826666666666666 0.15 0.48533333333333334
0 0.324 0.6346666666666666 0.088 0.288
0 0.29 0.6186666666666667 0.07200000000000001 0.23466666666666666
0 0.7010000000000001 0.636 0.08600000000000001 0.2853333333333333
0 0.902 0.6373333333333333 0.088 0.29333333333333333
0 0.858 0.6653333333333333 0.108 0.36
0 0.965 0.6213333333333333 0.066 0.21866666666666665
0 0.589 0.612 0.07 0.2373333333333333
0 0.397 0.652 0.11800000000000001 0.3813333333333333
0 0.115 0.6586666666666666 0.11 0.35733333333333334
0 0.084 0.6346666666666666 0.084 0.2826666666666667
0 0.051000000000000004 0.6226666666666666 0.07 0.23199999999999998
2 0.526 0.516 0.048 0.050666666666666665
2 0.771 0.5186666666666666 0.046 0.050666666666666665
