0 0.6117187500000001 0.6955503512880562 0.1453125 0.5386416861826698
0 0.8296875 0.6826697892271663 0.16875 0.6206088992974239
0 0.34296875000000004 0.702576112412178 0.1328125 0.48711943793911006
0 0.53671875 0.6346604215456675 0.1015625 0.37470725995316156
0 0.1234375 0.607728337236534 0.078125 0.2927400468384075
0 0.9046875000000001 0.667447306791569 0.1125 0.41217798594847777
2 0.47187500000000004 0.522248243559719 0.05625 0.17798594847775176
2 0.40468750000000003 0.5035128805620609 0.037500000000000006 0.1358313817330211
2 0.7578125 0.4637002341920375 0.096875 0.17330210772833723
2 0.9812500000000001 0.6018735362997658 0.034375 0.2857142857142857
4 0.1453125 0.4648711943793911 0.28750000000000003 0.2224824355971897
4 0.6023437500000001 0.44028103044496486 0.22031250000000002 0.10772833723653395
