0 0.115478515625 0.7746893394375409 0.07568359375 0.24918247220405496
0 0.13232421875 0.5497056899934598 0.0595703125 0.19555264879005888
0 0.164794921875 0.565402223675605 0.04931640625 0.16285153695225638
0 0.376220703125 0.6265533028122957 0.03466796875 0.11510791366906475
0 0.390380859375 0.6432308698495749 0.03759765625 0.1249182472204055
0 0.407958984375 0.6602354480052323 0.04052734375 0.1340745585349902
0 0.423828125 0.6746239372138653 0.041015625 0.1340745585349902
0 0.523681640625 0.8047743623283192 0.08837890625 0.28842380640941795
0 0.543701171875 0.8093525179856116 0.07958984375 0.2596468279921518
0 0.483154296875 0.7272727272727273 0.04248046875 0.13865271419228253
0 0.816650390625 0.8492478744277306 0.09130859375 0.3001962066710268
0 0.700927734375 0.8368214519293656 0.09814453125 0.32112491824722045
0 0.88720703125 0.8629823413996076 0.0830078125 0.27272727272727276
2 0.613525390625 0.8557880967952911 0.07861328125 0.21517331589274036
2 0.732177734375 0.9623937213865272 0.09130859375 0.06605624591236102
2 0.771484375 0.801831262262917 0.0498046875 0.13472858077174624
2 0.75830078125 0.709614126880314 0.0302734375 0.05493786788750818
2 0.9677734375 0.867887508175278 0.0576171875 0.21713538260300852
2 0.976806640625 0.7034009156311315 0.03076171875 0.04512753433616743
2 0.921875 0.7416612164813604 0.02734375 0.040549378678875085
2 0.461181640625 0.6720078482668411 0.03271484375 0.07913669064748202
2 0.5625 0.7083060824068019 0.033203125 0.04316546762589928
2 0.55859375 0.670699803793329 0.037109375 0.03858731196860694
2 0.377685546875 0.5555918901242642 0.01708984375 0.03727926749509484
2 0.02685546875 0.49378678875081755 0.05078125 0.14257684761281886
2 0.070068359375 0.512753433616743 0.03271484375 0.10987573577501636
2 0.089599609375 0.4761281883584042 0.01611328125 0.030085022890778287
2 0.112548828125 0.525179856115108 0.02978515625 0.10595160235448006
2 0.2763671875 0.5467625899280576 0.013671875 0.02746893394375409
2 0.260986328125 0.5232177894048398 0.01416015625 0.02354480052321779
2 0.200927734375 0.5235448005232178 0.02392578125 0.05035971223021583
2 0.2890625 0.5434924787442773 0.0126953125 0.02354480052321779
3 0.93994140625 0.696206671026815 0.0341796875 0.04512753433616743
4 0.684814453125 0.6693917593198169 0.48095703125 0.1288423806409418
