0 0.7157407407407408 0.7062146892655368 0.15 0.5649717514124294
0 0.9342592592592593 0.653954802259887 0.1277777777777778 0.5056497175141242
0 0.638888888888889 0.5522598870056498 0.14074074074074075 0.5338983050847458
0 0.787962962962963 0.673728813559322 0.1462962962962963 0.5451977401129944
0 0.5546296296296297 0.4717514124293785 0.11666666666666667 0.4350282485875706
0 0.06018518518518519 0.597457627118644 0.12037037037037038 0.6073446327683616
0 0.13333333333333333 0.5649717514124294 0.15185185185185185 0.5706214689265536
0 0.3287037037037037 0.5508474576271186 0.13148148148148148 0.4971751412429378
2 0.5388888888888889 0.71045197740113 0.07777777777777778 0.5677966101694916
2 0.4305555555555556 0.5042372881355932 0.07962962962962963 0.16666666666666666
2 0.2111111111111111 0.7655367231638418 0.12222222222222223 0.4519774011299435
2 0.24166666666666667 0.4943502824858757 0.09814814814814815 0.11299435028248588
2 0.23981481481481481 0.385593220338983 0.06851851851851852 0.11016949152542373
2 0.13611111111111113 0.3403954802259887 0.061111111111111116 0.08757062146892655
2 0.7203703703703704 0.3375706214689266 0.04814814814814815 0.09887005649717515
2 0.8925925925925926 0.4180790960451977 0.04814814814814815 0.0790960451977401
2 0.9111111111111111 0.3333333333333333 0.06296296296296297 0.0790960451977401
2 0.9768518518518519 0.3771186440677966 0.03888888888888889 0.059322033898305086
2 0.962962962962963 0.3008474576271186 0.037037037037037035 0.059322033898305086
2 0.8009259259259259 0.3389830508474576 0.053703703703703705 0.0903954802259887
2 0.4666666666666667 0.2725988700564972 0.040740740740740744 0.08757062146892655
2 0.5268518518518519 0.2401129943502825 0.04259259259259259 0.06214689265536723
2 0.5953703703703704 0.2485875706214689 0.02777777777777778 0.0790960451977401
2 0.8064814814814815 0.2542372881355932 0.05 0.05649717514124294
4 0.5 0.18785310734463276 0.9925925925925926 0.2853107344632768
