0 0.043750000000000004 0.4891666666666667 0.08750000000000001 0.325
0 0.22625 0.49833333333333335 0.1075 0.35333333333333333
0 0.36312500000000003 0.5225000000000001 0.12875 0.42500000000000004
0 0.576875 0.43500000000000005 0.08375 0.27666666666666667
0 0.9 0.4066666666666667 0.08 0.26
0 0.975 0.42500000000000004 0.0475 0.29333333333333333
0 0.72375 0.3716666666666667 0.04 0.13
0 0.740625 0.3725 0.03375 0.11166666666666668
0 0.755625 0.37000000000000005 0.03125 0.10333333333333335
0 0.77125 0.3666666666666667 0.035 0.12000000000000001
0 0.796875 0.3641666666666667 0.03375 0.10833333333333334
0 0.821875 0.35500000000000004 0.03875 0.13
0 0.8425 0.3566666666666667 0.0325 0.10666666666666667
0 0.3775 0.14833333333333334 0.035 0.11333333333333334
2 0.028125 0.2733333333333334 0.03375 0.04
2 0.069375 0.2675 0.03625 0.055
2 0.08875 0.2516666666666667 0.02 0.05333333333333334
2 0.1075 0.24833333333333335 0.0225 0.05
2 0.13875 0.2566666666666667 0.03 0.07
2 0.16625 0.23583333333333334 0.0225 0.03833333333333334
2 0.186875 0.27 0.02875 0.04
2 0.218125 0.2808333333333333 0.02375 0.028333333333333335
2 0.245625 0.2775 0.02875 0.03833333333333334
2 0.27 0.2775 0.02 0.028333333333333335
2 0.0275 0.1991666666666667 0.025 0.05166666666666667
2 0.051250000000000004 0.19083333333333335 0.0225 0.04833333333333334
2 0.075625 0.19833333333333333 0.02625 0.043333333333333335
2 0.104375 0.20083333333333334 0.03125 0.025
2 0.08 0.12416666666666668 0.0375 0.095
2 0.03375 0.11833333333333335 0.03 0.04
2 0.039375 0.15166666666666667 0.01875 0.02666666666666667
2 0.013125 0.1625 0.02625 0.028333333333333335
2 0.00625 0.10666666666666667 0.0125 0.043333333333333335
2 0.139375 0.11416666666666668 0.03375 0.045000000000000005
2 0.11375 0.1525 0.025 0.04166666666666667
2 0.134375 0.19166666666666668 0.03375 0.03666666666666667
2 0.130625 0.15166666666666667 0.01375 0.02666666666666667
2 0.15 0.16083333333333336 0.0175 0.03833333333333334
2 0.19 0.18666666666666668 0.0225 0.03333333333333333
2 0.21375 0.19166666666666668 0.0225 0.030000000000000002
2 0.184375 0.21666666666666667 0.02375 0.02666666666666667
2 0.183125 0.2366666666666667 0.02125 0.030000000000000002
2 0.213125 0.24416666666666667 0.02375 0.025
2 0.216875 0.22083333333333335 0.02125 0.03166666666666667
2 0.250625 0.21750000000000003 0.02875 0.055
2 0.261875 0.19083333333333335 0.02875 0.058333333333333334
2 0.3025 0.20750000000000002 0.0425 0.09833333333333334
2 0.320625 0.17666666666666667 0.01875 0.04
2 0.3025 0.13833333333333334 0.025 0.03666666666666667
2 0.21937500000000001 0.11916666666666667 0.05375 0.03833333333333334
2 0.238125 0.15833333333333335 0.043750000000000004 0.05333333333333334
2 0.34375 0.19833333333333333 0.025 0.030000000000000002
2 0.33375 0.22083333333333335 0.025 0.04833333333333334
2 0.3925 0.24500000000000002 0.0375 0.08
2 0.4225 0.24250000000000002 0.0275 0.06166666666666667
2 0.45875 0.2791666666666667 0.035 0.085
2 0.479375 0.26916666666666667 0.02375 0.06166666666666667
2 0.49125 0.26333333333333336 0.0175 0.05
2 0.501875 0.2775 0.01625 0.04166666666666667
2 0.513125 0.27666666666666667 0.01875 0.03333333333333333
2 0.5337500000000001 0.2808333333333333 0.0275 0.035
2 0.553125 0.2783333333333334 0.02875 0.03666666666666667
2 0.49375 0.12833333333333335 0.0225 0.04666666666666667
2 0.51375 0.1366666666666667 0.0275 0.05
2 0.538125 0.11916666666666667 0.01875 0.021666666666666667
2 0.534375 0.14416666666666667 0.02125 0.03833333333333334
2 0.5525 0.15333333333333335 0.015 0.030000000000000002
2 0.566875 0.14583333333333334 0.02375 0.045000000000000005
2 0.59375 0.1366666666666667 0.03 0.05333333333333334
2 0.7518750000000001 0.2758333333333334 0.01875 0.04166666666666667
2 0.766875 0.27666666666666667 0.00875 0.03333333333333333
2 0.78 0.27666666666666667 0.0175 0.03666666666666667
2 0.795 0.2725 0.015 0.03833333333333334
2 0.81125 0.27083333333333337 0.015 0.035
2 0.82375 0.27 0.015 0.03666666666666667
2 0.838125 0.27416666666666667 0.01375 0.035
2 0.853125 0.2733333333333334 0.01625 0.04
2 0.87125 0.275 0.0125 0.04
4 0.94375 0.28250000000000003 0.085 0.045000000000000005
