0 0.4275 0.4872611464968153 0.28500000000000003 0.8853503184713376
0 0.66625 0.4442675159235669 0.1375 0.4299363057324841
0 0.7312500000000001 0.4585987261146497 0.14250000000000002 0.45222929936305734
0 0.56125 0.44904458598726116 0.1575 0.4968152866242038
0 0.92625 0.4156050955414013 0.14250000000000002 0.7420382165605096
0 0.07125000000000001 0.552547770700637 0.14250000000000002 0.5
0 0.16375 0.5222929936305732 0.10250000000000001 0.32484076433121023
0 0.23125 0.5015923566878981 0.0775 0.23885350318471338
0 0.255 0.5095541401273885 0.06 0.18471337579617836
0 0.31375000000000003 0.4984076433121019 0.0575 0.18152866242038218
0 0.7925 0.4585987261146497 0.08 0.25477707006369427
0 0.8300000000000001 0.43630573248407645 0.095 0.2929936305732484
0 0.84875 0.44745222929936307 0.0975 0.30891719745222934
0 0.8675 0.4585987261146497 0.105 0.33757961783439494
0 0.88875 0.4538216560509554 0.1125 0.35350318471337583
1 0.6125 0.39331210191082805 0.045 0.13694267515923567
2 0.11875000000000001 0.4315286624203822 0.0675 0.1305732484076433
2 0.02 0.33757961783439494 0.04 0.14012738853503184
2 0.805 0.34872611464968156 0.05 0.06687898089171974
2 0.34875 0.4729299363057325 0.0425 0.06687898089171974
2 0.20625000000000002 0.46337579617834396 0.0475 0.06687898089171974
