0 0.13392857142857142 0.5892857142857143 0.08928571428571427 0.40079365079365076
0 0.16517857142857142 0.5952380952380952 0.07142857142857142 0.30952380952380953
0 0.21875 0.5833333333333333 0.0625 0.2698412698412698
0 0.24330357142857142 0.5833333333333333 0.05357142857142857 0.24603174603174602
0 0.3872767857142857 0.6011904761904762 0.08258928571428571 0.3611111111111111
0 0.36607142857142855 0.5932539682539683 0.0625 0.28174603174603174
0 0.46875 0.5992063492063492 0.09375 0.4206349206349206
0 0.6004464285714285 0.5912698412698413 0.07589285714285714 0.3412698412698413
0 0.5613839285714285 0.5972222222222222 0.06919642857142856 0.2976190476190476
0 0.53125 0.5972222222222222 0.05357142857142857 0.23412698412698413
0 0.6662946428571428 0.5853174603174602 0.05133928571428571 0.22619047619047616
0 0.7008928571428571 0.5833333333333333 0.05803571428571428 0.26190476190476186
0 0.7444196428571428 0.5952380952380952 0.06026785714285714 0.2698412698412698
0 0.8147321428571428 0.5873015873015872 0.07589285714285714 0.3412698412698413
0 0.017857142857142856 0.5674603174603174 0.03571428571428571 0.19047619047619047
0 0.05022321428571428 0.5595238095238095 0.03794642857142857 0.1746031746031746
0 0.26785714285714285 0.5694444444444444 0.03571428571428571 0.15476190476190477
0 0.29464285714285715 0.5734126984126984 0.03571428571428571 0.16269841269841268
0 0.32700892857142855 0.5714285714285714 0.033482142857142856 0.15873015873015872
0 0.9508928571428571 0.5833333333333333 0.03571428571428571 0.15873015873015872
0 0.9386160714285714 0.6031746031746031 0.02901785714285714 0.12698412698412698
0 0.9129464285714285 0.611111111111111 0.02232142857142857 0.10317460317460317
0 0.8883928571428571 0.5773809523809523 0.040178571428571425 0.17063492063492064
0 0.875 0.5833333333333333 0.03571428571428571 0.15873015873015872
0 0.8582589285714285 0.5813492063492063 0.03794642857142857 0.17063492063492064
2 0.07924107142857142 0.494047619047619 0.024553571428571428 0.04365079365079365
2 0.27901785714285715 0.49801587301587297 0.017857142857142856 0.04365079365079365
2 0.6417410714285714 0.5119047619047619 0.02901785714285714 0.047619047619047616
2 0.875 0.4861111111111111 0.026785714285714284 0.04365079365079365
2 0.9229910714285714 0.5079365079365079 0.02901785714285714 0.047619047619047616
