0 0.16886543535620052 0.8154761904761905 0.07387862796833773 0.28174603174603174
0 0.025065963060686015 0.625 0.05013192612137203 0.23412698412698413
0 0.06200527704485488 0.5734126984126984 0.055408970976253295 0.2103174603174603
0 0.10422163588390501 0.5079365079365079 0.05013192612137203 0.18253968253968253
0 0.05013192612137203 0.38095238095238093 0.04221635883905013 0.15873015873015872
0 0.15699208443271767 0.47619047619047616 0.05013192612137203 0.1984126984126984
0 0.18073878627968337 0.6706349206349206 0.055408970976253295 0.20634920634920634
0 0.2889182058047493 0.8412698412698412 0.06596306068601583 0.25396825396825395
0 0.23614775725593667 0.6587301587301587 0.06068601583113456 0.23015873015873015
0 0.20316622691292877 0.6190476190476191 0.05277044854881266 0.1984126984126984
0 0.19788918205804748 0.3611111111111111 0.036939313984168866 0.15079365079365079
0 0.5026385224274407 0.7698412698412698 0.07124010554089709 0.26190476190476186
0 0.4023746701846966 0.6547619047619048 0.06068601583113456 0.2222222222222222
0 0.4287598944591029 0.615079365079365 0.055408970976253295 0.21428571428571427
0 0.3627968337730871 0.6845238095238095 0.055408970976253295 0.21825396825396826
0 0.34828496042216356 0.7142857142857142 0.05804749340369393 0.2222222222222222
0 0.7058047493403694 0.7341269841269841 0.06596306068601583 0.25396825396825395
0 0.6741424802110818 0.7023809523809523 0.06068601583113456 0.2222222222222222
0 0.600263852242744 0.7242063492063492 0.06068601583113456 0.22619047619047616
0 0.5725593667546174 0.7956349206349206 0.0633245382585752 0.24206349206349204
0 0.7823218997361477 0.736111111111111 0.06596306068601583 0.25
0 0.7664907651715039 0.5694444444444444 0.05013192612137203 0.1865079365079365
0 0.2678100263852243 0.248015873015873 0.03430079155672823 0.13095238095238093
0 0.24406332453825857 0.5753968253968254 0.05013192612137203 0.1984126984126984
0 0.5369393139841688 0.19246031746031744 0.029023746701846966 0.11507936507936507
0 0.9577836411609498 0.30952380952380953 0.036939313984168866 0.1349206349206349
0 0.8997361477572559 0.3134920634920635 0.036939313984168866 0.14285714285714285
0 0.8720316622691292 0.30952380952380953 0.039577836411609495 0.15079365079365079
0 0.7968337730870713 0.2837301587301587 0.036939313984168866 0.1388888888888889
0 0.8324538258575198 0.6607142857142857 0.06596306068601583 0.24206349206349204
0 0.9828496042216358 0.376984126984127 0.029023746701846966 0.15079365079365079
0 0.9617414248021108 0.5396825396825397 0.044854881266490766 0.16666666666666666
0 0.8034300791556728 0.5396825396825397 0.05013192612137203 0.1984126984126984
0 0.4696569920844327 0.6051587301587301 0.0633245382585752 0.24206349206349204
0 0.48812664907651715 0.6964285714285714 0.0633245382585752 0.23412698412698413
0 0.5184696569920844 0.5396825396825397 0.05013192612137203 0.1984126984126984
0 0.5606860158311345 0.6011904761904762 0.06596306068601583 0.24206349206349204
0 0.8311345646437994 0.40277777777777773 0.036939313984168866 0.1468253968253968
0 0.5936675461741424 0.31746031746031744 0.036939313984168866 0.14285714285714285
2 0.8258575197889182 0.06349206349206349 0.036939313984168866 0.031746031746031744
2 0.9643799472295514 0.0496031746031746 0.044854881266490766 0.027777777777777776
2 0.20448548812664907 0.2857142857142857 0.044854881266490766 0.07936507936507936
2 0.06728232189973614 0.37896825396825395 0.039577836411609495 0.1388888888888889
2 0.3205804749340369 0.7142857142857142 0.06068601583113456 0.0873015873015873
2 0.6094986807387862 0.5753968253968254 0.05277044854881266 0.1111111111111111
2 0.4604221635883905 0.1865079365079365 0.03430079155672823 0.0873015873015873
2 0.5646437994722955 0.17261904761904762 0.0316622691292876 0.06746031746031746
2 0.39841688654353563 0.1746031746031746 0.036939313984168866 0.07936507936507936
2 0.3601583113456464 0.1984126984126984 0.055408970976253295 0.09523809523809523
2 0.7480211081794195 0.19246031746031744 0.05013192612137203 0.0992063492063492
2 0.7058047493403694 0.19047619047619047 0.05013192612137203 0.06349206349206349
2 0.6503957783641161 0.20436507936507936 0.05013192612137203 0.0992063492063492
2 0.9142480211081794 0.16468253968253968 0.03430079155672823 0.08333333333333333
2 0.9445910290237467 0.1388888888888889 0.036939313984168866 0.07142857142857142
2 0.21767810026385223 0.373015873015873 0.03430079155672823 0.07142857142857142
2 0.31926121372031663 0.3353174603174603 0.04221635883905013 0.051587301587301584
2 0.32981530343007914 0.37896825396825395 0.0316622691292876 0.051587301587301584
2 0.26912928759894456 0.40079365079365076 0.04221635883905013 0.05555555555555555
2 0.30606860158311344 0.42857142857142855 0.0316622691292876 0.05555555555555555
2 0.27704485488126646 0.49206349206349204 0.04221635883905013 0.07142857142857142
2 0.3113456464379947 0.49007936507936506 0.0316622691292876 0.06746031746031746
2 0.3337730870712401 0.49801587301587297 0.03430079155672823 0.03571428571428571
2 0.33509234828496043 0.5555555555555556 0.04221635883905013 0.07142857142857142
2 0.36147757255936674 0.32936507936507936 0.0316622691292876 0.05555555555555555
2 0.3627968337730871 0.2837301587301587 0.03430079155672823 0.09126984126984126
2 0.3812664907651715 0.375 0.03430079155672823 0.04365079365079365
2 0.36147757255936674 0.4305555555555555 0.0316622691292876 0.04365079365079365
2 0.34564643799472294 0.4603174603174603 0.0316622691292876 0.03968253968253968
2 0.36411609498680736 0.47817460317460314 0.0316622691292876 0.04365079365079365
2 0.370712401055409 0.5555555555555556 0.03430079155672823 0.047619047619047616
2 0.40105540897097625 0.4444444444444444 0.04221635883905013 0.06349206349206349
2 0.3891820580474934 0.4107142857142857 0.023746701846965697 0.04365079365079365
2 0.44063324538258575 0.3849206349206349 0.0316622691292876 0.05555555555555555
2 0.4340369393139841 0.34325396825396826 0.023746701846965697 0.051587301587301584
2 0.40105540897097625 0.31746031746031744 0.0316622691292876 0.047619047619047616
2 0.4129287598944591 0.2599206349206349 0.03430079155672823 0.08333333333333333
2 0.44854881266490765 0.30357142857142855 0.02638522427440633 0.051587301587301584
2 0.47493403693931396 0.33134920634920634 0.02638522427440633 0.06746031746031746
2 0.503957783641161 0.31547619047619047 0.02638522427440633 0.03571428571428571
2 0.5065963060686016 0.33928571428571425 0.02638522427440633 0.027777777777777776
2 0.4947229551451187 0.3849206349206349 0.039577836411609495 0.06349206349206349
2 0.5408970976253298 0.3948412698412698 0.0316622691292876 0.0992063492063492
2 0.5554089709762533 0.36706349206349204 0.023746701846965697 0.051587301587301584
2 0.5303430079155672 0.30357142857142855 0.02638522427440633 0.05952380952380952
2 0.5580474934036939 0.3134920634920635 0.029023746701846966 0.07936507936507936
2 0.5804749340369393 0.3988095238095238 0.0316622691292876 0.04365079365079365
2 0.6081794195250659 0.3849206349206349 0.03430079155672823 0.06349206349206349
2 0.6121372031662269 0.45436507936507936 0.036939313984168866 0.08333333333333333
2 0.6332453825857519 0.40674603174603174 0.036939313984168866 0.04365079365079365
2 0.6635883905013192 0.4365079365079365 0.029023746701846966 0.07936507936507936
2 0.7097625329815304 0.45238095238095233 0.04221635883905013 0.07936507936507936
2 0.704485488126649 0.3948412698412698 0.036939313984168866 0.051587301587301584
2 0.6635883905013192 0.3134920634920635 0.05013192612137203 0.05555555555555555
2 0.6503957783641161 0.3551587301587301 0.03430079155672823 0.05952380952380952
2 0.7427440633245382 0.3412698412698413 0.029023746701846966 0.1349206349206349
2 0.7704485488126649 0.39285714285714285 0.0316622691292876 0.0873015873015873
2 0.8311345646437994 0.40079365079365076 0.05804749340369393 0.11904761904761904
2 0.6754617414248021 0.5515873015873015 0.05277044854881266 0.1349206349206349
2 0.5105540897097625 0.5912698412698413 0.05013192612137203 0.09523809523809523
4 0.17414248021108178 0.08134920634920634 0.34828496042216356 0.05952380952380952
4 0.5765171503957783 0.06547619047619047 0.29287598944591026 0.06746031746031746
