0 0.12166666666666667 0.6012500000000001 0.11 0.4025
0 0.09250000000000001 0.62375 0.07833333333333334 0.2925
0 0.24250000000000002 0.735 0.10166666666666667 0.375
0 0.32666666666666666 0.65125 0.13 0.47750000000000004
0 0.21000000000000002 0.63625 0.11 0.40750000000000003
0 0.7191666666666667 0.6075 0.14833333333333334 0.55
0 0.7791666666666667 0.49 0.10166666666666667 0.37
0 0.8725 0.49375 0.095 0.3525
0 0.9225000000000001 0.44375000000000003 0.07833333333333334 0.28750000000000003
0 0.9783333333333334 0.405 0.04 0.155
0 0.9433333333333334 0.41125 0.05666666666666667 0.2125
0 0.3791666666666667 0.45875 0.035 0.1275
0 0.2525 0.56125 0.06166666666666667 0.2275
0 0.42250000000000004 0.4625 0.035 0.13
0 0.4425 0.45125 0.035 0.1275
0 0.3566666666666667 0.43 0.04 0.155
0 0.8191666666666667 0.455 0.07166666666666667 0.265
0 0.8250000000000001 0.50875 0.06333333333333334 0.23750000000000002
0 0.9800000000000001 0.365 0.03666666666666667 0.17
2 0.0625 0.3925 0.028333333333333335 0.05
2 0.09166666666666667 0.3825 0.03666666666666667 0.04
2 0.11166666666666668 0.37375 0.030000000000000002 0.0475
2 0.22583333333333336 0.375 0.045000000000000005 0.055
2 0.2783333333333334 0.37875000000000003 0.04 0.0675
2 0.3275 0.39125 0.028333333333333335 0.0525
2 0.3875 0.3725 0.028333333333333335 0.05
2 0.3716666666666667 0.3775 0.03666666666666667 0.05
2 0.8491666666666667 0.33375 0.03166666666666667 0.0425
2 0.5675 0.39125 0.05166666666666667 0.0575
