0 0.14375000000000002 0.48833333333333334 0.1075 0.35000000000000003
0 0.2575 0.4516666666666667 0.075 0.2566666666666667
0 0.44375000000000003 0.455 0.0675 0.23
0 0.6637500000000001 0.45333333333333337 0.0675 0.22
0 0.8825000000000001 0.4566666666666667 0.065 0.22
0 0.92625 0.4566666666666667 0.0675 0.22
0 0.9712500000000001 0.46166666666666667 0.0525 0.23
0 0.835 0.455 0.06 0.20333333333333334
0 0.81875 0.44833333333333336 0.0525 0.17666666666666667
0 0.80125 0.43833333333333335 0.0575 0.19
0 0.7875 0.4416666666666667 0.045 0.15666666666666668
0 0.75875 0.43833333333333335 0.0525 0.17
0 0.73375 0.4416666666666667 0.0475 0.15666666666666668
0 0.7175 0.4416666666666667 0.045 0.15666666666666668
0 0.6975 0.44 0.045 0.15333333333333335
0 0.6375000000000001 0.4316666666666667 0.045 0.14333333333333334
0 0.6225 0.42833333333333334 0.045 0.15000000000000002
0 0.6012500000000001 0.4266666666666667 0.0425 0.14666666666666667
0 0.57125 0.42833333333333334 0.0425 0.1366666666666667
0 0.54 0.42333333333333334 0.035 0.12666666666666668
0 0.5175 0.42000000000000004 0.035 0.12666666666666668
0 0.49625 0.41500000000000004 0.0325 0.11666666666666667
0 0.41125 0.41500000000000004 0.0325 0.11
0 0.39875 0.4133333333333334 0.0275 0.1
0 0.3775 0.41500000000000004 0.03 0.09666666666666668
0 0.36125 0.41500000000000004 0.0275 0.09000000000000001
0 0.34625 0.4116666666666667 0.0275 0.09000000000000001
0 0.33 0.405 0.025 0.09000000000000001
0 0.315 0.4083333333333334 0.03 0.09666666666666668
0 0.28750000000000003 0.3983333333333334 0.02 0.07666666666666667
0 0.2225 0.395 0.02 0.06333333333333334
0 0.18875 0.3916666666666667 0.0175 0.05666666666666667
4 0.0575 0.37833333333333335 0.11 0.06333333333333334
