0 0.0734375 0.6967213114754098 0.053125000000000006 0.1990632318501171
0 0.16015625 0.7037470725995316 0.045312500000000006 0.16627634660421545
0 0.13046875 0.6451990632318502 0.035937500000000004 0.13817330210772832
0 0.10625000000000001 0.6475409836065574 0.034375 0.13348946135831383
0 0.1875 0.6405152224824356 0.034375 0.1288056206088993
0 0.21640625000000002 0.6440281030444965 0.029687500000000002 0.10772833723653395
0 0.246875 0.6662763466042154 0.015625 0.06323185011709602
0 0.2984375 0.6405152224824356 0.03125 0.11475409836065574
0 0.33437500000000003 0.7037470725995316 0.05625 0.21311475409836064
0 0.49531250000000004 0.617096018735363 0.0125 0.053864168618266976
0 0.50546875 0.6159250585480094 0.0140625 0.05152224824355972
0 0.57578125 0.607728337236534 0.0140625 0.04918032786885246
0 0.565625 0.6088992974238876 0.0125 0.046838407494145196
0 0.6125 0.607728337236534 0.015625 0.0585480093676815
0 0.6218750000000001 0.6182669789227166 0.015625 0.06557377049180328
0 0.6375000000000001 0.6206088992974239 0.018750000000000003 0.0702576112412178
0 0.72265625 0.617096018735363 0.0171875 0.06323185011709602
0 0.7429687500000001 0.6135831381733021 0.0140625 0.05620608899297424
0 0.76171875 0.6135831381733021 0.0140625 0.05620608899297424
0 0.7898437500000001 0.5983606557377049 0.010937500000000001 0.03981264637002342
0 0.7976562500000001 0.6112412177985949 0.010937500000000001 0.046838407494145196
0 0.8070312500000001 0.5983606557377049 0.0140625 0.04918032786885246
0 0.8500000000000001 0.6065573770491803 0.015625 0.06557377049180328
0 0.8656250000000001 0.6065573770491803 0.015625 0.06088992974238876
0 0.890625 0.6065573770491803 0.015625 0.06557377049180328
0 0.96875 0.6147540983606558 0.015625 0.06323185011709602
0 0.41640625000000003 0.6065573770491803 0.010937500000000001 0.04215456674473068
0 0.26171875 0.6007025761124122 0.0140625 0.0585480093676815
0 0.3484375 0.6159250585480094 0.0125 0.046838407494145196
0 0.36015625 0.6147540983606558 0.0140625 0.053864168618266976
2 0.9382812500000001 0.5925058548009368 0.029687500000000002 0.05152224824355972
