0 0.221 0.4377224199288256 0.074 0.33451957295373663
0 0.745 0.5195729537366548 0.138 0.6120996441281138
0 0.716 0.47330960854092524 0.124 0.5480427046263345
0 0.6950000000000001 0.4697508896797153 0.098 0.4270462633451957
0 0.647 0.4359430604982206 0.082 0.3665480427046263
0 0.887 0.5800711743772242 0.186 0.8185053380782917
0 0.8270000000000001 0.5569395017793594 0.17 0.7508896797153024
0 0.615 0.37188612099644125 0.046 0.20284697508896796
0 0.578 0.35231316725978645 0.036000000000000004 0.16370106761565836
0 0.562 0.3380782918149466 0.02 0.099644128113879
0 0.291 0.33985765124555156 0.026000000000000002 0.12455516014234874
0 0.518 0.3754448398576512 0.048 0.2099644128113879
0 0.684 0.34341637010676157 0.04 0.17437722419928825
0 0.67 0.3469750889679715 0.032 0.14590747330960854
0 0.436 0.3558718861209964 0.04 0.18505338078291814
0 0.34400000000000003 0.3469750889679715 0.028 0.13167259786476868
0 0.392 0.33985765124555156 0.032 0.14590747330960854
0 0.368 0.3505338078291815 0.032 0.1387900355871886
2 0.227 0.7313167259786476 0.166 0.3665480427046263
2 0.507 0.5391459074733096 0.082 0.24555160142348753
2 0.496 0.44306049822064053 0.052000000000000005 0.17437722419928825
2 0.126 0.3096085409252669 0.036000000000000004 0.10676156583629892
2 0.17300000000000001 0.31494661921708184 0.046 0.10320284697508897
2 0.796 0.3042704626334519 0.052000000000000005 0.09608540925266904
