0 0.9592978395061728 0.689380787037037 0.04899691358024691 0.17910879629629628
0 0.9293016975308641 0.6833043981481481 0.04456018518518518 0.16348379629629628
0 0.9033564814814814 0.6953125 0.04938271604938271 0.18113425925925924
0 0.8697916666666666 0.6817129629629629 0.0474537037037037 0.1736111111111111
0 0.8503086419753086 0.6899594907407407 0.05054012345679012 0.18489583333333331
0 0.8128858024691358 0.693287037037037 0.04822530864197531 0.17650462962962962
0 0.8255208333333333 0.6791087962962963 0.044945987654320986 0.16435185185185183
0 0.8738425925925926 0.6572627314814814 0.04359567901234568 0.16059027777777776
0 0.9192708333333333 0.6145833333333333 0.032214506172839504 0.11805555555555555
0 0.7826003086419753 0.6857638888888888 0.04591049382716049 0.16898148148148148
0 0.7688078703703703 0.6953125 0.05150462962962963 0.1892361111111111
0 0.7415123456790123 0.6844618055555555 0.04976851851851852 0.1831597222222222
0 0.7238618827160493 0.6973379629629629 0.05227623456790123 0.19212962962962962
0 0.6966628086419753 0.6827256944444444 0.05034722222222222 0.18489583333333331
0 0.673611111111111 0.7000868055555555 0.05324074074074074 0.19473379629629628
0 0.6506558641975309 0.6873553240740741 0.047839506172839504 0.17505787037037035
0 0.624903549382716 0.7008101851851851 0.05189043209876543 0.19039351851851852
0 0.5994405864197531 0.6864872685185185 0.049575617283950615 0.1814236111111111
0 0.5752314814814814 0.6996527777777778 0.05401234567901234 0.19849537037037035
0 0.5544945987654321 0.6880787037037037 0.04880401234567901 0.17881944444444445
0 0.5262345679012346 0.6986400462962963 0.05516975308641975 0.20225694444444442
0 0.5127314814814814 0.6869212962962963 0.048611111111111105 0.17824074074074073
0 0.4992283950617284 0.6744791666666666 0.0466820987654321 0.1707175925925926
0 0.4732831790123457 0.7039930555555555 0.05381944444444444 0.19675925925925924
0 0.4227430555555555 0.70703125 0.05227623456790123 0.19184027777777776
0 0.4629629629629629 0.6890914351851851 0.05131172839506173 0.18778935185185183
0 0.37471064814814814 0.7064525462962963 0.05304783950617284 0.19473379629629628
0 0.3264853395061728 0.7168692129629629 0.05189043209876543 0.19068287037037035
0 0.27854938271604934 0.7158564814814814 0.05131172839506173 0.1880787037037037
0 0.22935956790123455 0.712673611111111 0.05401234567901234 0.19791666666666666
0 0.18132716049382716 0.712673611111111 0.05401234567901234 0.19849537037037035
0 0.1419753086419753 0.697193287037037 0.051697530864197525 0.18894675925925924
0 0.1253858024691358 0.7149884259259259 0.05555555555555555 0.20428240740740738
0 0.09249614197530864 0.704861111111111 0.051118827160493825 0.1875
2 0.8823302469135802 0.5923032407407407 0.010416666666666666 0.017361111111111112
2 0.853395061728395 0.5894097222222222 0.018132716049382713 0.034722222222222224
2 0.8134645061728395 0.5700231481481481 0.020061728395061727 0.02835648148148148
2 0.8017939814814814 0.59765625 0.014853395061728395 0.024594907407407406
2 0.7936921296296295 0.5850694444444444 0.014467592592592591 0.01909722222222222
2 0.7749807098765432 0.5856481481481481 0.016396604938271605 0.020833333333333332
2 0.7600308641975309 0.5983796296296297 0.016975308641975308 0.017939814814814815
2 0.11574074074074073 0.6022858796296297 0.015817901234567902 0.02054398148148148
2 0.10088734567901234 0.6209490740740741 0.013117283950617283 0.0318287037037037
2 0.1589506172839506 0.6063368055555555 0.013888888888888888 0.03269675925925926
4 0.09133873456790123 0.6002604166666666 0.04070216049382716 0.030960648148148147
4 0.20775462962962962 0.6005497685185185 0.18557098765432098 0.03327546296296296
4 0.22984182098765432 0.575954861111111 0.15567129629629628 0.04832175925925926
4 0.5543016975308641 0.5675636574074073 0.49479166666666663 0.033854166666666664
