0 0.315 0.77 0.12333333333333334 0.45
0 0.21333333333333335 0.76 0.12666666666666668 0.47000000000000003
0 0.06833333333333334 0.715 0.1366666666666667 0.51
0 0.46166666666666667 0.8225 0.09000000000000001 0.34500000000000003
0 0.6333333333333334 0.765 0.12000000000000001 0.44
0 0.7816666666666667 0.735 0.13 0.48
0 0.9283333333333333 0.685 0.1366666666666667 0.53
0 0.9583333333333334 0.6025 0.07666666666666667 0.515
0 0.6516666666666667 0.525 0.11 0.41000000000000003
0 0.4766666666666667 0.735 0.14 0.51
0 0.33666666666666667 0.5275 0.1 0.385
0 0.19333333333333336 0.4425 0.09333333333333334 0.34500000000000003
0 0.06833333333333334 0.41000000000000003 0.09666666666666668 0.37
0 0.10666666666666667 0.35000000000000003 0.08 0.31
0 0.49333333333333335 0.6025 0.10666666666666667 0.405
0 0.025 0.36 0.05 0.34
0 0.22833333333333336 0.3525 0.09000000000000001 0.325
0 0.7816666666666667 0.4025 0.07666666666666667 0.28500000000000003
0 0.8966666666666667 0.3575 0.08666666666666667 0.315
2 0.21500000000000002 0.2475 0.11666666666666667 0.115
2 0.32 0.265 0.12000000000000001 0.14
2 0.3383333333333334 0.23500000000000001 0.11666666666666667 0.15
2 0.4866666666666667 0.325 0.10666666666666667 0.17
2 0.5 0.26 0.060000000000000005 0.07
2 0.5116666666666667 0.225 0.11 0.11
2 0.49500000000000005 0.17 0.09666666666666668 0.06
2 0.6416666666666667 0.27 0.11666666666666667 0.12
2 0.6316666666666667 0.20500000000000002 0.10333333333333335 0.1
4 0.805 0.31 0.38333333333333336 0.47000000000000003
