0 0.47750000000000004 0.735625 0.07166666666666667 0.26375
0 0.34500000000000003 0.6843750000000001 0.07166666666666667 0.26125
0 0.3804166666666667 0.6675 0.06916666666666667 0.2575
0 0.225 0.724375 0.07166666666666667 0.26125
0 0.18166666666666667 0.7368750000000001 0.07166666666666667 0.26375
0 0.09958333333333334 0.76375 0.07250000000000001 0.265
0 0.035416666666666666 0.7025 0.05916666666666667 0.2175
0 0.13333333333333333 0.69375 0.06833333333333334 0.2525
0 0.15625 0.680625 0.06416666666666668 0.23875000000000002
0 0.2575 0.67 0.06833333333333334 0.25
0 0.2916666666666667 0.65375 0.058333333333333334 0.2175
0 0.4370833333333334 0.624375 0.04916666666666667 0.17875
4 0.4891666666666667 0.531875 0.07500000000000001 0.06875
