0 0.06634615384615385 0.81951871657754 0.08653846153846154 0.30213903743315507
0 0.22115384615384617 0.8516042780748663 0.08076923076923077 0.27540106951871657
0 0.3201923076923077 0.8262032085561497 0.0826923076923077 0.2887700534759358
0 0.4288461538461539 0.8302139037433155 0.08461538461538462 0.28609625668449196
0 0.49903846153846154 0.8409090909090908 0.07884615384615384 0.27540106951871657
0 0.5711538461538462 0.8516042780748663 0.08076923076923077 0.28074866310160423
0 0.6115384615384616 0.8288770053475936 0.08846153846153847 0.2994652406417112
0 0.7307692307692308 0.8435828877005347 0.08461538461538462 0.28609625668449196
0 0.8278846153846154 0.7914438502673796 0.07115384615384615 0.2459893048128342
0 0.925 0.731283422459893 0.08461538461538462 0.28609625668449196
0 0.6884615384615385 0.7820855614973261 0.07692307692307693 0.27005347593582885
0 0.24807692307692308 0.7927807486631016 0.07692307692307693 0.2647058823529412
0 0.1451923076923077 0.7914438502673796 0.07884615384615384 0.267379679144385
0 0.02980769230769231 0.7459893048128342 0.05961538461538462 0.2887700534759358
0 0.9615384615384616 0.643048128342246 0.07307692307692308 0.28609625668449196
0 0.5346153846153846 0.7553475935828876 0.08076923076923077 0.27540106951871657
0 0.7326923076923078 0.6617647058823529 0.07692307692307693 0.25935828877005346
2 0.5836538461538462 0.6256684491978609 0.07115384615384615 0.1122994652406417
2 0.04423076923076923 0.5655080213903743 0.05384615384615385 0.10427807486631016
2 0.6923076923076923 0.6189839572192513 0.023076923076923078 0.11497326203208555
2 0.8048076923076923 0.6056149732620321 0.06346153846153846 0.11497326203208555
2 0.8769230769230769 0.5868983957219251 0.05 0.08823529411764705
