0 0.28500000000000003 0.8223684210526315 0.08 0.3464912280701754
0 0.5425 0.7850877192982456 0.095 0.40350877192982454
0 0.67 0.6710526315789473 0.085 0.35964912280701755
0 0.43875000000000003 0.6578947368421052 0.0775 0.3421052631578947
0 0.5575 0.6074561403508771 0.065 0.2763157894736842
0 0.5125 0.5657894736842105 0.06 0.2543859649122807
0 0.36375 0.5942982456140351 0.0675 0.2850877192982456
0 0.24875 0.75 0.0925 0.40350877192982454
0 0.1975 0.6688596491228069 0.075 0.3289473684210526
0 0.15875 0.6118421052631579 0.0625 0.2675438596491228
0 0.3125 0.5394736842105263 0.05 0.22807017543859648
0 0.28500000000000003 0.5241228070175439 0.05 0.2149122807017544
0 0.405 0.5 0.045 0.19298245614035087
0 0.45875 0.5372807017543859 0.0525 0.22368421052631576
0 0.61125 0.5504385964912281 0.0525 0.2324561403508772
0 0.765 0.6008771929824561 0.065 0.2894736842105263
0 0.82625 0.7807017543859649 0.0975 0.42105263157894735
0 0.93125 0.7017543859649122 0.0775 0.3421052631578947
0 0.885 0.5942982456140351 0.06 0.2675438596491228
2 0.7625000000000001 0.8201754385964912 0.135 0.3421052631578947
4 0.0275 0.4583333333333333 0.055 0.293859649122807
4 0.1625 0.4495614035087719 0.185 0.2850877192982456
4 0.6225 0.38596491228070173 0.73 0.17543859649122806
