0 0.08450704225352113 0.5711297071129706 0.11580594679186229 0.3849372384937238
0 0.1697965571205008 0.608786610878661 0.12050078247261346 0.3933054393305439
0 0.23865414710485133 0.612970711297071 0.12989045383411582 0.42259414225941416
0 0.2856025039123631 0.6213389121338911 0.1267605633802817 0.4142259414225941
0 0.37871674491392804 0.655857740585774 0.12519561815336464 0.40794979079497906
0 0.5031298904538342 0.6433054393305438 0.09859154929577466 0.32426778242677823
0 0.4538341158059468 0.5857740585774058 0.10328638497652583 0.33472803347280333
0 0.5712050078247262 0.606694560669456 0.09076682316118936 0.30125523012552297
0 0.6830985915492958 0.6663179916317991 0.107981220657277 0.35774058577405854
0 0.744131455399061 0.6663179916317991 0.11111111111111112 0.3702928870292887
0 0.7918622848200313 0.6569037656903766 0.11267605633802817 0.3723849372384937
0 0.8466353677621283 0.6506276150627615 0.10954616588419405 0.35564853556485354
0 0.8912363067292645 0.6433054393305438 0.11424100156494522 0.3744769874476987
0 0.9553990610328639 0.5690376569037656 0.06416275430359937 0.2133891213389121
2 0.3755868544600939 0.4476987447698744 0.06259780907668232 0.10460251046025104
2 0.5211267605633803 0.4414225941422594 0.07511737089201878 0.09205020920502091
2 0.6087636932707355 0.45711297071129703 0.06572769953051644 0.11924686192468618
