0 0.1525 0.5281954887218044 0.18 0.6578947368421052
0 0.265 0.5263157894736842 0.17 0.6240601503759398
0 0.35625 0.5150375939849624 0.1975 0.7368421052631579
0 0.47125 0.5394736842105263 0.1775 0.6654135338345865
0 0.55625 0.5451127819548872 0.1675 0.6240601503759398
0 0.63375 0.5469924812030075 0.1625 0.6052631578947368
0 0.71375 0.5639097744360901 0.1525 0.5639097744360901
0 0.785 0.5507518796992481 0.135 0.5075187969924811
0 0.82375 0.5883458646616541 0.1325 0.49248120300751874
0 0.87 0.5733082706766917 0.125 0.46240601503759393
0 0.90625 0.5977443609022556 0.11750000000000001 0.42857142857142855
