0 0.9400000000000001 0.8740601503759398 0.055 0.21428571428571427
0 0.865 0.8139097744360901 0.055 0.20676691729323307
0 0.81875 0.8157894736842105 0.0575 0.21052631578947367
0 0.7575000000000001 0.7857142857142857 0.05 0.19548872180451127
0 0.73625 0.75 0.0475 0.18421052631578946
0 0.7075 0.787593984962406 0.055 0.19924812030075187
0 0.67375 0.7932330827067668 0.0475 0.18796992481203006
0 0.61375 0.7575187969924811 0.0525 0.19172932330827067
0 0.52375 0.7518796992481203 0.0475 0.18796992481203006
0 0.55125 0.7518796992481203 0.0475 0.18045112781954886
0 0.595 0.7406015037593985 0.045 0.16541353383458646
4 0.8075 0.46428571428571425 0.35000000000000003 0.20676691729323307
4 0.31625000000000003 0.49436090225563906 0.5225 0.13157894736842105
4 0.7625000000000001 0.5338345864661653 0.465 0.18796992481203006
4 0.13125 0.6428571428571428 0.1375 0.21804511278195488
4 0.2425 0.6729323308270676 0.155 0.21052631578947367
4 0.41500000000000004 0.7030075187969924 0.18 0.22556390977443608
