0 0.079 0.5173333333333333 0.08600000000000001 0.288
0 0.147 0.48666666666666664 0.07 0.23199999999999998
0 0.2 0.48666666666666664 0.08 0.2693333333333333
0 0.244 0.49066666666666664 0.084 0.2773333333333333
0 0.308 0.46266666666666667 0.08 0.25866666666666666
0 0.37 0.4693333333333333 0.088 0.29333333333333333
0 0.437 0.47866666666666663 0.08600000000000001 0.2853333333333333
0 0.502 0.4693333333333333 0.088 0.29333333333333333
0 0.585 0.4653333333333333 0.09 0.30133333333333334
0 0.649 0.4746666666666666 0.082 0.27199999999999996
0 0.727 0.46399999999999997 0.08600000000000001 0.288
0 0.785 0.476 0.082 0.27466666666666667
0 0.859 0.4666666666666667 0.09 0.29866666666666664
0 0.903 0.4666666666666667 0.08600000000000001 0.2773333333333333
2 0.059000000000000004 0.5933333333333333 0.074 0.19466666666666665
2 0.137 0.5906666666666667 0.078 0.18933333333333333
2 0.217 0.6333333333333333 0.062 0.17333333333333334
2 0.23900000000000002 0.5413333333333333 0.094 0.13866666666666666
2 0.28600000000000003 0.6213333333333333 0.068 0.15466666666666667
2 0.309 0.5479999999999999 0.07 0.104
2 0.34600000000000003 0.62 0.07200000000000001 0.17333333333333334
2 0.368 0.5586666666666666 0.048 0.09866666666666667
2 0.404 0.6093333333333333 0.056 0.17866666666666667
2 0.465 0.6146666666666667 0.09 0.19999999999999998
2 0.47000000000000003 0.5586666666666666 0.084 0.14133333333333334
2 0.528 0.5906666666666667 0.064 0.16799999999999998
2 0.587 0.584 0.094 0.17066666666666666
2 0.669 0.58 0.074 0.17866666666666667
2 0.738 0.5826666666666667 0.076 0.17866666666666667
2 0.8220000000000001 0.5613333333333334 0.112 0.216
2 0.836 0.3373333333333333 0.024 0.04533333333333333
2 0.8210000000000001 0.3506666666666667 0.03 0.050666666666666665
2 0.768 0.36533333333333334 0.064 0.08533333333333333
2 0.681 0.35333333333333333 0.034 0.07733333333333334
2 0.619 0.37066666666666664 0.05 0.08533333333333333
2 0.56 0.356 0.044 0.08266666666666667
2 0.526 0.3506666666666667 0.032 0.06133333333333333
2 0.46900000000000003 0.356 0.046 0.07733333333333334
2 0.41500000000000004 0.35333333333333333 0.062 0.09333333333333332
2 0.34500000000000003 0.35333333333333333 0.054 0.06133333333333333
2 0.281 0.388 0.042 0.06666666666666667
2 0.186 0.35333333333333333 0.044 0.06133333333333333
2 0.152 0.364 0.048 0.08266666666666667
2 0.124 0.36666666666666664 0.044 0.07733333333333334
