0 0.375 0.3555240793201133 0.060000000000000005 0.2577903682719547
0 0.3166666666666667 0.3654390934844193 0.05666666666666667 0.2322946175637394
0 0.2341666666666667 0.36968838526912184 0.065 0.2691218130311615
0 0.17 0.37110481586402266 0.06333333333333334 0.26062322946175637
0 0.08416666666666667 0.3810198300283286 0.07500000000000001 0.31444759206798867
0 0.9533333333333334 0.36827195467422097 0.04 0.1756373937677054
0 0.9091666666666667 0.3569405099150142 0.04166666666666667 0.16997167138810199
0 0.7766666666666667 0.3852691218130312 0.05333333333333334 0.22662889518413598
0 0.7200000000000001 0.36402266288951846 0.04 0.17280453257790368
0 0.6733333333333333 0.3767705382436261 0.04 0.16997167138810199
0 0.6125 0.3810198300283286 0.03833333333333334 0.1671388101983003
0 0.5716666666666667 0.3796033994334278 0.05333333333333334 0.22662889518413598
0 0.5041666666666667 0.3895184135977337 0.045000000000000005 0.1898016997167139
0 0.5358333333333334 0.4050991501416431 0.04166666666666667 0.16997167138810199
0 0.46 0.40226628895184136 0.04666666666666667 0.1926345609065156
0 0.39666666666666667 0.4079320113314448 0.04 0.1756373937677054
0 0.41583333333333333 0.3937677053824363 0.045000000000000005 0.18696883852691218
2 0.2275 0.415014164305949 0.06166666666666667 0.1671388101983003
2 0.2733333333333334 0.4093484419263456 0.04 0.1558073654390935
2 0.6408333333333334 0.3781869688385269 0.04166666666666667 0.1501416430594901
2 0.12916666666666668 0.37393767705382436 0.03166666666666667 0.1473087818696884
2 0.16166666666666668 0.4461756373937677 0.05666666666666667 0.1558073654390935
