0 0.03214285714285715 0.5971223021582734 0.0642857142857143 0.2589928057553957
0 0.1011904761904762 0.6294964028776979 0.07380952380952381 0.2733812949640288
0 0.18214285714285716 0.6241007194244604 0.06904761904761905 0.262589928057554
0 0.20833333333333334 0.5989208633093526 0.0642857142857143 0.24820143884892087
0 0.2690476190476191 0.6097122302158273 0.06190476190476191 0.2338129496402878
0 0.33333333333333337 0.6115107913669066 0.06666666666666668 0.2446043165467626
0 0.37380952380952387 0.5737410071942446 0.04761904761904762 0.1762589928057554
0 0.3940476190476191 0.5989208633093526 0.0642857142857143 0.24820143884892087
0 0.43333333333333335 0.6276978417266187 0.06666666666666668 0.24820143884892087
0 0.4535714285714286 0.6079136690647482 0.05476190476190477 0.20143884892086333
0 0.5178571428571429 0.5971223021582734 0.05952380952380953 0.21582733812949642
0 0.5452380952380953 0.6115107913669066 0.06190476190476191 0.23741007194244607
0 0.567857142857143 0.6169064748201439 0.0642857142857143 0.24100719424460432
0 0.6023809523809525 0.6384892086330936 0.0761904761904762 0.29136690647482016
0 0.6452380952380953 0.6079136690647482 0.06666666666666668 0.2517985611510791
0 0.6940476190476191 0.5953237410071943 0.05952380952380953 0.2194244604316547
0 0.7595238095238096 0.6546762589928058 0.1 0.381294964028777
0 0.7988095238095239 0.6079136690647482 0.07857142857142858 0.28776978417266186
0 0.8452380952380953 0.6205035971223022 0.08571428571428572 0.32014388489208634
0 0.9000000000000001 0.683453237410072 0.10952380952380954 0.41007194244604317
0 0.9476190476190477 0.6438848920863309 0.1 0.37410071942446044
0 0.7345238095238096 0.5899280575539568 0.05476190476190477 0.20143884892086333
0 0.9654761904761906 0.6960431654676259 0.0642857142857143 0.42086330935251803
