0 0.025781250000000002 0.7635416666666667 0.0390625 0.12708333333333333
0 0.115625 0.671875 0.028125 0.08958333333333333
0 0.14140625 0.678125 0.026562500000000003 0.08541666666666667
0 0.2265625 0.6385416666666667 0.028125 0.09791666666666667
0 0.55234375 0.715625 0.0328125 0.11458333333333333
0 0.60078125 0.721875 0.0328125 0.11041666666666666
0 0.6390625000000001 0.7302083333333333 0.03125 0.10625
0 0.68671875 0.7302083333333333 0.035937500000000004 0.12291666666666666
0 0.7000000000000001 0.7135416666666666 0.034375 0.11458333333333333
0 0.7296875 0.728125 0.03125 0.10625
0 0.7445312500000001 0.7197916666666666 0.026562500000000003 0.08541666666666667
0 0.76875 0.7385416666666667 0.03125 0.10625
0 0.7828125 0.7125 0.03125 0.1
0 0.815625 0.7364583333333333 0.034375 0.11458333333333333
0 0.8765625 0.7416666666666667 0.034375 0.1125
0 0.9304687500000001 0.7395833333333334 0.035937500000000004 0.11666666666666667
0 0.9695312500000001 0.7489583333333333 0.029687500000000002 0.10208333333333333
2 0.13125 0.6208333333333333 0.021875000000000002 0.025
2 0.22187500000000002 0.64375 0.025 0.020833333333333332
3 0.8578125000000001 0.346875 0.046875 0.06458333333333333
3 0.8289062500000001 0.6489583333333333 0.029687500000000002 0.05625
