0 0.43649193548387094 0.5119680851063829 0.12298387096774194 0.4015957446808511
0 0.5725806451612903 0.5026595744680851 0.13306451612903225 0.4308510638297872
0 0.969758064516129 0.5319148936170213 0.056451612903225805 0.19680851063829788
2 0.016129032258064516 0.488031914893617 0.028225806451612902 0.10904255319148935
2 0.06955645161290322 0.48138297872340424 0.05846774193548387 0.11170212765957446
2 0.1381048387096774 0.47606382978723405 0.0625 0.11702127659574468
2 0.19556451612903225 0.4734042553191489 0.056451612903225805 0.13297872340425532
2 0.28024193548387094 0.48670212765957444 0.07258064516129031 0.12234042553191489
2 0.655241935483871 0.49468085106382975 0.06451612903225806 0.13297872340425532
2 0.719758064516129 0.4827127659574468 0.06048387096774194 0.13031914893617022
2 0.7953629032258064 0.4800531914893617 0.05846774193548387 0.125
2 0.8840725806451613 0.488031914893617 0.07862903225806452 0.13031914893617022
