0 0.45984455958549225 0.42474048442906576 0.16321243523316062 0.27162629757785467
0 0.6075129533678757 0.476643598615917 0.07512953367875648 0.12283737024221454
0 0.766839378238342 0.4835640138408305 0.07253886010362695 0.11937716262975778
0 0.8095854922279793 0.4826989619377163 0.08549222797927461 0.1384083044982699
0 0.8678756476683939 0.49826989619377166 0.06217616580310881 0.10726643598615918
0 0.9132124352331606 0.5 0.06994818652849741 0.11764705882352941
0 0.9598445595854923 0.48961937716262977 0.07512953367875648 0.17647058823529413
0 0.15544041450777202 0.46366782006920415 0.07772020725388601 0.13148788927335642
0 0.07512953367875648 0.45155709342560557 0.07253886010362695 0.11764705882352941
0 0.032383419689119175 0.4524221453287197 0.06476683937823835 0.11245674740484429
0 0.23704663212435234 0.4671280276816609 0.06994818652849741 0.11418685121107267
2 0.3367875647668394 0.38494809688581316 0.11398963730569948 0.18166089965397925
2 0.6800518134715026 0.47750865051903113 0.05958549222797928 0.05536332179930796
2 0.1994818652849741 0.4429065743944637 0.04145077720207254 0.06920415224913495
2 0.10621761658031088 0.46280276816609 0.036269430051813475 0.05363321799307959
