0 0.5408333333333334 0.525 0.03833333333333334 0.14
0 0.5791666666666667 0.5275 0.035 0.135
0 0.6075 0.53125 0.035 0.1325
0 0.775 0.525 0.02 0.08
0 0.8125 0.525 0.025 0.09
0 0.8916666666666667 0.535 0.023333333333333334 0.085
0 0.9766666666666667 0.53625 0.023333333333333334 0.08750000000000001
0 0.8500000000000001 0.5125 0.02 0.08
0 0.6950000000000001 0.54875 0.030000000000000002 0.1075
0 0.6341666666666667 0.5 0.018333333333333333 0.075
2 0.3191666666666667 0.6375000000000001 0.17500000000000002 0.705
4 0.15583333333333335 0.45125 0.165 0.0925
4 0.6125 0.47500000000000003 0.49500000000000005 0.115
