0 0.0245398773006135 0.6362275449101796 0.049079754601227 0.218562874251497
0 0.08384458077709613 0.6796407185628743 0.0736196319018405 0.2694610778443114
0 0.11554192229038857 0.7110778443113773 0.07566462167689163 0.2724550898203593
0 0.14314928425357876 0.6601796407185629 0.05316973415132925 0.20059880239520958
0 0.22188139059304707 0.7574850299401198 0.08793456032719837 0.31137724550898205
0 0.3220858895705522 0.8188622754491018 0.09202453987730062 0.3323353293413174
0 0.29243353783231085 0.7290419161676647 0.06134969325153375 0.23053892215568864
0 0.3977505112474438 0.7874251497005988 0.07975460122699388 0.29341317365269465
0 0.516359918200409 0.8562874251497007 0.07566462167689163 0.2754491017964072
0 0.5644171779141105 0.8488023952095809 0.081799591002045 0.2964071856287425
0 0.9089979550102251 0.6811377245508983 0.051124744376278126 0.18862275449101798
0 0.8047034764826176 0.6407185628742516 0.04703476482617587 0.17365269461077845
0 0.81799591002045 0.6422155688622755 0.049079754601227 0.17664670658682635
0 0.7269938650306749 0.62874251497006 0.04703476482617587 0.17365269461077845
0 0.7433537832310839 0.6152694610778443 0.03885480572597137 0.14670658682634732
0 0.6574642126789366 0.6077844311377246 0.04294478527607362 0.16167664670658682
0 0.572597137014315 0.5883233532934132 0.044989775051124746 0.15868263473053892
0 0.5991820040899796 0.5838323353293413 0.03680981595092025 0.1377245508982036
0 0.5153374233128835 0.5808383233532934 0.0408997955010225 0.14371257485029942
0 0.5316973415132925 0.5778443113772456 0.03680981595092025 0.1317365269461078
0 0.46216768916155426 0.5643712574850299 0.0408997955010225 0.14670658682634732
0 0.4028629856850716 0.5479041916167665 0.032719836400818 0.11976047904191617
0 0.20756646216768918 0.688622754491018 0.059304703476482624 0.22155688622754494
2 0.7177914110429449 0.8877245508982037 0.08588957055214724 0.18862275449101798
