0 0.056224899598393566 0.7009202453987731 0.07228915662650602 0.2791411042944785
0 0.1184738955823293 0.6871165644171779 0.0682730923694779 0.25766871165644173
0 0.18373493975903613 0.696319018404908 0.06626506024096385 0.25766871165644173
0 0.26305220883534136 0.696319018404908 0.0682730923694779 0.25766871165644173
0 0.30220883534136544 0.6978527607361963 0.06626506024096385 0.25460122699386506
0 0.36144578313253006 0.6932515337423313 0.0682730923694779 0.2638036809815951
0 0.4277108433734939 0.7009202453987731 0.0642570281124498 0.24846625766871167
0 0.48192771084337344 0.6871165644171779 0.07630522088353413 0.2883435582822086
0 0.536144578313253 0.696319018404908 0.0642570281124498 0.2392638036809816
0 0.5763052208835341 0.6901840490797546 0.0642570281124498 0.2392638036809816
0 0.6244979919678715 0.691717791411043 0.0682730923694779 0.25460122699386506
0 0.681726907630522 0.6886503067484663 0.06224899598393574 0.2361963190184049
0 0.7299196787148594 0.6779141104294478 0.06626506024096385 0.25153374233128833
0 0.754016064257028 0.6733128834355828 0.06224899598393574 0.2423312883435583
0 0.9046184738955823 0.6702453987730062 0.07429718875502007 0.2852760736196319
0 0.9628514056224898 0.6855828220858896 0.07028112449799197 0.3159509202453988
4 0.4337349397590361 0.5858895705521473 0.4698795180722891 0.03680981595092025
