0 0.035 0.35583333333333333 0.07 0.29833333333333334
0 0.058125 0.3325 0.08375 0.2783333333333334
0 0.08687500000000001 0.3041666666666667 0.08625000000000001 0.2816666666666667
0 0.145 0.35500000000000004 0.09 0.29333333333333333
0 0.16625 0.3116666666666667 0.0725 0.2366666666666667
0 0.385625 0.30083333333333334 0.07375 0.24166666666666667
0 0.48625 0.3075 0.075 0.24833333333333335
0 0.45125 0.31083333333333335 0.07 0.2316666666666667
0 0.5475 0.33 0.08 0.26333333333333336
0 0.6825 0.3458333333333334 0.095 0.3116666666666667
0 0.748125 0.38083333333333336 0.08875 0.28833333333333333
0 0.825625 0.4291666666666667 0.11125 0.3616666666666667
0 0.915 0.465 0.11 0.36000000000000004
0 0.336875 0.2841666666666667 0.07625 0.24833333333333335
2 0.288125 0.6941666666666667 0.13375 0.2916666666666667
2 0.4525 0.7683333333333334 0.1225 0.29333333333333333
2 0.561875 0.76 0.14125000000000001 0.2966666666666667
2 0.551875 0.5916666666666667 0.07375 0.14333333333333334
2 0.450625 0.54 0.08125 0.16
2 0.7525000000000001 0.7383333333333334 0.08 0.24666666666666667
2 0.9525 0.7175 0.0925 0.265
2 0.9243750000000001 0.8325 0.09375 0.25833333333333336
2 0.880625 0.6341666666666667 0.06375 0.14833333333333334
2 0.911875 0.5266666666666667 0.06125 0.06333333333333334
2 0.775625 0.5466666666666667 0.09625 0.17666666666666667
2 0.70875 0.5858333333333333 0.08 0.19166666666666668
2 0.641875 0.4758333333333334 0.05375 0.20833333333333334
2 0.68875 0.44833333333333336 0.03 0.09000000000000001
2 0.4875 0.42500000000000004 0.065 0.16666666666666669
2 0.429375 0.39 0.051250000000000004 0.12000000000000001
2 0.084375 0.7133333333333334 0.14625 0.29000000000000004
4 0.22 0.1375 0.43 0.095
4 0.7518750000000001 0.21000000000000002 0.46875 0.1366666666666667
