0 0.402 0.384 0.124 0.4053333333333333
0 0.48 0.42533333333333334 0.108 0.34933333333333333
0 0.732 0.424 0.08 0.2613333333333333
0 0.778 0.424 0.084 0.27199999999999996
0 0.811 0.39066666666666666 0.07 0.22666666666666666
0 0.879 0.3973333333333333 0.066 0.224
0 0.964 0.36266666666666664 0.068 0.4053333333333333
0 0.645 0.4053333333333333 0.034 0.11733333333333333
0 0.659 0.41466666666666663 0.03 0.09866666666666667
0 0.623 0.412 0.034 0.11466666666666667
0 0.604 0.416 0.032 0.10666666666666666
0 0.584 0.4053333333333333 0.036000000000000004 0.11733333333333333
0 0.5630000000000001 0.41466666666666663 0.03 0.09866666666666667
0 0.54 0.408 0.04 0.13866666666666666
0 0.07100000000000001 0.42133333333333334 0.058 0.192
0 0.107 0.42933333333333334 0.038 0.13333333333333333
0 0.129 0.4373333333333333 0.034 0.11733333333333333
0 0.17200000000000001 0.41466666666666663 0.056 0.18933333333333333
0 0.215 0.41733333333333333 0.042 0.14666666666666667
0 0.262 0.41333333333333333 0.048 0.15466666666666667
0 0.289 0.42133333333333334 0.042 0.13866666666666666
0 0.314 0.43066666666666664 0.036000000000000004 0.12
0 0.328 0.4106666666666667 0.036000000000000004 0.11733333333333333
0 0.34700000000000003 0.41866666666666663 0.03 0.10133333333333333
0 0.363 0.41333333333333333 0.038 0.12266666666666666
