0 0.15 0.5764563106796116 0.14727272727272728 0.48786407766990286
0 0.22727272727272727 0.5776699029126213 0.13454545454545455 0.44174757281553395
0 0.2990909090909091 0.5740291262135921 0.13636363636363635 0.4490291262135922
0 0.37545454545454543 0.5618932038834951 0.14 0.45388349514563103
0 0.4254545454545455 0.578883495145631 0.13454545454545455 0.44417475728155337
0 0.5218181818181818 0.5740291262135921 0.13454545454545455 0.43932038834951453
0 0.6236363636363637 0.5728155339805825 0.13454545454545455 0.4368932038834951
0 0.7163636363636363 0.5885922330097086 0.13090909090909092 0.4344660194174757
0 0.8018181818181818 0.608009708737864 0.12363636363636364 0.40048543689320387
0 0.02090909090909091 0.5606796116504854 0.04181818181818182 0.2087378640776699
3 0.6163636363636363 0.7560679611650485 0.7490909090909091 0.09951456310679611
