0 0.5406137184115524 0.7303523035230353 0.12815884476534298 0.4796747967479675
0 0.36823104693140796 0.7032520325203252 0.13357400722021662 0.4905149051490515
0 0.17148014440433212 0.6707317073170732 0.10830324909747292 0.4037940379403794
0 0.22292418772563177 0.6314363143631436 0.10288808664259928 0.3794037940379404
0 0.9566787003610109 0.4159891598915989 0.025270758122743684 0.0948509485094851
0 0.9756317689530686 0.4186991869918699 0.023465703971119134 0.08943089430894309
0 0.8754512635379061 0.44308943089430897 0.036101083032490974 0.13821138211382114
0 0.8339350180505416 0.45257452574525747 0.025270758122743684 0.0921409214092141
0 0.9016245487364621 0.44850948509485095 0.019855595667870037 0.07859078590785908
0 0.8574007220216607 0.45528455284552843 0.025270758122743684 0.10298102981029811
0 0.7851985559566788 0.44037940379403795 0.018050541516245487 0.07317073170731707
0 0.8032490974729242 0.43360433604336046 0.021660649819494587 0.08130081300813008
0 0.8176895306859207 0.44173441734417346 0.018050541516245487 0.07588075880758807
0 0.5640794223826715 0.6449864498644986 0.10649819494584838 0.3956639566395664
0 0.40523465703971123 0.6571815718157181 0.11371841155234658 0.4254742547425474
0 0.44494584837545126 0.6246612466124661 0.10288808664259928 0.3821138211382114
0 0.4873646209386282 0.5989159891598916 0.09025270758122744 0.33062330623306235
0 0.30776173285198555 0.5989159891598916 0.0884476534296029 0.33062330623306235
0 0.26534296028880866 0.6178861788617886 0.09386281588447654 0.3523035230352303
0 0.6028880866425993 0.5948509485094851 0.09386281588447654 0.34417344173441733
0 0.6326714801444043 0.5880758807588076 0.08483754512635379 0.3143631436314363
0 0.07220216606498195 0.6598915989159891 0.09747292418772563 0.35501355013550134
0 0.12545126353790614 0.6409214092140921 0.0884476534296029 0.32791327913279134
0 0.03068592057761733 0.6165311653116531 0.06137184115523466 0.32791327913279134
2 0.029783393501805054 0.44037940379403795 0.03790613718411553 0.07317073170731707
2 0.07581227436823106 0.462059620596206 0.043321299638989175 0.06775067750677506
2 0.11462093862815885 0.44715447154471544 0.03790613718411553 0.07046070460704607
2 0.13808664259927797 0.4241192411924119 0.03429602888086643 0.051490514905149054
2 0.17418772563176896 0.43360433604336046 0.02707581227436823 0.04336043360433604
2 0.20126353790613719 0.43360433604336046 0.023465703971119134 0.04878048780487805
2 0.23194945848375453 0.4132791327913279 0.03068592057761733 0.04607046070460705
2 0.322202166064982 0.453929539295393 0.02707581227436823 0.051490514905149054
2 0.34386281588447654 0.45663956639566394 0.03068592057761733 0.07317073170731707
2 0.36462093862815886 0.44037940379403795 0.02888086642599278 0.03523035230352303
2 0.5045126353790614 0.44579945799457993 0.03068592057761733 0.06233062330623306
2 0.536101083032491 0.43089430894308944 0.036101083032490974 0.04878048780487805
2 0.6092057761732852 0.3943089430894309 0.019855595667870037 0.03523035230352303
2 0.6624548736462094 0.43766937669376693 0.03249097472924188 0.06775067750677506
2 0.5803249097472925 0.4634146341463415 0.04512635379061372 0.08672086720867209
2 0.41064981949458484 0.4363143631436314 0.02707581227436823 0.04336043360433604
2 0.6958483754512635 0.4186991869918699 0.01624548736462094 0.04607046070460705
2 0.7148014440433214 0.4159891598915989 0.018050541516245487 0.04607046070460705
4 0.49909747292418777 0.4173441734417344 0.5072202166064982 0.04878048780487805
4 0.7689530685920578 0.4078590785907859 0.039711191335740074 0.051490514905149054
