0 0.18046875 0.58875 0.1640625 0.6475
0 0.31171875000000004 0.635 0.11406250000000001 0.45
0 0.38203125000000004 0.62375 0.1421875 0.5575
0 0.41875 0.63625 0.12812500000000002 0.5025000000000001
0 0.5593750000000001 0.62625 0.13125 0.5125
0 0.70703125 0.6525 0.1328125 0.525
0 0.86328125 0.63375 0.1203125 0.47250000000000003
0 0.9203125000000001 0.63625 0.115625 0.4525
0 0.81953125 0.63125 0.1203125 0.47750000000000004
0 0.6492187500000001 0.65625 0.11406250000000001 0.4525
0 0.46406250000000004 0.665 0.10312500000000001 0.4
0 0.51328125 0.64625 0.1046875 0.41250000000000003
2 0.6101562500000001 0.4475 0.0390625 0.1
2 0.7359375 0.44625000000000004 0.046875 0.0925
2 0.6742187500000001 0.44125000000000003 0.0328125 0.0925
2 0.7890625 0.4475 0.05 0.07
2 0.35390625000000003 0.41625 0.0546875 0.0925
