0 0.1234375 0.6 0.10625000000000001 0.3458333333333333
0 0.49296875 0.6927083333333334 0.1765625 0.5729166666666666
0 0.71015625 0.590625 0.1046875 0.34375
0 0.8304687500000001 0.5145833333333333 0.0578125 0.19583333333333333
0 0.86875 0.5145833333333333 0.05625 0.1875
0 0.9671875000000001 0.5177083333333333 0.0625 0.22291666666666665
0 0.6195312500000001 0.490625 0.045312500000000006 0.14791666666666667
0 0.5703125 0.4739583333333333 0.034375 0.11458333333333333
0 0.9085937500000001 0.4739583333333333 0.029687500000000002 0.10208333333333333
0 0.184375 0.4739583333333333 0.028125 0.08958333333333333
0 0.28515625 0.4708333333333333 0.0328125 0.10833333333333334
0 0.35625 0.4708333333333333 0.025 0.08333333333333333
0 0.3984375 0.459375 0.021875000000000002 0.07708333333333334
0 0.42109375000000004 0.46458333333333335 0.0203125 0.06666666666666667
0 0.45390625 0.46770833333333334 0.0234375 0.08125
0 0.59140625 0.46979166666666666 0.0234375 0.08125
0 0.6507812500000001 0.459375 0.0234375 0.08125
0 0.690625 0.45729166666666665 0.021875000000000002 0.07291666666666667
0 0.7664062500000001 0.45729166666666665 0.0234375 0.07708333333333334
0 0.06796875000000001 0.46249999999999997 0.0203125 0.06666666666666667
0 0.05 0.46041666666666664 0.018750000000000003 0.06666666666666667
4 0.49609375 0.390625 0.9859375 0.13125
