0 0.12276785714285714 0.45436507936507936 0.07589285714285714 0.33730158730158727
0 0.24776785714285712 0.45436507936507936 0.0625 0.2738095238095238
0 0.32366071428571425 0.45634920634920634 0.07589285714285714 0.3333333333333333
0 0.3883928571428571 0.45238095238095233 0.0625 0.2698412698412698
0 0.4743303571428571 0.4662698412698412 0.09151785714285714 0.40079365079365076
0 0.5412946428571428 0.45436507936507936 0.06026785714285714 0.2738095238095238
0 0.6662946428571428 0.45634920634920634 0.08258928571428571 0.3571428571428571
0 0.7276785714285714 0.4583333333333333 0.05803571428571428 0.2579365079365079
0 0.8470982142857142 0.4662698412698412 0.07366071428571429 0.3214285714285714
0 0.9084821428571428 0.49007936507936506 0.026785714285714284 0.11507936507936507
