0 0.04458293384467881 0.3574074074074074 0.05656759348034515 0.27037037037037037
0 0.16347075743048897 0.40185185185185185 0.06807286673058485 0.32222222222222224
0 0.5853307766059443 0.5055555555555555 0.10258868648130393 0.4851851851851852
0 0.6931927133269414 0.41203703703703703 0.05560882070949185 0.26851851851851855
0 0.7157238734419942 0.38981481481481484 0.027804410354745925 0.13518518518518519
0 0.8926174496644295 0.46851851851851856 0.061361457334611694 0.2888888888888889
0 0.9549376797698945 0.4703703703703704 0.05560882070949185 0.26296296296296295
0 0.9467881112176414 0.45462962962962966 0.05081495685522531 0.24629629629629632
2 0.02205177372962608 0.40092592592592596 0.040268456375838924 0.2611111111111111
2 0.43863854266538826 0.41574074074074074 0.020134228187919462 0.18333333333333335
2 0.47027804410354745 0.42129629629629634 0.02588686481303931 0.16481481481481483
2 0.5191754554170661 0.4712962962962963 0.037392138063279 0.18333333333333335
2 0.5397890699904122 0.42962962962962964 0.06519654841802493 0.1814814814814815
2 0.6663470757430489 0.47500000000000003 0.04410354745925216 0.17962962962962964
2 0.7368168744007669 0.36574074074074076 0.014381591562799615 0.05
2 0.802013422818792 0.375 0.03547459252157239 0.061111111111111116
2 0.11936720997123682 0.4138888888888889 0.045062320230105465 0.19814814814814816
