0 0.03958333333333334 0.268796992481203 0.07916666666666668 0.40476190476190477
0 0.0825 0.26691729323308266 0.11666666666666667 0.43107769423558895
0 0.058333333333333334 0.262531328320802 0.10500000000000001 0.38972431077694236
0 0.125 0.262531328320802 0.11333333333333334 0.41478696741854637
0 0.16375 0.26190476190476186 0.10083333333333334 0.37343358395989973
0 0.26416666666666666 0.2543859649122807 0.12833333333333335 0.47368421052631576
0 0.38875000000000004 0.24060150375939848 0.10083333333333334 0.37092731829573933
0 0.42500000000000004 0.2525062656641604 0.09166666666666667 0.33959899749373434
0 0.4704166666666667 0.25187969924812026 0.08916666666666667 0.3258145363408521
0 0.4979166666666667 0.268796992481203 0.10250000000000001 0.3771929824561403
0 0.5191666666666667 0.24937343358395989 0.08833333333333333 0.3258145363408521
0 0.5645833333333333 0.24812030075187969 0.08750000000000001 0.3233082706766917
0 0.5970833333333334 0.23308270676691728 0.08916666666666667 0.3258145363408521
0 0.6704166666666667 0.22368421052631576 0.09083333333333334 0.3320802005012531
0 0.7000000000000001 0.256265664160401 0.09833333333333334 0.3621553884711779
0 0.62 0.15100250626566414 0.055 0.20175438596491227
0 0.73875 0.22055137844611528 0.08416666666666667 0.3082706766917293
0 0.7745833333333334 0.2449874686716792 0.08583333333333334 0.31954887218045114
0 0.8325 0.21867167919799496 0.095 0.3521303258145363
0 0.8908333333333334 0.212406015037594 0.09166666666666667 0.33959899749373434
0 0.905 0.24185463659147868 0.09000000000000001 0.3333333333333333
2 0.7066666666666667 0.044486215538847115 0.10833333333333334 0.04887218045112782
