0 0.09627016129032258 0.570228494623656 0.05040322580645161 0.165994623655914
0 0.15826612903225806 0.5863575268817205 0.06451612903225806 0.21169354838709678
0 0.14188508064516128 0.5147849462365591 0.059979838709677415 0.19758064516129034
0 0.18397177419354838 0.5305779569892474 0.05241935483870967 0.17002688172043012
0 0.2613407258064516 0.4926075268817205 0.0438508064516129 0.1424731182795699
0 0.42691532258064513 0.5446908602150538 0.0625 0.2049731182795699
0 0.4251512096774193 0.6008064516129032 0.04788306451612903 0.15591397849462366
0 0.5128528225806451 0.5413306451612904 0.0720766129032258 0.23588709677419356
1 0.5418346774193549 0.5749327956989247 0.07258064516129031 0.23723118279569894
2 0.538054435483871 0.4509408602150538 0.023689516129032258 0.0685483870967742
