0 0.036111111111111115 0.5805555555555556 0.053703703703703705 0.20555555555555557
0 0.16296296296296298 0.6375000000000001 0.12592592592592594 0.45833333333333337
0 0.30185185185185187 0.6097222222222223 0.10370370370370371 0.3861111111111111
0 0.3925925925925926 0.5916666666666667 0.08518518518518518 0.31666666666666665
0 0.48888888888888893 0.6472222222222223 0.11851851851851852 0.43333333333333335
0 0.5722222222222223 0.6125 0.0962962962962963 0.3527777777777778
0 0.638888888888889 0.6222222222222222 0.07407407407407407 0.2777777777777778
0 0.6657407407407407 0.5791666666666667 0.031481481481481485 0.125
0 0.6833333333333333 0.5694444444444444 0.037037037037037035 0.14444444444444446
0 0.6953703703703704 0.576388888888889 0.04259259259259259 0.1638888888888889
0 0.7185185185185186 0.5736111111111112 0.044444444444444446 0.1638888888888889
0 0.7351851851851852 0.5708333333333333 0.040740740740740744 0.1527777777777778
0 0.750925925925926 0.5847222222222223 0.03888888888888889 0.14722222222222223
0 0.8138888888888889 0.6472222222222223 0.08703703703703704 0.32222222222222224
0 0.888888888888889 0.5750000000000001 0.05185185185185186 0.18888888888888888
0 0.9074074074074074 0.5875 0.04814814814814815 0.18055555555555555
0 0.9333333333333333 0.625 0.037037037037037035 0.14444444444444446
0 0.9435185185185185 0.6083333333333334 0.053703703703703705 0.19444444444444445
0 0.9657407407407408 0.5972222222222222 0.053703703703703705 0.19444444444444445
0 0.9787037037037037 0.5986111111111111 0.03888888888888889 0.2138888888888889
2 0.8564814814814815 0.5430555555555556 0.061111111111111116 0.1527777777777778
