0 0.0785 0.5234215885947047 0.14100000000000001 0.70061099796334
0 0.126 0.5519348268839104 0.14 0.6965376782077393
0 0.1965 0.5397148676171079 0.14300000000000002 0.7128309572301424
0 0.26 0.5376782077393075 0.146 0.7291242362525457
0 0.35050000000000003 0.5498981670061099 0.159 0.7902240325865579
0 0.3735 0.5356415478615071 0.14300000000000002 0.7128309572301424
0 0.441 0.5407331975560081 0.146 0.7270875763747453
0 0.505 0.5346232179226069 0.162 0.8044806517311608
0 0.5475 0.5244399185336048 0.14300000000000002 0.7107942973523421
0 0.6485 0.5112016293279021 0.139 0.6924643584521384
0 0.712 0.5448065173116089 0.124 0.6171079429735233
0 0.7415 0.5478615071283095 0.147 0.7291242362525457
0 0.799 0.5376782077393075 0.134 0.6720977596741343
0 0.8515 0.5234215885947047 0.123 0.6109979633401221
0 0.8665 0.5417515274949083 0.111 0.5539714867617107
0 0.9125 0.5244399185336048 0.115 0.5723014256619144
0 0.9385 0.5081466395112015 0.117 0.5804480651731161
0 0.9755 0.6293279022403258 0.047 0.3217922606924643
