0 0.05922067901234568 0.5966435185185185 0.05054012345679012 0.18576388888888887
0 0.10619212962962962 0.6653645833333333 0.058834876543209874 0.21556712962962962
0 0.1459297839506173 0.6669560185185185 0.05690586419753086 0.20833333333333331
0 0.205054012345679 0.6040219907407407 0.05246913580246913 0.19241898148148148
0 0.24151234567901234 0.583912037037037 0.051697530864197525 0.1892361111111111
0 0.30353009259259256 0.60546875 0.04918981481481481 0.18084490740740738
0 0.34538966049382713 0.599537037037037 0.05189043209876543 0.1898148148148148
0 0.38155864197530864 0.5784143518518519 0.05015432098765432 0.18344907407407407
0 0.4204282407407407 0.5779803240740741 0.04996141975308642 0.18258101851851852
0 0.47559799382716045 0.564380787037037 0.05690586419753086 0.20920138888888887
0 0.5489969135802469 0.5768229166666666 0.04822530864197531 0.17679398148148148
0 0.6047453703703703 0.5704571759259259 0.05131172839506173 0.18778935185185183
0 0.5745563271604938 0.5419560185185185 0.04610339506172839 0.16898148148148148
0 0.7331211419753086 0.5403645833333333 0.04533179012345679 0.1663773148148148
0 0.796778549382716 0.5256076388888888 0.05150462962962963 0.18952546296296297
0 0.8642939814814814 0.529224537037037 0.04918981481481481 0.18055555555555555
0 0.888406635802469 0.5562789351851851 0.05613425925925926 0.20572916666666666
0 0.9556327160493827 0.5415219907407407 0.04205246913580247 0.15422453703703703
0 0.13184799382716048 0.5927372685185185 0.04533179012345679 0.1663773148148148
0 0.28935185185185186 0.5766782407407407 0.05015432098765432 0.18460648148148148
0 0.31925154320987653 0.5719039351851851 0.045524691358024685 0.1663773148148148
0 0.3542631172839506 0.5258969907407407 0.0472608024691358 0.17390046296296297
0 0.4115547839506173 0.5373263888888888 0.04456018518518518 0.16319444444444445
0 0.5224729938271605 0.5247395833333333 0.044945987654320986 0.16521990740740738
0 0.654224537037037 0.5438368055555556 0.03800154320987654 0.13917824074074073
0 0.5286458333333333 0.6429398148148148 0.04533179012345679 0.16608796296296297
0 0.6556712962962963 0.646412037037037 0.05246913580246913 0.19212962962962962
0 0.6928047839506173 0.6430844907407407 0.05381944444444444 0.1976273148148148
0 0.9138695987654321 0.626880787037037 0.05613425925925926 0.20572916666666666
0 0.980420524691358 0.5963541666666666 0.03877314814814815 0.18402777777777776
0 0.7554976851851851 0.6006944444444444 0.05073302469135802 0.1863425925925926
0 0.7798996913580246 0.6561053240740741 0.048611111111111105 0.1785300925925926
0 0.8320794753086419 0.5985243055555555 0.054205246913580245 0.19820601851851852
2 0.007908950617283951 0.5201099537037037 0.015046296296296295 0.1032986111111111
2 0.04079861111111111 0.5308159722222222 0.032214506172839504 0.08478009259259259
2 0.12037037037037036 0.4704861111111111 0.03665123456790123 0.052662037037037035
2 0.15210262345679013 0.5066550925925926 0.03260030864197531 0.0775462962962963
2 0.10985725308641975 0.5248842592592592 0.02334104938271605 0.05150462962962963
2 0.17997685185185183 0.7180266203703703 0.039351851851851846 0.10445601851851852
2 0.22800925925925924 0.49146412037037035 0.031635802469135804 0.06568287037037036
2 0.5137924382716049 0.6561053240740741 0.05150462962962963 0.10908564814814814
2 0.993923611111111 0.4890046296296296 0.010223765432098766 0.09375
2 0.6556712962962963 0.4822048611111111 0.04822530864197531 0.07725694444444443
