0 0.7734962406015037 0.6277777777777778 0.15225563909774437 0.737037037037037
0 0.625 0.6203703703703703 0.12218045112781954 0.5962962962962963
0 0.4539473684210526 0.575925925925926 0.08082706766917293 0.3888888888888889
0 0.10432330827067668 0.5259259259259259 0.06954887218045112 0.34074074074074073
0 0.02819548872180451 0.5777777777777778 0.05639097744360902 0.43703703703703706
0 0.1569548872180451 0.5037037037037038 0.05451127819548872 0.2740740740740741
0 0.19266917293233082 0.48703703703703705 0.05827067669172932 0.2777777777777778
0 0.21898496240601503 0.45925925925925926 0.02819548872180451 0.14814814814814814
0 0.20676691729323307 0.4759259259259259 0.03759398496240601 0.18888888888888888
0 0.27725563909774437 0.4462962962962963 0.03195488721804511 0.16666666666666669
0 0.3139097744360902 0.4444444444444445 0.022556390977443608 0.11111111111111112
0 0.34116541353383456 0.46111111111111114 0.03195488721804511 0.16666666666666669
0 0.3656015037593985 0.46111111111111114 0.039473684210526314 0.1962962962962963
0 0.6616541353383458 0.4962962962962963 0.045112781954887216 0.22962962962962963
0 0.4934210526315789 0.46481481481481485 0.03571428571428571 0.1814814814814815
0 0.41353383458646614 0.47222222222222227 0.041353383458646614 0.1962962962962963
2 0.05451127819548872 0.3962962962962963 0.08646616541353383 0.07407407407407407
