0 0.09400720164609054 0.363233024691358 0.08101851851851853 0.29745370370370366
0 0.06507201646090535 0.36766975308641975 0.07304526748971193 0.2669753086419753
0 0.12885802469135804 0.35358796296296297 0.0771604938271605 0.2835648148148148
0 0.025977366255144036 0.3618827160493827 0.05195473251028807 0.2052469135802469
0 0.205761316872428 0.38175154320987653 0.11779835390946503 0.43094135802469136
0 0.2655606995884774 0.3699845679012346 0.13400205761316875 0.4907407407407407
0 0.371141975308642 0.5435956790123456 0.10596707818930041 0.3873456790123457
0 0.371141975308642 0.40412808641975306 0.15123456790123457 0.5543981481481481
0 0.4515174897119342 0.34355709876543206 0.09439300411522634 0.3452932098765432
0 0.5568415637860082 0.3273533950617284 0.12088477366255145 0.4425154320987654
0 0.1701388888888889 0.3516589506172839 0.08564814814814815 0.3136574074074074
2 0.30838477366255146 0.2361111111111111 0.04012345679012346 0.15740740740740738
2 0.5531121399176955 0.5860339506172839 0.20961934156378603 0.48765432098765427
2 0.6175411522633746 0.2735339506172839 0.06327160493827161 0.11805555555555555
2 0.5205761316872428 0.3308256172839506 0.06121399176954733 0.13387345679012344
2 0.49125514403292186 0.19984567901234568 0.04783950617283951 0.1388888888888889
