0 0.022083333333333333 0.8348148148148148 0.04416666666666667 0.30666666666666664
0 0.15791666666666668 0.8244444444444444 0.07083333333333333 0.30666666666666664
0 0.5241666666666667 0.774074074074074 0.04166666666666667 0.1822222222222222
0 0.46958333333333335 0.7585185185185185 0.0425 0.18666666666666665
0 0.50625 0.7518518518518518 0.03416666666666667 0.1496296296296296
0 0.44375000000000003 0.74 0.029166666666666667 0.1259259259259259
0 0.3241666666666667 0.8488888888888888 0.065 0.28444444444444444
0 0.4129166666666667 0.7711111111111111 0.029166666666666667 0.13185185185185186
0 0.35583333333333333 0.774074074074074 0.04 0.17629629629629628
0 0.3779166666666667 0.7607407407407407 0.0425 0.18518518518518517
0 0.39583333333333337 0.7281481481481481 0.03166666666666667 0.14074074074074072
0 0.5425 0.7007407407407407 0.016666666666666666 0.07111111111111111
2 0.26166666666666666 0.7459259259259259 0.05666666666666667 0.18518518518518517
2 0.22083333333333335 0.7096296296296296 0.043333333333333335 0.10666666666666666
2 0.3216666666666667 0.6859259259259259 0.025 0.04444444444444444
2 0.30000000000000004 0.7222222222222222 0.025 0.09333333333333332
2 0.42250000000000004 0.7007407407407407 0.021666666666666667 0.07703703703703703
4 0.4416666666666667 0.674074074074074 0.028333333333333335 0.035555555555555556
