0 0.792 0.6317365269461078 0.112 0.4191616766467066
0 0.462 0.62874251497006 0.08 0.29940119760479045
0 0.203 0.5748502994011977 0.066 0.251497005988024
0 0.089 0.5703592814371258 0.062 0.23053892215568864
0 0.035 0.6736526946107785 0.07 0.4131736526946108
0 0.267 0.5149700598802396 0.054 0.2035928143712575
0 0.5650000000000001 0.5254491017964072 0.054 0.19461077844311378
0 0.724 0.49850299401197606 0.076 0.2784431137724551
0 0.925 0.5508982035928144 0.062 0.22754491017964074
0 0.852 0.5254491017964072 0.064 0.23652694610778444
0 0.105 0.5224550898203593 0.058 0.218562874251497
0 0.159 0.45209580838323354 0.03 0.11976047904191617
0 0.395 0.45958083832335334 0.038 0.14670658682634732
0 0.329 0.45359281437125754 0.026000000000000002 0.09880239520958084
0 0.367 0.4416167664670659 0.026000000000000002 0.09880239520958084
2 0.23800000000000002 0.4191616766467066 0.024 0.04191616766467066
2 0.26 0.39520958083832336 0.02 0.035928143712574856
2 0.272 0.39520958083832336 0.016 0.035928143712574856
2 0.31 0.46556886227544914 0.032 0.056886227544910184
2 0.446 0.4176646706586827 0.02 0.05089820359281438
2 0.483 0.4251497005988024 0.034 0.0658682634730539
2 0.513 0.4326347305389222 0.03 0.05089820359281438
2 0.626 0.5059880239520959 0.036000000000000004 0.05389221556886228
2 0.609 0.41467065868263475 0.03 0.056886227544910184
2 0.633 0.40119760479041916 0.018000000000000002 0.035928143712574856
2 0.647 0.40868263473053895 0.026000000000000002 0.04491017964071856
2 0.666 0.4476047904191617 0.028 0.04491017964071856
2 0.672 0.4041916167664671 0.024 0.029940119760479042
2 0.752 0.3997005988023952 0.028 0.04491017964071856
2 0.888 0.39520958083832336 0.016 0.04191616766467066
2 0.917 0.407185628742515 0.026000000000000002 0.035928143712574856
2 0.872 0.3937125748502994 0.02 0.02694610778443114
2 0.54 0.3982035928143713 0.024 0.029940119760479042
2 0.41100000000000003 0.405688622754491 0.018000000000000002 0.04491017964071856
2 0.39 0.5284431137724551 0.028 0.0688622754491018
2 0.837 0.38922155688622756 0.042 0.07784431137724551
