0 0.6891025641025641 0.5903614457831325 0.21474358974358973 0.7903614457831326
0 0.8790064102564102 0.4734939759036145 0.14583333333333331 0.5373493975903615
0 0.9334935897435898 0.3855421686746988 0.08493589743589744 0.3132530120481928
0 0.5761217948717948 0.3843373493975904 0.049679487179487176 0.1855421686746988
0 0.5272435897435898 0.46385542168674704 0.08333333333333333 0.31084337349397595
0 0.31330128205128205 0.44337349397590364 0.06570512820512821 0.2457831325301205
0 0.4078525641025641 0.3819277108433735 0.04326923076923077 0.16144578313253014
0 0.265224358974359 0.5445783132530121 0.1266025641025641 0.4626506024096386
0 0.07451923076923077 0.48915662650602415 0.09134615384615384 0.3421686746987952
0 0.11137820512820512 0.4084337349397591 0.052884615384615384 0.2
0 0.1610576923076923 0.3722891566265061 0.027243589743589744 0.10361445783132531
0 0.2003205128205128 0.41445783132530123 0.05769230769230769 0.2168674698795181
0 0.028044871794871792 0.3939759036144579 0.03365384615384615 0.13253012048192772
0 0.78125 0.3481927710843374 0.014423076923076922 0.06024096385542169
2 0.3301282051282051 0.33253012048192776 0.028846153846153844 0.04337349397590362
2 0.9775641025641025 0.28915662650602414 0.01282051282051282 0.024096385542168676
2 0.969551282051282 0.28072289156626506 0.016025641025641024 0.03132530120481928
