0 0.5740740740740741 0.5513126491646778 0.2740740740740741 0.8639618138424822
0 0.8166666666666667 0.5859188544152745 0.16296296296296298 0.513126491646778
0 0.7861111111111111 0.5584725536992841 0.1462962962962963 0.4630071599045346
0 0.6907407407407408 0.5405727923627686 0.18888888888888888 0.594272076372315
0 0.36944444444444446 0.5548926014319809 0.15 0.4749403341288783
0 0.26481481481481484 0.5369928400954654 0.2 0.6348448687350836
0 0.053703703703703705 0.5250596658711217 0.10740740740740741 0.5202863961813843
0 0.10462962962962963 0.4832935560859189 0.11296296296296297 0.36038186157517904
0 0.17685185185185187 0.5083532219570406 0.12407407407407407 0.39618138424821003
0 0.21851851851851853 0.4940334128878282 0.14074074074074075 0.44868735083532224
0 0.4064814814814815 0.545346062052506 0.13518518518518519 0.4272076372315036
0 0.125 0.2720763723150358 0.03518518518518519 0.11933174224343676
0 0.17962962962962964 0.26372315035799526 0.037037037037037035 0.11694510739856802
2 0.06759259259259259 0.2756563245823389 0.02777777777777778 0.0883054892601432
2 0.025 0.21599045346062054 0.024074074074074074 0.06921241050119332
2 0.02592592592592593 0.24105011933174225 0.014814814814814815 0.03818615751789976
2 0.1388888888888889 0.26730310262529833 0.018518518518518517 0.12410501193317423
2 0.38333333333333336 0.24463007159904535 0.022222222222222223 0.03102625298329356
2 0.4314814814814815 0.2971360381861575 0.02592592592592593 0.06443914081145585
2 0.36388888888888893 0.27446300715990457 0.024074074074074074 0.028639618138424822
2 0.3907407407407408 0.2756563245823389 0.02592592592592593 0.021479713603818618
