0 0.915 0.54 0.016666666666666666 0.06222222222222222
0 0.8866666666666667 0.5455555555555556 0.016666666666666666 0.05555555555555555
0 0.8616666666666667 0.5433333333333333 0.016666666666666666 0.06
0 0.8200000000000001 0.5444444444444444 0.023333333333333334 0.07555555555555556
0 0.7658333333333334 0.53 0.015000000000000001 0.05555555555555555
0 0.7191666666666667 0.48 0.018333333333333333 0.057777777777777775
0 0.6025 0.5277777777777778 0.018333333333333333 0.06444444444444444
0 0.5933333333333334 0.5355555555555556 0.023333333333333334 0.07555555555555556
0 0.5741666666666667 0.5166666666666667 0.018333333333333333 0.06
0 0.5625 0.5433333333333333 0.018333333333333333 0.06
0 0.15916666666666668 0.5522222222222222 0.021666666666666667 0.07333333333333333
0 0.09000000000000001 0.5533333333333333 0.02 0.06666666666666667
0 0.10250000000000001 0.5522222222222222 0.021666666666666667 0.06888888888888889
0 0.19 0.5577777777777778 0.02 0.07111111111111111
0 0.2016666666666667 0.5522222222222222 0.02 0.06888888888888889
0 0.21500000000000002 0.5533333333333333 0.02 0.07111111111111111
0 0.6566666666666667 0.5177777777777778 0.02 0.06666666666666667
0 0.4716666666666667 0.4855555555555556 0.016666666666666666 0.05555555555555555
0 0.48833333333333334 0.48777777777777775 0.016666666666666666 0.05555555555555555
0 0.5375000000000001 0.4911111111111111 0.018333333333333333 0.057777777777777775
0 0.5458333333333334 0.4866666666666667 0.015000000000000001 0.05333333333333333
0 0.5691666666666667 0.4911111111111111 0.018333333333333333 0.057777777777777775
0 0.5825 0.5011111111111111 0.018333333333333333 0.06444444444444444
0 0.6216666666666667 0.5077777777777778 0.016666666666666666 0.06
0 0.013333333333333334 0.47888888888888886 0.013333333333333334 0.04666666666666667
0 0.01916666666666667 0.48 0.011666666666666667 0.044444444444444446
0 0.10250000000000001 0.4822222222222222 0.011666666666666667 0.04
2 0.3591666666666667 0.4633333333333333 0.011666666666666667 0.015555555555555555
2 0.38 0.4666666666666667 0.013333333333333334 0.022222222222222223
2 0.3891666666666667 0.4666666666666667 0.011666666666666667 0.017777777777777778
2 0.4116666666666667 0.47 0.013333333333333334 0.02
2 0.42750000000000005 0.4666666666666667 0.015000000000000001 0.017777777777777778
2 0.4466666666666667 0.47 0.023333333333333334 0.015555555555555555
2 0.5125000000000001 0.4677777777777778 0.015000000000000001 0.024444444444444446
2 0.6866666666666668 0.45444444444444443 0.02666666666666667 0.03333333333333333
2 0.6983333333333334 0.4822222222222222 0.016666666666666666 0.022222222222222223
2 0.6675000000000001 0.4677777777777778 0.018333333333333333 0.024444444444444446
2 0.67 0.4888888888888889 0.013333333333333334 0.022222222222222223
4 0.03916666666666667 0.45666666666666667 0.055 0.042222222222222223
