0 0.641 0.772 0.138 0.45066666666666666
0 0.737 0.6719999999999999 0.122 0.39999999999999997
0 0.41600000000000004 0.5813333333333334 0.076 0.25066666666666665
0 0.269 0.7026666666666667 0.11800000000000001 0.39199999999999996
0 0.183 0.6146666666666667 0.11800000000000001 0.3813333333333333
0 0.061 0.744 0.122 0.49066666666666664
0 0.106 0.7959999999999999 0.116 0.376
0 0.858 0.5373333333333333 0.084 0.27466666666666667
0 0.962 0.6186666666666667 0.07200000000000001 0.39999999999999997
0 0.9390000000000001 0.5506666666666666 0.09 0.296
0 0.5710000000000001 0.5013333333333333 0.062 0.20266666666666666
0 0.513 0.4493333333333333 0.046 0.15733333333333333
0 0.461 0.44666666666666666 0.05 0.16799999999999998
0 0.677 0.436 0.054 0.17866666666666667
0 0.606 0.43866666666666665 0.052000000000000005 0.16799999999999998
0 0.586 0.35733333333333334 0.02 0.064
0 0.401 0.36266666666666664 0.022 0.08
0 0.066 0.352 0.02 0.07466666666666666
0 0.038 0.35333333333333333 0.016 0.06133333333333333
0 0.10200000000000001 0.35866666666666663 0.02 0.072
0 0.223 0.364 0.018000000000000002 0.06666666666666667
0 0.269 0.36533333333333334 0.026000000000000002 0.08533333333333333
0 0.624 0.32666666666666666 0.016 0.06133333333333333
0 0.725 0.39599999999999996 0.026000000000000002 0.088
0 0.755 0.42133333333333334 0.05 0.16
0 0.657 0.42933333333333334 0.05 0.17066666666666666
2 0.47400000000000003 0.33066666666666666 0.028 0.058666666666666666
2 0.47800000000000004 0.3813333333333333 0.02 0.03733333333333333
2 0.44 0.39066666666666666 0.032 0.029333333333333333
2 0.497 0.3853333333333333 0.018000000000000002 0.029333333333333333
2 0.968 0.37066666666666664 0.044 0.064
2 0.6950000000000001 0.192 0.022 0.021333333333333333
2 0.647 0.20133333333333334 0.026000000000000002 0.034666666666666665
2 0.608 0.19333333333333333 0.016 0.029333333333333333
2 0.623 0.19466666666666665 0.018000000000000002 0.026666666666666665
2 0.621 0.33199999999999996 0.014 0.034666666666666665
2 0.741 0.42666666666666664 0.038 0.05333333333333333
