0 0.06326530612244899 0.603542234332425 0.12653061224489798 0.4822888283378746
0 0.21938775510204084 0.6498637602179836 0.15714285714285717 0.5149863760217983
0 0.2612244897959184 0.608991825613079 0.1142857142857143 0.3787465940054496
0 0.3234693877551021 0.5980926430517711 0.10408163265306124 0.3405994550408719
0 0.4285714285714286 0.5817438692098093 0.1142857142857143 0.3787465940054496
0 0.35714285714285715 0.55858310626703 0.07755102040816328 0.2506811989100817
0 0.5387755102040817 0.6430517711171662 0.17551020408163268 0.5722070844686649
0 0.65 0.5776566757493188 0.1 0.332425068119891
0 0.7214285714285715 0.5708446866485013 0.07551020408163266 0.24795640326975477
0 0.8346938775510205 0.6267029972752043 0.14285714285714288 0.46866485013623976
0 0.9071428571428573 0.5776566757493188 0.07959183673469389 0.2615803814713896
0 0.9510204081632654 0.6021798365122616 0.09387755102040818 0.32697547683923706
0 0.9602040816326531 0.6893732970027248 0.07551020408163266 0.44686648501362397
2 0.1816326530612245 0.43869209809264303 0.0489795918367347 0.049046321525885554
2 0.1346938775510204 0.4427792915531335 0.036734693877551024 0.051771117166212535
2 0.29285714285714287 0.4482288828337874 0.04285714285714286 0.04632152588555858
2 0.3938775510204082 0.4550408719346049 0.04081632653061225 0.03814713896457766
2 0.5122448979591837 0.4250681198910082 0.02448979591836735 0.027247956403269755
2 0.6326530612244898 0.44005449591280654 0.036734693877551024 0.051771117166212535
2 0.5887755102040817 0.4305177111716621 0.030612244897959186 0.03814713896457766
2 0.8826530612244898 0.46185286103542234 0.030612244897959186 0.04087193460490463
