0 0.1759375 0.6354166666666667 0.136875 0.4475
0 0.2365625 0.6791666666666667 0.145625 0.4766666666666667
0 0.3353125 0.6716666666666667 0.145625 0.4766666666666667
0 0.4421875 0.6808333333333334 0.140625 0.4566666666666667
0 0.546875 0.6683333333333333 0.14375000000000002 0.4683333333333334
0 0.625625 0.6670833333333334 0.13875 0.45083333333333336
0 0.7128125 0.6641666666666667 0.143125 0.465
0 0.8190625 0.6608333333333334 0.143125 0.4666666666666667
0 0.9359375 0.61375 0.12687500000000002 0.44083333333333335
0 0.953125 0.5620833333333334 0.0925 0.41583333333333333
0 0.873125 0.6379166666666667 0.115 0.37583333333333335
0 0.7525000000000001 0.5929166666666668 0.11375 0.3691666666666667
0 0.6709375 0.5966666666666667 0.111875 0.3666666666666667
0 0.134375 0.6041666666666667 0.12 0.39333333333333337
0 0.11031250000000001 0.5658333333333334 0.114375 0.375
4 0.5303125 0.38208333333333333 0.931875 0.2758333333333334
