0 0.2290909090909091 0.7870879120879122 0.08 0.29395604395604397
0 0.26545454545454544 0.7307692307692308 0.07636363636363637 0.2802197802197802
0 0.3009090909090909 0.7307692307692308 0.056363636363636366 0.2142857142857143
0 0.33454545454545453 0.8736263736263737 0.05818181818181818 0.2142857142857143
0 0.9363636363636364 0.7843406593406594 0.06909090909090909 0.260989010989011
0 0.37545454545454543 0.8859890109890111 0.05272727272727273 0.20054945054945056
0 0.33 0.4052197802197803 0.04909090909090909 0.18956043956043958
0 0.3927272727272727 0.4793956043956044 0.05454545454545454 0.20054945054945056
0 0.57 0.48901098901098905 0.04181818181818182 0.15934065934065936
0 0.74 0.47390109890109894 0.04363636363636364 0.1675824175824176
0 0.9309090909090909 0.42307692307692313 0.03636363636363636 0.13736263736263737
0 0.4627272727272727 0.7774725274725275 0.06727272727272728 0.25824175824175827
2 0.28909090909090907 0.8846153846153847 0.05090909090909091 0.13186813186813187
2 0.2018181818181818 0.6497252747252747 0.03272727272727273 0.057692307692307696
2 0.2409090909090909 0.6016483516483517 0.034545454545454546 0.06043956043956045
2 0.2109090909090909 0.918956043956044 0.05454545454545454 0.14560439560439561
2 0.1590909090909091 0.9560439560439561 0.06 0.08241758241758243
2 0.3145454545454546 0.6098901098901099 0.02909090909090909 0.049450549450549455
2 0.33636363636363636 0.646978021978022 0.02909090909090909 0.057692307692307696
2 0.35454545454545455 0.6263736263736264 0.02909090909090909 0.049450549450549455
2 0.38272727272727275 0.668956043956044 0.038181818181818185 0.10714285714285715
2 0.43454545454545457 0.701923076923077 0.04 0.0521978021978022
2 0.4381818181818182 0.756868131868132 0.03636363636363636 0.057692307692307696
2 0.43272727272727274 0.826923076923077 0.03636363636363636 0.07142857142857144
2 0.41909090909090907 0.8447802197802199 0.038181818181818185 0.046703296703296704
2 0.42 0.9326923076923078 0.04727272727272727 0.10714285714285715
2 0.5154545454545455 0.8681318681318682 0.034545454545454546 0.09340659340659341
2 0.5572727272727273 0.8530219780219781 0.038181818181818185 0.10164835164835166
2 0.5327272727272727 0.7829670329670331 0.02909090909090909 0.07142857142857144
2 0.5609090909090909 0.7815934065934067 0.023636363636363636 0.07417582417582418
2 0.5954545454545455 0.826923076923077 0.045454545454545456 0.1098901098901099
2 0.5663636363636364 0.7032967032967034 0.034545454545454546 0.1208791208791209
2 0.5981818181818181 0.690934065934066 0.05090909090909091 0.11263736263736264
2 0.5954545454545455 0.6085164835164836 0.04181818181818182 0.06868131868131869
2 0.5581818181818182 0.6085164835164836 0.02909090909090909 0.0521978021978022
2 0.5281818181818182 0.5604395604395604 0.034545454545454546 0.08241758241758243
2 0.35363636363636364 0.40659340659340665 0.045454545454545456 0.05494505494505495
2 0.44272727272727275 0.4244505494505495 0.03090909090909091 0.08516483516483517
2 0.4381818181818182 0.5233516483516484 0.03636363636363636 0.10164835164835166
2 0.49636363636363634 0.4670329670329671 0.04363636363636364 0.06593406593406594
2 0.5045454545454545 0.5247252747252747 0.034545454545454546 0.05494505494505495
2 0.5045454545454545 0.38461538461538464 0.034545454545454546 0.07692307692307693
2 0.46545454545454545 0.35714285714285715 0.03272727272727273 0.05494505494505495
2 0.4709090909090909 0.31730769230769235 0.02181818181818182 0.041208791208791215
2 0.4890909090909091 0.2994505494505495 0.02181818181818182 0.04395604395604396
2 0.5227272727272727 0.2994505494505495 0.03090909090909091 0.06043956043956045
2 0.5454545454545454 0.282967032967033 0.025454545454545455 0.05494505494505495
2 0.5463636363636364 0.23214285714285715 0.016363636363636365 0.041208791208791215
2 0.5481818181818182 0.37225274725274726 0.02727272727272727 0.0521978021978022
2 0.5945454545454546 0.385989010989011 0.02181818181818182 0.09615384615384616
2 0.58 0.32142857142857145 0.025454545454545455 0.05494505494505495
2 0.5836363636363636 0.2678571428571429 0.02181818181818182 0.0521978021978022
2 0.38181818181818183 0.3818681318681319 0.025454545454545455 0.05494505494505495
2 0.39545454545454545 0.3502747252747253 0.02727272727272727 0.057692307692307696
2 0.38727272727272727 0.2815934065934066 0.03272727272727273 0.07417582417582418
2 0.43454545454545457 0.5961538461538461 0.03636363636363636 0.06043956043956045
2 0.4127272727272727 0.6291208791208792 0.04 0.09890109890109891
2 0.4954545454545455 0.6153846153846154 0.034545454545454546 0.06593406593406594
2 0.5309090909090909 0.701923076923077 0.03272727272727273 0.07417582417582418
2 0.6781818181818182 0.7967032967032968 0.04727272727272727 0.05494505494505495
2 0.7018181818181818 0.8543956043956045 0.03272727272727273 0.06593406593406594
2 0.7436363636363637 0.8502747252747254 0.04727272727272727 0.07417582417582418
2 0.6209090909090909 0.46565934065934067 0.038181818181818185 0.06868131868131869
2 0.6481818181818182 0.41895604395604397 0.03090909090909091 0.057692307692307696
2 0.6763636363636364 0.42307692307692313 0.025454545454545455 0.05494505494505495
2 0.6627272727272727 0.521978021978022 0.023636363636363636 0.05494505494505495
2 0.6881818181818182 0.5054945054945056 0.03090909090909091 0.06593406593406594
2 0.6154545454545455 0.532967032967033 0.038181818181818185 0.049450549450549455
2 0.6381818181818182 0.6002747252747254 0.03636363636363636 0.0521978021978022
2 0.42727272727272725 0.3310439560439561 0.03636363636363636 0.0631868131868132
2 0.4254545454545455 0.2760989010989011 0.02181818181818182 0.03571428571428572
2 0.4109090909090909 0.22802197802197804 0.01818181818181818 0.03296703296703297
2 0.41909090909090907 0.19230769230769232 0.016363636363636365 0.049450549450549455
2 0.44181818181818183 0.18131868131868134 0.025454545454545455 0.04395604395604396
2 0.44363636363636366 0.23489010989010992 0.02909090909090909 0.0521978021978022
2 0.4727272727272727 0.2403846153846154 0.02909090909090909 0.041208791208791215
2 0.47454545454545455 0.1991758241758242 0.02181818181818182 0.041208791208791215
2 0.45636363636363636 0.2733516483516484 0.01818181818181818 0.041208791208791215
2 0.6045454545454545 0.27060439560439564 0.023636363636363636 0.0521978021978022
2 0.6263636363636363 0.29532967032967034 0.023636363636363636 0.030219780219780223
2 0.6254545454545455 0.35302197802197804 0.02909090909090909 0.0631868131868132
2 0.65 0.36401098901098905 0.023636363636363636 0.0521978021978022
2 0.6754545454545454 0.37225274725274726 0.02727272727272727 0.046703296703296704
2 0.68 0.315934065934066 0.02181818181818182 0.049450549450549455
2 0.6772727272727272 0.2760989010989011 0.023636363636363636 0.03571428571428572
2 0.7027272727272728 0.3186813186813187 0.02727272727272727 0.07142857142857144
2 0.7427272727272727 0.31043956043956045 0.023636363636363636 0.03296703296703297
2 0.7527272727272727 0.37912087912087916 0.03636363636363636 0.06043956043956045
2 0.7990909090909091 0.3763736263736264 0.04181818181818182 0.09340659340659341
2 0.79 0.45054945054945056 0.034545454545454546 0.06043956043956045
2 0.8145454545454546 0.4601648351648352 0.025454545454545455 0.041208791208791215
2 0.8409090909090909 0.47802197802197804 0.03090909090909091 0.07692307692307693
2 0.8218181818181818 0.5233516483516484 0.02909090909090909 0.046703296703296704
2 0.8127272727272727 0.5425824175824177 0.03636363636363636 0.046703296703296704
2 0.7936363636363636 0.5041208791208791 0.038181818181818185 0.046703296703296704
2 0.759090909090909 0.5480769230769231 0.04181818181818182 0.0521978021978022
2 0.7154545454545455 0.5288461538461539 0.02727272727272727 0.0521978021978022
2 0.7181818181818181 0.5837912087912088 0.025454545454545455 0.0521978021978022
2 0.6763636363636364 0.5865384615384616 0.04 0.046703296703296704
2 0.6827272727272727 0.625 0.02727272727272727 0.046703296703296704
2 0.6845454545454546 0.690934065934066 0.034545454545454546 0.09065934065934067
2 0.7163636363636363 0.6483516483516484 0.04 0.08791208791208792
2 0.7427272727272727 0.6043956043956045 0.02 0.06043956043956045
2 0.7745454545454545 0.6098901098901099 0.03272727272727273 0.06593406593406594
2 0.8345454545454546 0.6043956043956045 0.04363636363636364 0.06043956043956045
2 0.7663636363636364 0.6593406593406594 0.03090909090909091 0.038461538461538464
2 0.7845454545454545 0.7060439560439561 0.04909090909090909 0.06043956043956045
2 0.8045454545454546 0.6703296703296704 0.02727272727272727 0.04395604395604396
2 0.8227272727272728 0.7115384615384616 0.02727272727272727 0.038461538461538464
2 0.8572727272727273 0.701923076923077 0.03090909090909091 0.057692307692307696
2 0.8636363636363636 0.6579670329670331 0.03272727272727273 0.06868131868131869
2 0.9054545454545454 0.6126373626373627 0.02909090909090909 0.07692307692307693
2 0.9309090909090909 0.5947802197802198 0.03272727272727273 0.057692307692307696
2 0.9418181818181818 0.5618131868131868 0.03272727272727273 0.057692307692307696
2 0.9490909090909091 0.506868131868132 0.03636363636363636 0.06868131868131869
2 0.9827272727272727 0.4835164835164836 0.023636363636363636 0.06593406593406594
2 0.9827272727272727 0.4134615384615385 0.03090909090909091 0.0521978021978022
2 0.9127272727272727 0.3310439560439561 0.025454545454545455 0.030219780219780223
2 0.9109090909090909 0.28983516483516486 0.025454545454545455 0.057692307692307696
2 0.9563636363636364 0.30219780219780223 0.02909090909090909 0.07692307692307693
2 0.9754545454545455 0.2417582417582418 0.02727272727272727 0.06043956043956045
2 0.9481818181818181 0.23076923076923078 0.03090909090909091 0.06593406593406594
2 0.92 0.24450549450549453 0.025454545454545455 0.03296703296703297
2 0.7481818181818182 0.7637362637362638 0.04909090909090909 0.08241758241758243
2 0.8127272727272727 0.7912087912087913 0.025454545454545455 0.06043956043956045
2 0.8463636363636363 0.848901098901099 0.04181818181818182 0.08241758241758243
2 0.8418181818181818 0.7596153846153847 0.03272727272727273 0.07417582417582418
2 0.9781818181818182 0.739010989010989 0.02909090909090909 0.08241758241758243
2 0.87 0.5164835164835165 0.03090909090909091 0.03296703296703297
2 0.8790909090909091 0.5618131868131868 0.023636363636363636 0.057692307692307696
2 0.91 0.4601648351648352 0.03090909090909091 0.07417582417582418
2 0.8727272727272727 0.35989010989010994 0.02909090909090909 0.08791208791208792
2 0.8418181818181818 0.3667582417582418 0.02181818181818182 0.07417582417582418
2 0.850909090909091 0.2815934065934066 0.03636363636363636 0.0521978021978022
2 0.8054545454545454 0.28983516483516486 0.025454545454545455 0.0631868131868132
2 0.8163636363636364 0.25137362637362637 0.025454545454545455 0.0521978021978022
2 0.7772727272727272 0.2678571428571429 0.02 0.0521978021978022
2 0.77 0.30082417582417587 0.02727272727272727 0.041208791208791215
2 0.7072727272727273 0.260989010989011 0.02181818181818182 0.049450549450549455
2 0.7272727272727273 0.25137362637362637 0.01818181818181818 0.041208791208791215
2 0.7436363636363637 0.21840659340659344 0.01818181818181818 0.0521978021978022
2 0.7363636363636363 0.15934065934065936 0.025454545454545455 0.049450549450549455
2 0.3836363636363636 0.0315934065934066 0.025454545454545455 0.057692307692307696
2 0.42363636363636364 0.0315934065934066 0.02909090909090909 0.03571428571428572
2 0.5245454545454545 0.0521978021978022 0.038181818181818185 0.04395604395604396
2 0.57 0.05906593406593407 0.023636363636363636 0.030219780219780223
2 0.5209090909090909 0.09615384615384616 0.02 0.03296703296703297
2 0.5618181818181818 0.10851648351648352 0.025454545454545455 0.03571428571428572
2 0.5909090909090909 0.08928571428571429 0.014545454545454545 0.041208791208791215
2 0.6063636363636363 0.053571428571428575 0.02 0.041208791208791215
2 0.6409090909090909 0.057692307692307696 0.02727272727272727 0.049450549450549455
2 0.759090909090909 0.06043956043956045 0.03090909090909091 0.04395604395604396
2 0.7281818181818182 0.08516483516483517 0.03090909090909091 0.049450549450549455
2 0.7036363636363636 0.09890109890109891 0.03272727272727273 0.03296703296703297
2 0.9545454545454546 0.08791208791208792 0.03636363636363636 0.08241758241758243
2 0.9009090909090909 0.135989010989011 0.02727272727272727 0.041208791208791215
2 0.9772727272727273 0.1620879120879121 0.034545454545454546 0.06593406593406594
2 0.9427272727272727 0.1620879120879121 0.023636363636363636 0.049450549450549455
2 0.9181818181818182 0.19093406593406595 0.025454545454545455 0.046703296703296704
2 0.8645454545454545 0.15384615384615385 0.03090909090909091 0.05494505494505495
2 0.8381818181818181 0.15247252747252749 0.02909090909090909 0.0631868131868132
2 0.8390909090909091 0.18956043956043958 0.023636363636363636 0.049450549450549455
2 0.8681818181818182 0.21153846153846156 0.02727272727272727 0.06593406593406594
2 0.7936363636363636 0.1620879120879121 0.02727272727272727 0.038461538461538464
2 0.8009090909090909 0.19505494505494508 0.02727272727272727 0.03296703296703297
2 0.7563636363636363 0.14285714285714288 0.025454545454545455 0.05494505494505495
2 0.6872727272727273 0.1991758241758242 0.01818181818181818 0.041208791208791215
2 0.7009090909090909 0.17994505494505497 0.023636363636363636 0.03571428571428572
2 0.6890909090909091 0.14285714285714288 0.02181818181818182 0.049450549450549455
2 0.6718181818181819 0.1263736263736264 0.02 0.049450549450549455
2 0.6663636363636364 0.17994505494505497 0.02 0.041208791208791215
2 0.6481818181818182 0.17032967032967034 0.016363636363636365 0.04395604395604396
2 0.6345454545454545 0.16346153846153846 0.03272727272727273 0.03571428571428572
2 0.6372727272727273 0.20741758241758243 0.023636363636363636 0.041208791208791215
2 0.6554545454545454 0.24450549450549453 0.03090909090909091 0.049450549450549455
2 0.6136363636363636 0.21703296703296704 0.02727272727272727 0.038461538461538464
2 0.5918181818181818 0.21703296703296704 0.02727272727272727 0.038461538461538464
2 0.5790909090909091 0.17445054945054947 0.02 0.03571428571428572
2 0.5663636363636364 0.1936813186813187 0.03090909090909091 0.03571428571428572
2 0.5354545454545454 0.1826923076923077 0.02727272727272727 0.030219780219780223
2 0.5181818181818182 0.1936813186813187 0.02909090909090909 0.046703296703296704
2 0.5109090909090909 0.157967032967033 0.02181818181818182 0.041208791208791215
2 0.5036363636363637 0.12362637362637363 0.014545454545454545 0.027472527472527476
2 0.49272727272727274 0.135989010989011 0.03636363636363636 0.0521978021978022
2 0.49 0.18681318681318682 0.02 0.05494505494505495
2 0.5672727272727273 0.15109890109890112 0.02181818181818182 0.03296703296703297
2 0.5872727272727273 0.14835164835164835 0.01818181818181818 0.038461538461538464
2 0.6081818181818182 0.1304945054945055 0.02727272727272727 0.0521978021978022
2 0.3472727272727273 0.5109890109890111 0.02909090909090909 0.1263736263736264
