0 0.021666666666666667 0.733201581027668 0.034444444444444444 0.15019762845849802
0 0.04055555555555555 0.7470355731225296 0.03222222222222222 0.14229249011857706
0 0.05611111111111111 0.7569169960474308 0.03222222222222222 0.13833992094861658
0 0.12611111111111112 0.8636363636363635 0.04111111111111111 0.17786561264822134
0 0.13944444444444445 0.884387351778656 0.034444444444444444 0.14822134387351776
0 0.17833333333333334 0.8932806324110671 0.03222222222222222 0.14229249011857706
0 0.22944444444444445 0.8774703557312252 0.043333333333333335 0.18972332015810275
0 0.27 0.875494071146245 0.042222222222222223 0.1818181818181818
0 0.3138888888888889 0.8596837944664031 0.03666666666666667 0.16205533596837943
0 0.34055555555555556 0.8349802371541502 0.03666666666666667 0.16403162055335968
0 0.3622222222222222 0.8023715415019762 0.03777777777777778 0.16205533596837943
0 0.3888888888888889 0.7747035573122529 0.03111111111111111 0.13833992094861658
0 0.4027777777777778 0.7282608695652173 0.034444444444444444 0.14822134387351776
0 0.41444444444444445 0.7075098814229248 0.03111111111111111 0.13438735177865613
0 0.4211111111111111 0.6709486166007904 0.028888888888888888 0.12450592885375493
0 0.4222222222222222 0.6343873517786561 0.02 0.08695652173913043
0 0.42277777777777775 0.5918972332015809 0.021111111111111112 0.09683794466403162
0 0.4272222222222222 0.6156126482213439 0.01888888888888889 0.08893280632411067
0 0.595 0.533596837944664 0.016666666666666666 0.07905138339920947
0 0.6266666666666667 0.5326086956521738 0.015555555555555555 0.07312252964426877
0 0.6483333333333333 0.5405138339920948 0.01888888888888889 0.08102766798418971
0 0.6716666666666666 0.5464426877470355 0.01888888888888889 0.08893280632411067
0 0.6877777777777778 0.5543478260869564 0.017777777777777778 0.08102766798418971
0 0.7133333333333334 0.5632411067193676 0.022222222222222223 0.09881422924901186
0 0.7372222222222222 0.5760869565217391 0.01888888888888889 0.08893280632411067
0 0.7561111111111111 0.5849802371541502 0.021111111111111112 0.09486166007905138
0 0.7772222222222223 0.5968379446640316 0.021111111111111112 0.09881422924901186
0 0.7994444444444444 0.592885375494071 0.023333333333333334 0.1067193675889328
0 0.8183333333333334 0.6047430830039525 0.021111111111111112 0.09486166007905138
0 0.8394444444444444 0.6215415019762845 0.01888888888888889 0.08893280632411067
0 0.8572222222222222 0.633399209486166 0.021111111111111112 0.09683794466403162
0 0.8744444444444445 0.651185770750988 0.02 0.08893280632411067
0 0.9005555555555556 0.691699604743083 0.027777777777777776 0.12252964426877469
0 0.8977777777777778 0.7104743083003953 0.024444444444444446 0.10474308300395256
0 0.8877777777777778 0.75 0.03111111111111111 0.14031620553359683
0 0.8733333333333333 0.7658102766798418 0.026666666666666665 0.12055335968379446
0 0.8322222222222222 0.7598814229249011 0.024444444444444446 0.1126482213438735
0 0.8027777777777778 0.7667984189723319 0.03 0.13043478260869565
0 0.7783333333333333 0.7687747035573123 0.021111111111111112 0.09881422924901186
0 0.7627777777777778 0.783596837944664 0.021111111111111112 0.09288537549407114
0 0.8683333333333333 0.4871541501976284 0.016666666666666666 0.07707509881422925
0 0.05555555555555555 0.4802371541501976 0.015555555555555555 0.07114624505928853
0 0.0811111111111111 0.48221343873517786 0.015555555555555555 0.06719367588932806
0 0.06444444444444444 0.4476284584980237 0.013333333333333332 0.061264822134387345
0 0.13111111111111112 0.4229249011857707 0.008888888888888889 0.043478260869565216
0 0.18777777777777777 0.42391304347826086 0.011111111111111112 0.04940711462450593
0 0.25555555555555554 0.4624505928853755 0.015555555555555555 0.07114624505928853
0 0.27166666666666667 0.44664031620553357 0.012222222222222223 0.05928853754940711
