0 0.095 0.5700000000000001 0.1 0.375
0 0.9141666666666667 0.55875 0.11166666666666668 0.40750000000000003
2 0.15666666666666668 0.6425 0.11 0.305
2 0.19 0.66125 0.07666666666666667 0.3175
2 0.25 0.65 0.07333333333333333 0.28
2 0.31583333333333335 0.6425 0.08833333333333333 0.28500000000000003
2 0.3791666666666667 0.655 0.065 0.29
2 0.4366666666666667 0.655 0.08 0.29
2 0.49333333333333335 0.6625 0.06333333333333334 0.29
2 0.56 0.67125 0.06666666666666667 0.2775
2 0.6166666666666667 0.6637500000000001 0.08 0.2925
2 0.6866666666666668 0.6775 0.09000000000000001 0.32
2 0.7483333333333334 0.66625 0.08 0.3025
2 0.8091666666666667 0.6687500000000001 0.10166666666666667 0.3425
2 0.89 0.6725 0.11333333333333334 0.335
2 0.14583333333333334 0.47000000000000003 0.06166666666666667 0.17500000000000002
2 0.18833333333333335 0.45625 0.04666666666666667 0.1525
2 0.2391666666666667 0.4525 0.05166666666666667 0.125
2 0.2758333333333334 0.4525 0.05166666666666667 0.14
2 0.3241666666666667 0.4525 0.055 0.155
2 0.3766666666666667 0.45375 0.05333333333333334 0.1525
2 0.42333333333333334 0.4425 0.043333333333333335 0.12
2 0.4683333333333334 0.44375000000000003 0.06666666666666667 0.11750000000000001
2 0.4891666666666667 0.39625 0.045000000000000005 0.0975
2 0.5283333333333333 0.45625 0.06333333333333334 0.1875
2 0.5583333333333333 0.385 0.043333333333333335 0.085
2 0.5900000000000001 0.44375000000000003 0.06666666666666667 0.1575
2 0.6375000000000001 0.3825 0.06833333333333334 0.105
2 0.655 0.47250000000000003 0.07 0.185
2 0.7008333333333334 0.4575 0.058333333333333334 0.185
2 0.7233333333333334 0.3825 0.04666666666666667 0.09
2 0.7633333333333334 0.4575 0.08666666666666667 0.165
2 0.8083333333333333 0.42625 0.060000000000000005 0.1575
2 0.8666666666666667 0.42625 0.06333333333333334 0.1575
