0 0.098 0.6544227886056971 0.034 0.12743628185907047
0 0.1345 0.6506746626686657 0.033 0.12293853073463268
0 0.153 0.6259370314842578 0.028 0.10344827586206896
0 0.17450000000000002 0.6244377811094453 0.029 0.10644677661169415
0 0.219 0.6394302848575711 0.03 0.10944527736131934
0 0.244 0.6349325337331334 0.028 0.10344827586206896
0 0.2545 0.6191904047976011 0.025 0.09295352323838081
0 0.274 0.6154422788605697 0.024 0.0914542728635682
0 0.2895 0.6484257871064467 0.031 0.1184407796101949
0 0.32 0.6454272863568216 0.03 0.11244377811094453
0 0.34900000000000003 0.6221889055472264 0.028 0.10494752623688156
0 0.3835 0.6386806596701649 0.029 0.11094452773613193
0 0.3915 0.6169415292353823 0.025 0.0944527736131934
0 0.40900000000000003 0.6169415292353823 0.03 0.10944527736131934
0 0.41250000000000003 0.6356821589205397 0.029 0.11094452773613193
0 0.47800000000000004 0.649175412293853 0.03 0.11094452773613193
0 0.4665 0.6214392803598201 0.027 0.10344827586206896
0 0.493 0.6184407796101948 0.028 0.10344827586206896
0 0.5095000000000001 0.6446776611694153 0.033 0.1199400299850075
0 0.5700000000000001 0.6371814092953523 0.028 0.10194902548725637
0 0.552 0.6131934032983508 0.026000000000000002 0.09895052473763118
0 0.5995 0.6326836581709145 0.029 0.11094452773613193
0 0.624 0.6214392803598201 0.026000000000000002 0.0944527736131934
0 0.651 0.6446776611694153 0.03 0.11394302848575712
0 0.6585 0.6191904047976011 0.025 0.095952023988006
0 0.6835 0.6424287856071964 0.031 0.11244377811094453
0 0.7055 0.616191904047976 0.023 0.08695652173913043
0 0.726 0.6094452773613194 0.026000000000000002 0.09745127436281859
0 0.74 0.6371814092953523 0.03 0.11094452773613193
0 0.77 0.6296851574212894 0.03 0.11094452773613193
0 0.7835 0.6229385307346327 0.029 0.10644677661169415
0 0.803 0.6244377811094453 0.026000000000000002 0.09745127436281859
0 0.8405 0.6469265367316341 0.031 0.11244377811094453
0 0.834 0.6176911544227885 0.024 0.08995502248875561
0 0.873 0.6469265367316341 0.034 0.12443778110944527
0 0.858 0.6094452773613194 0.026000000000000002 0.0944527736131934
0 0.9 0.6386806596701649 0.028 0.10494752623688156
0 0.9335 0.6356821589205397 0.033 0.1199400299850075
2 0.324 0.5809595202398801 0.022 0.022488755622188904
2 0.5750000000000001 0.5817091454272864 0.02 0.041979010494752625
