0 0.0825 0.8733153638814016 0.04833333333333334 0.1940700808625337
0 0.07666666666666667 0.8059299191374664 0.060000000000000005 0.24258760107816713
0 0.04 0.7857142857142858 0.060000000000000005 0.23989218328840972
0 0.12416666666666668 0.8288409703504044 0.058333333333333334 0.23450134770889489
0 0.18416666666666667 0.7964959568733154 0.065 0.261455525606469
0 0.20083333333333334 0.8194070080862534 0.06833333333333334 0.2695417789757413
0 0.24750000000000003 0.8504043126684636 0.06833333333333334 0.2776280323450135
0 0.31 0.8436657681940701 0.07 0.2749326145552561
0 0.35583333333333333 0.8315363881401617 0.06833333333333334 0.2776280323450135
0 0.4041666666666667 0.8490566037735849 0.065 0.2587601078167116
0 0.43750000000000006 0.839622641509434 0.06833333333333334 0.2722371967654987
0 0.4758333333333334 0.8477088948787063 0.06833333333333334 0.2722371967654987
0 0.5291666666666667 0.8773584905660378 0.058333333333333334 0.22911051212938008
0 0.5725 0.8975741239892184 0.04833333333333334 0.18867924528301888
0 0.6025 0.8530997304582211 0.07166666666666667 0.2830188679245283
0 0.6575000000000001 0.8773584905660378 0.055 0.22371967654986524
0 0.7066666666666667 0.8544474393530997 0.06666666666666667 0.2695417789757413
0 0.7441666666666668 0.8733153638814016 0.058333333333333334 0.23180592991913748
0 0.7925000000000001 0.8517520215633424 0.06833333333333334 0.2749326145552561
0 0.8300000000000001 0.8328840970350405 0.06333333333333334 0.2587601078167116
0 0.905 0.8638814016172507 0.06333333333333334 0.2506738544474394
0 0.9466666666666668 0.8611859838274933 0.06666666666666667 0.2668463611859838
0 0.9241666666666667 0.8342318059299192 0.06166666666666667 0.24528301886792453
0 0.6483333333333334 0.8557951482479785 0.06666666666666667 0.2668463611859838
0 0.01916666666666667 0.8207547169811321 0.03833333333333334 0.2560646900269542
2 0.15083333333333335 0.7035040431266847 0.04166666666666667 0.12398921832884098
2 0.028333333333333335 0.6132075471698114 0.030000000000000002 0.09433962264150944
2 0.05 0.5862533692722373 0.030000000000000002 0.08355795148247978
2 0.555 0.7412398921832885 0.043333333333333335 0.08086253369272238
4 0.5283333333333333 0.5916442048517521 0.9066666666666667 0.2183288409703504
