0 0.2252941176470588 0.5255731922398589 0.05529411764705882 0.20458553791887124
0 0.3352941176470588 0.5599647266313933 0.04941176470588235 0.18518518518518517
0 0.38647058823529407 0.5326278659611993 0.05294117647058823 0.19400352733686066
0 0.4270588235294117 0.5149911816578483 0.051764705882352935 0.19047619047619047
0 0.4741176470588235 0.5317460317460317 0.04941176470588235 0.18165784832451498
0 0.5135294117647058 0.5361552028218695 0.05058823529411764 0.18694885361552027
0 0.5705882352941176 0.517636684303351 0.047058823529411764 0.1710758377425044
0 0.6170588235294117 0.5141093474426808 0.045882352941176464 0.1675485008818342
0 0.6294117647058823 0.5396825396825397 0.042352941176470586 0.15873015873015872
0 0.6611764705882353 0.5123456790123456 0.047058823529411764 0.1746031746031746
0 0.6752941176470587 0.5044091710758377 0.042352941176470586 0.15520282186948853
0 0.7817647058823529 0.5326278659611993 0.041176470588235294 0.15167548500881833
2 0.2964705882352941 0.47178130511463845 0.06352941176470588 0.08289241622574955
2 0.44294117647058817 0.4470899470899471 0.012941176470588234 0.037037037037037035
2 0.4970588235294117 0.4576719576719577 0.022352941176470586 0.029982363315696647
