0 0.23046092184368736 0.3063063063063063 0.08416833667334668 0.3063063063063063
0 0.3416833667334669 0.42342342342342343 0.12625250501002003 0.46846846846846846
0 0.1813627254509018 0.1996996996996997 0.04208416833667334 0.15915915915915915
0 0.38476953907815625 0.18018018018018017 0.03206412825651302 0.12012012012012012
0 0.439879759519038 0.17717717717717718 0.03006012024048096 0.12012012012012012
0 0.41182364729458915 0.18468468468468469 0.018036072144288574 0.07507507507507508
0 0.47695390781563124 0.16816816816816815 0.028056112224448895 0.1021021021021021
0 0.5801603206412825 0.2042042042042042 0.038076152304609215 0.15015015015015015
2 0.47394789579158314 0.53003003003003 0.17034068136272543 0.2852852852852853
2 0.6773547094188376 0.6381381381381381 0.3286573146292585 0.7057057057057057
2 0.9118236472945891 0.7267267267267267 0.16032064128256512 0.39039039039039036
2 0.027054108216432865 0.31981981981981983 0.0501002004008016 0.12312312312312312
2 0.058116232464929855 0.2912912912912913 0.06412825651302605 0.09009009009009009
2 0.08517034068136271 0.27177177177177175 0.06613226452905811 0.1111111111111111
2 0.14929859719438876 0.28678678678678676 0.0501002004008016 0.10510510510510511
2 0.7575150300601202 0.26426426426426425 0.04008016032064128 0.1021021021021021
2 0.7304609218436873 0.25675675675675674 0.03006012024048096 0.10510510510510511
2 0.8356713426853707 0.3003003003003003 0.06813627254509018 0.2042042042042042
2 0.6543086172344689 0.2012012012012012 0.03006012024048096 0.12012012012012012
2 0.1472945891783567 0.17867867867867868 0.058116232464929855 0.0990990990990991
2 0.5360721442885771 0.2732732732732733 0.0781563126252505 0.11411411411411411
2 0.8897795591182364 0.18618618618618618 0.03607214428857715 0.07807807807807808
2 0.9248496993987975 0.12312312312312312 0.038076152304609215 0.06006006006006006
2 0.9288577154308616 0.17567567567567569 0.022044088176352703 0.06306306306306306
2 0.9669338677354709 0.18018018018018017 0.026052104208416832 0.07807807807807808
4 0.3246492985971944 0.14864864864864866 0.13627254509018036 0.06906906906906907
