0 0.23117647058823526 0.5326278659611993 0.05294117647058823 0.19400352733686066
0 0.3 0.5185185185185185 0.03764705882352941 0.14109347442680775
0 0.3241176470588235 0.5388007054673721 0.04352941176470588 0.164021164021164
0 0.3852941176470588 0.537037037037037 0.045882352941176464 0.1710758377425044
0 0.4088235294117647 0.5211640211640212 0.04352941176470588 0.164021164021164
0 0.4447058823529411 0.537037037037037 0.042352941176470586 0.16049382716049382
0 0.4870588235294117 0.5335097001763668 0.047058823529411764 0.1781305114638448
0 0.5411764705882353 0.5264550264550264 0.042352941176470586 0.15696649029982362
0 0.5852941176470587 0.5238095238095237 0.04352941176470588 0.15873015873015872
0 0.6252941176470588 0.5220458553791887 0.04352941176470588 0.15873015873015872
0 0.5970588235294118 0.537037037037037 0.041176470588235294 0.15696649029982362
0 0.7205882352941175 0.5432098765432098 0.041176470588235294 0.15520282186948853
0 0.6429411764705881 0.5 0.02941176470588235 0.10758377425044091
2 0.4270588235294117 0.4691358024691358 0.016470588235294115 0.04585537918871252
2 0.4564705882352941 0.48148148148148145 0.023529411764705882 0.06701940035273368
2 0.4717647058823529 0.4770723104056437 0.021176470588235293 0.05114638447971781
