0 0.21354166666666666 0.8379351740696278 0.04246794871794872 0.15846338535414164
0 0.2520032051282051 0.8349339735894357 0.03926282051282051 0.1452581032412965
0 0.27884615384615385 0.8301320528211283 0.04326923076923077 0.15726290516206481
0 0.296474358974359 0.8235294117647058 0.04487179487179487 0.16326530612244897
0 0.33092948717948717 0.8493397358943577 0.05448717948717949 0.19807923169267705
0 0.30729166666666663 0.8097238895558223 0.032852564102564104 0.1212484993997599
0 0.35536858974358976 0.825330132052821 0.03926282051282051 0.1452581032412965
0 0.42267628205128205 0.8247298919567827 0.04567307692307692 0.1680672268907563
0 0.4699519230769231 0.8499399759903961 0.055288461538461536 0.20168067226890754
0 0.46033653846153844 0.8421368547418967 0.047275641025641024 0.17166866746698678
0 0.4955929487179487 0.8781512605042017 0.05368589743589743 0.2004801920768307
0 0.5352564102564102 0.8391356542617047 0.04326923076923077 0.15846338535414164
0 0.5592948717948718 0.8571428571428571 0.05769230769230769 0.21368547418967584
0 0.5933493589743589 0.8541416566626651 0.04246794871794872 0.15486194477791115
0 0.6426282051282051 0.8409363745498198 0.046474358974358976 0.17166866746698678
0 0.657051282051282 0.8385354141656662 0.056089743589743585 0.20528211284513803
0 0.6891025641025641 0.8499399759903961 0.049679487179487176 0.18487394957983191
0 0.7115384615384616 0.8163265306122448 0.03685897435897436 0.1368547418967587
0 0.7520032051282051 0.8703481392557022 0.06650641025641026 0.24729891956782712
2 0.2708333333333333 0.7647058823529411 0.01282051282051282 0.04081632653061224
2 0.43669871794871795 0.7599039615846338 0.017628205128205128 0.031212484993997598
2 0.4475160256410256 0.7671068427370947 0.010416666666666666 0.052821128451380546
2 0.592948717948718 0.7527010804321728 0.03205128205128205 0.04081632653061224
2 0.6674679487179487 0.754501800720288 0.019230769230769232 0.04201680672268907
2 0.7415865384615384 0.7472989195678271 0.032852564102564104 0.051620648259303716
2 0.7720352564102564 0.8091236494597839 0.032852564102564104 0.11764705882352941
2 0.8048878205128205 0.7635054021608643 0.05208333333333333 0.11044417767106841
2 0.8417467948717948 0.8481392557022809 0.07772435897435898 0.26530612244897955
2 0.859375 0.7430972388955581 0.032852564102564104 0.0744297719087635
