0 0.12545454545454546 0.4352750809061489 0.05454545454545454 0.24271844660194175
0 0.17363636363636364 0.6343042071197411 0.1618181818181818 0.7119741100323624
0 0.22818181818181818 0.5938511326860841 0.1290909090909091 0.5663430420711975
0 0.2881818181818182 0.45469255663430425 0.056363636363636366 0.255663430420712
0 0.35818181818181816 0.482200647249191 0.07272727272727272 0.31715210355987056
0 0.5172727272727272 0.4482200647249191 0.05272727272727273 0.23624595469255666
0 0.44272727272727275 0.48381877022653724 0.056363636363636366 0.255663430420712
0 0.5990909090909091 0.6035598705501618 0.13272727272727272 0.5792880258899676
0 0.6654545454545454 0.5728155339805826 0.10545454545454545 0.4595469255663431
0 0.6954545454545454 0.45307443365695793 0.07090909090909091 0.31067961165048547
0 0.7109090909090909 0.4336569579288026 0.05090909090909091 0.22653721682847897
0 0.7281818181818182 0.3899676375404531 0.02727272727272727 0.1197411003236246
0 0.8127272727272727 0.40291262135922334 0.03272727272727273 0.13915857605177995
0 0.8363636363636363 0.4223300970873787 0.03636363636363636 0.1650485436893204
0 0.8636363636363636 0.3980582524271845 0.025454545454545455 0.11003236245954694
0 0.9436363636363636 0.4498381877022654 0.06181818181818182 0.2783171521035599
