0 0.046875 0.6907356948228882 0.09375 0.42779291553133514
0 0.13046875 0.6743869209809265 0.0890625 0.38419618528610355
0 0.20390625 0.6634877384196185 0.0765625 0.329700272479564
0 0.2625 0.6471389645776566 0.07187500000000001 0.31335149863760214
0 0.31562500000000004 0.6335149863760218 0.06875 0.29155313351498635
0 0.36328125 0.6130790190735694 0.0671875 0.29427792915531337
0 0.40859375000000003 0.6212534059945504 0.0578125 0.2561307901907357
0 0.44375000000000003 0.6049046321525885 0.053125000000000006 0.23433242506811988
0 0.47500000000000003 0.6049046321525885 0.053125000000000006 0.22343324250681199
0 0.5750000000000001 0.6730245231607629 0.09062500000000001 0.39237057220708443
2 0.07265625 0.5463215258855586 0.0421875 0.10081743869209808
2 0.2421875 0.5422343324250681 0.03125 0.10899182561307902
2 0.290625 0.5122615803814714 0.021875000000000002 0.05449591280653951
2 0.32890625 0.5163487738419619 0.0234375 0.04632152588555858
2 0.37812500000000004 0.5068119891008174 0.025 0.03814713896457766
2 0.9148437500000001 0.49182561307901906 0.060937500000000006 0.12806539509536785
