0 0.052222222222222225 0.7000000000000001 0.10444444444444445 0.4066666666666667
0 0.03 0.6833333333333333 0.06 0.3866666666666667
0 0.09444444444444444 0.6950000000000001 0.09555555555555556 0.35000000000000003
0 0.13666666666666666 0.7216666666666667 0.14444444444444443 0.53
0 0.20222222222222222 0.7066666666666667 0.10222222222222223 0.3866666666666667
0 0.29333333333333333 0.6783333333333333 0.09777777777777778 0.3566666666666667
0 0.3566666666666667 0.6950000000000001 0.1 0.3766666666666667
0 0.41555555555555557 0.7033333333333334 0.13333333333333333 0.4866666666666667
0 0.49444444444444446 0.6866666666666668 0.10444444444444445 0.39333333333333337
0 0.5422222222222223 0.6216666666666667 0.09777777777777778 0.36333333333333334
0 0.6433333333333333 0.7416666666666667 0.10888888888888888 0.4033333333333334
0 0.6088888888888889 0.6766666666666667 0.10222222222222223 0.38
0 0.7422222222222222 0.6583333333333333 0.10666666666666666 0.39666666666666667
0 0.7166666666666667 0.5900000000000001 0.07777777777777778 0.29333333333333333
0 0.7833333333333333 0.7050000000000001 0.12222222222222222 0.45
0 0.8811111111111111 0.64 0.11333333333333333 0.42000000000000004
0 0.6644444444444444 0.5750000000000001 0.04 0.15000000000000002
0 0.9222222222222223 0.56 0.04 0.14666666666666667
0 0.9522222222222222 0.5566666666666668 0.03777777777777778 0.14666666666666667
0 0.9822222222222222 0.5583333333333333 0.03111111111111111 0.17
2 0.6477777777777778 0.5083333333333334 0.03333333333333333 0.06333333333333334
2 0.8188888888888889 0.5216666666666667 0.024444444444444446 0.07
