0 0.111875 0.4591666666666667 0.058750000000000004 0.195
0 0.25125000000000003 0.4491666666666667 0.055 0.18500000000000003
0 0.28875 0.405 0.0425 0.1366666666666667
0 0.349375 0.445 0.058750000000000004 0.19333333333333336
0 0.40750000000000003 0.40750000000000003 0.04 0.135
0 0.4825 0.4416666666666667 0.055 0.18333333333333335
0 0.5493750000000001 0.40166666666666667 0.043750000000000004 0.14666666666666667
0 0.64125 0.4116666666666667 0.0525 0.17666666666666667
0 0.3275 0.385 0.0175 0.06333333333333334
0 0.31125 0.3841666666666667 0.015 0.04833333333333334
0 0.689375 0.42333333333333334 0.05625 0.18333333333333335
0 0.72875 0.41750000000000004 0.045 0.15166666666666667
0 0.7518750000000001 0.41250000000000003 0.04875 0.16166666666666668
0 0.7781250000000001 0.41500000000000004 0.05625 0.18333333333333335
0 0.8043750000000001 0.4391666666666667 0.04875 0.15833333333333335
0 0.81375 0.395 0.0475 0.16
0 0.829375 0.4033333333333334 0.04625 0.15000000000000002
0 0.845 0.42583333333333334 0.0525 0.17500000000000002
0 0.900625 0.4341666666666667 0.058750000000000004 0.19166666666666668
0 0.918125 0.44333333333333336 0.058750000000000004 0.19333333333333336
0 0.96875 0.42750000000000005 0.06 0.23500000000000001
0 0.599375 0.36250000000000004 0.01375 0.045000000000000005
0 0.5725 0.3775 0.015 0.055
0 0.875 0.35583333333333333 0.01 0.03833333333333334
0 0.8625 0.3591666666666667 0.015 0.04833333333333334
0 0.050625 0.4033333333333334 0.01375 0.04666666666666667
0 0.1775 0.38583333333333336 0.015 0.055
0 0.20625000000000002 0.3866666666666667 0.015 0.05333333333333334
2 0.7987500000000001 0.28833333333333333 0.0525 0.06666666666666667
