0 0.0275 0.34760705289672544 0.028333333333333335 0.10579345088161209
0 0.011666666666666667 0.35768261964735515 0.023333333333333334 0.10579345088161209
0 0.050833333333333335 0.33879093198992444 0.028333333333333335 0.10327455919395466
0 0.0425 0.31989924433249367 0.021666666666666667 0.08564231738035265
0 0.0675 0.3350125944584383 0.025 0.09571788413098237
0 0.07666666666666667 0.35768261964735515 0.023333333333333334 0.09571788413098237
0 0.09666666666666668 0.3375314861460957 0.02666666666666667 0.10075566750629722
0 0.12083333333333333 0.33879093198992444 0.021666666666666667 0.08816120906801007
0 0.14166666666666666 0.34005037783375314 0.023333333333333334 0.09571788413098237
0 0.15416666666666667 0.34005037783375314 0.025 0.09571788413098237
0 0.17 0.3375314861460957 0.023333333333333334 0.08564231738035265
0 0.19333333333333336 0.3614609571788413 0.02 0.07808564231738035
0 0.2016666666666667 0.3463476070528967 0.02666666666666667 0.10327455919395466
0 0.22666666666666668 0.3513853904282116 0.02666666666666667 0.10327455919395466
0 0.24416666666666667 0.35012594458438284 0.025 0.09571788413098237
0 0.2566666666666667 0.3526448362720403 0.023333333333333334 0.0906801007556675
0 0.2733333333333334 0.3438287153652393 0.023333333333333334 0.08816120906801007
0 0.28500000000000003 0.345088161209068 0.023333333333333334 0.09571788413098237
0 0.2966666666666667 0.34130982367758184 0.02 0.08312342569269521
0 0.33 0.3526448362720403 0.023333333333333334 0.09571788413098237
0 0.35583333333333333 0.3526448362720403 0.025 0.09571788413098237
0 0.3666666666666667 0.36397984886649876 0.023333333333333334 0.08816120906801007
0 0.38833333333333336 0.3513853904282116 0.02666666666666667 0.0982367758186398
0 0.4033333333333334 0.353904282115869 0.02666666666666667 0.10327455919395466
0 0.41000000000000003 0.35642317380352645 0.030000000000000002 0.10831234256926951
0 0.42250000000000004 0.35516372795969775 0.025 0.10075566750629722
0 0.4425 0.35642317380352645 0.025 0.09319899244332494
0 0.4566666666666667 0.35642317380352645 0.02 0.07304785894206549
0 0.4791666666666667 0.35012594458438284 0.025 0.0906801007556675
0 0.49750000000000005 0.353904282115869 0.025 0.09319899244332494
0 0.5083333333333334 0.353904282115869 0.023333333333333334 0.09319899244332494
0 0.5358333333333334 0.35768261964735515 0.025 0.09571788413098237
0 0.55 0.353904282115869 0.02666666666666667 0.0982367758186398
0 0.5641666666666667 0.36272040302267 0.025 0.09571788413098237
0 0.5825 0.35516372795969775 0.025 0.09571788413098237
0 0.6066666666666667 0.35768261964735515 0.023333333333333334 0.08564231738035265
0 0.5741666666666667 0.3463476070528967 0.028333333333333335 0.10327455919395466
0 0.63 0.35894206549118385 0.02666666666666667 0.10327455919395466
0 0.6558333333333334 0.35768261964735515 0.028333333333333335 0.11083123425692695
0 0.6741666666666667 0.35894206549118385 0.021666666666666667 0.08816120906801007
0 0.6391666666666667 0.353904282115869 0.025 0.09319899244332494
0 0.7158333333333334 0.3602015113350126 0.025 0.0906801007556675
0 0.7466666666666667 0.3614609571788413 0.023333333333333334 0.09319899244332494
0 0.7833333333333334 0.3526448362720403 0.030000000000000002 0.11083123425692695
0 0.8141666666666667 0.3690176322418136 0.028333333333333335 0.10831234256926951
0 0.8041666666666667 0.35516372795969775 0.028333333333333335 0.11083123425692695
0 0.8333333333333334 0.36649874055415615 0.02666666666666667 0.10327455919395466
0 0.8525 0.35894206549118385 0.028333333333333335 0.10831234256926951
0 0.8691666666666668 0.353904282115869 0.025 0.0982367758186398
0 0.8808333333333334 0.3614609571788413 0.021666666666666667 0.08312342569269521
0 0.8933333333333334 0.30982367758186397 0.02 0.08060453400503778
0 0.905 0.29974811083123426 0.02 0.08060453400503778
0 0.915 0.30856423173803527 0.02 0.07808564231738035
0 0.8583333333333334 0.17002518891687657 0.016666666666666666 0.06297229219143577
0 0.8383333333333334 0.16876574307304784 0.016666666666666666 0.0654911838790932
0 0.7808333333333334 0.1712846347607053 0.018333333333333333 0.0654911838790932
0 0.76 0.16624685138539042 0.016666666666666666 0.060453400503778336
0 0.7400000000000001 0.172544080604534 0.016666666666666666 0.06297229219143577
0 0.6950000000000001 0.17506297229219142 0.016666666666666666 0.06801007556675062
0 0.6858333333333334 0.17002518891687657 0.015000000000000001 0.0579345088161209
0 0.6716666666666667 0.2052896725440806 0.02 0.07304785894206549
0 0.6458333333333334 0.2040302267002519 0.018333333333333333 0.07052896725440806
0 0.25 0.2544080604534005 0.02 0.07556675062972291
0 0.6716666666666667 0.2947103274559194 0.02 0.08060453400503778
0 0.6900000000000001 0.31738035264483627 0.02 0.07556675062972291
2 0.7716666666666667 0.23299748110831234 0.02 0.0327455919395466
2 0.7891666666666667 0.22544080604534003 0.015000000000000001 0.027707808564231738
2 0.8025000000000001 0.22670025188916876 0.015000000000000001 0.030226700251889168
2 0.8350000000000001 0.22921914357682618 0.02 0.030226700251889168
2 0.8700000000000001 0.2455919395465995 0.02 0.0327455919395466
2 0.8550000000000001 0.2632241813602015 0.016666666666666666 0.017632241813602016
2 0.008333333333333333 0.27455919395465994 0.013333333333333334 0.030226700251889168
2 0.025833333333333337 0.2795969773299748 0.018333333333333333 0.030226700251889168
2 0.050833333333333335 0.2783375314861461 0.018333333333333333 0.022670025188916875
2 0.07416666666666667 0.2695214105793451 0.015000000000000001 0.020151133501259445
2 0.09833333333333334 0.2783375314861461 0.016666666666666666 0.017632241813602016
2 0.11666666666666667 0.2783375314861461 0.02 0.022670025188916875
2 0.16583333333333333 0.2783375314861461 0.015000000000000001 0.022670025188916875
2 0.1975 0.2229219143576826 0.015000000000000001 0.0327455919395466
2 0.21916666666666668 0.2216624685138539 0.021666666666666667 0.030226700251889168
2 0.1875 0.2947103274559194 0.011666666666666667 0.025188916876574305
2 0.275 0.28463476070528965 0.013333333333333334 0.020151133501259445
2 0.29583333333333334 0.2795969773299748 0.021666666666666667 0.025188916876574305
2 0.3741666666666667 0.22418136020151133 0.021666666666666667 0.025188916876574305
2 0.515 0.21914357682619648 0.023333333333333334 0.030226700251889168
2 0.3458333333333334 0.2947103274559194 0.015000000000000001 0.025188916876574305
2 0.3725 0.2858942065491184 0.018333333333333333 0.027707808564231738
2 0.3891666666666667 0.28463476070528965 0.015000000000000001 0.030226700251889168
2 0.44583333333333336 0.29093198992443325 0.018333333333333333 0.022670025188916875
2 0.43250000000000005 0.29093198992443325 0.015000000000000001 0.022670025188916875
2 0.4891666666666667 0.3123425692695214 0.015000000000000001 0.030226700251889168
2 0.5033333333333334 0.30730478589420657 0.013333333333333334 0.025188916876574305
2 0.5883333333333334 0.2896725440806045 0.02 0.025188916876574305
2 0.6525000000000001 0.26448362720403024 0.018333333333333333 0.030226700251889168
2 0.08333333333333334 0.579345088161209 0.023333333333333334 0.08060453400503778
2 0.11666666666666667 0.5856423173803527 0.030000000000000002 0.08816120906801007
2 0.13416666666666668 0.544080604534005 0.018333333333333333 0.030226700251889168
2 0.15166666666666667 0.5881612090680101 0.02 0.07304785894206549
2 0.15833333333333335 0.5377833753148614 0.02 0.027707808564231738
2 0.18500000000000003 0.535264483627204 0.016666666666666666 0.0327455919395466
2 0.17416666666666666 0.5944584382871536 0.018333333333333333 0.08060453400503778
2 0.19666666666666668 0.5780856423173804 0.016666666666666666 0.07304785894206549
2 0.2225 0.579345088161209 0.028333333333333335 0.07052896725440806
2 0.24666666666666667 0.5768261964735516 0.02 0.08564231738035265
2 0.27083333333333337 0.5692695214105793 0.018333333333333333 0.07052896725440806
2 0.28833333333333333 0.5692695214105793 0.016666666666666666 0.07052896725440806
2 0.3091666666666667 0.570528967254408 0.018333333333333333 0.0579345088161209
2 0.32833333333333337 0.5692695214105793 0.02 0.05037783375314861
2 0.3241666666666667 0.5302267002518891 0.018333333333333333 0.027707808564231738
2 0.35583333333333333 0.5403022670025189 0.018333333333333333 0.022670025188916875
2 0.37833333333333335 0.5390428211586902 0.023333333333333334 0.04030226700251889
2 0.3916666666666667 0.5239294710327456 0.02 0.025188916876574305
2 0.4341666666666667 0.5251889168765743 0.018333333333333333 0.022670025188916875
2 0.16 0.7178841309823677 0.04 0.0906801007556675
2 0.19666666666666668 0.6763224181360201 0.023333333333333334 0.03778337531486146
2 0.22083333333333335 0.7204030226700252 0.021666666666666667 0.08060453400503778
2 0.22 0.6536523929471033 0.023333333333333334 0.0327455919395466
2 0.24833333333333335 0.7040302267002518 0.013333333333333334 0.06801007556675062
2 0.27083333333333337 0.6939546599496221 0.025 0.06297229219143577
2 0.25 0.6410579345088161 0.023333333333333334 0.0327455919395466
2 0.2733333333333334 0.6322418136020151 0.02 0.03526448362720403
2 0.29333333333333333 0.6234256926952141 0.02 0.027707808564231738
2 0.30333333333333334 0.6700251889168766 0.030000000000000002 0.0654911838790932
2 0.3275 0.6649874055415617 0.04166666666666667 0.08060453400503778
2 0.34500000000000003 0.6435768261964735 0.02 0.06297229219143577
2 0.36333333333333334 0.6171284634760705 0.030000000000000002 0.0654911838790932
2 0.385 0.6221662468513853 0.02666666666666667 0.08060453400503778
2 0.4066666666666667 0.6209068010075567 0.03333333333333333 0.08312342569269521
2 0.43500000000000005 0.6133501259445844 0.023333333333333334 0.07808564231738035
2 0.45583333333333337 0.6158690176322418 0.018333333333333333 0.08312342569269521
2 0.4791666666666667 0.6133501259445844 0.025 0.07808564231738035
2 0.505 0.6095717884130982 0.02 0.055415617128463476
2 0.4025 0.5541561712846348 0.018333333333333333 0.04534005037783375
2 0.42500000000000004 0.5629722921914357 0.023333333333333334 0.03778337531486146
2 0.46166666666666667 0.561712846347607 0.02666666666666667 0.030226700251889168
2 0.4758333333333334 0.5302267002518891 0.018333333333333333 0.0327455919395466
2 0.5066666666666667 0.5390428211586902 0.023333333333333334 0.04030226700251889
2 0.5325000000000001 0.544080604534005 0.025 0.03526448362720403
2 0.4575 0.716624685138539 0.028333333333333335 0.09319899244332494
2 0.4966666666666667 0.7128463476070529 0.02 0.0906801007556675
2 0.53 0.7040302267002518 0.03333333333333333 0.08816120906801007
2 0.5783333333333334 0.672544080604534 0.04 0.0654911838790932
2 0.5558333333333334 0.6272040302267002 0.025 0.04030226700251889
2 0.5275000000000001 0.5969773299748111 0.021666666666666667 0.0654911838790932
2 0.5491666666666667 0.5856423173803527 0.015000000000000001 0.03778337531486146
2 0.5608333333333334 0.5629722921914357 0.028333333333333335 0.042821158690176324
2 0.5725 0.5554156171284634 0.021666666666666667 0.0327455919395466
2 0.5950000000000001 0.5743073047858942 0.016666666666666666 0.03526448362720403
2 0.5791666666666667 0.5944584382871536 0.021666666666666667 0.04030226700251889
2 0.6000000000000001 0.6272040302267002 0.023333333333333334 0.04534005037783375
2 0.6116666666666667 0.6070528967254408 0.016666666666666666 0.04030226700251889
2 0.6425000000000001 0.6032745591939547 0.03833333333333334 0.042821158690176324
2 0.6383333333333334 0.5541561712846348 0.02 0.05037783375314861
2 0.6091666666666667 0.5566750629722922 0.015000000000000001 0.03526448362720403
2 0.5908333333333333 0.535264483627204 0.018333333333333333 0.03778337531486146
2 0.6575000000000001 0.544080604534005 0.015000000000000001 0.04030226700251889
2 0.6708333333333334 0.526448362720403 0.021666666666666667 0.030226700251889168
2 0.6766666666666667 0.5743073047858942 0.023333333333333334 0.060453400503778336
2 0.6983333333333334 0.5642317380352645 0.030000000000000002 0.07556675062972291
2 0.7166666666666667 0.5340050377833753 0.016666666666666666 0.03526448362720403
2 0.7291666666666667 0.5289672544080605 0.015000000000000001 0.030226700251889168
2 0.7675000000000001 0.552896725440806 0.018333333333333333 0.07304785894206549
2 0.7858333333333334 0.552896725440806 0.021666666666666667 0.07808564231738035
2 0.8058333333333334 0.5214105793450882 0.015000000000000001 0.020151133501259445
2 0.8200000000000001 0.5629722921914357 0.016666666666666666 0.06801007556675062
2 0.8491666666666667 0.5302267002518891 0.025 0.03778337531486146
2 0.8450000000000001 0.5692695214105793 0.02 0.055415617128463476
2 0.4516666666666667 0.47732997481108314 0.02666666666666667 0.07808564231738035
2 0.465 0.43198992443324935 0.013333333333333334 0.022670025188916875
2 0.4741666666666667 0.47984886649874053 0.015000000000000001 0.06297229219143577
2 0.5041666666666667 0.45088161209068006 0.015000000000000001 0.03526448362720403
2 0.5158333333333334 0.48110831234256923 0.011666666666666667 0.055415617128463476
2 0.5233333333333333 0.4521410579345088 0.013333333333333334 0.027707808564231738
2 0.5491666666666667 0.45088161209068006 0.028333333333333335 0.030226700251889168
2 0.5533333333333333 0.48992443324937024 0.023333333333333334 0.05289672544080604
2 0.5766666666666667 0.44206549118387906 0.02 0.017632241813602016
2 0.5816666666666667 0.47732997481108314 0.016666666666666666 0.04785894206549118
2 0.5975 0.47984886649874053 0.018333333333333333 0.05289672544080604
2 0.6000000000000001 0.44710327455919396 0.02 0.022670025188916875
2 0.6191666666666668 0.44080604534005036 0.018333333333333333 0.025188916876574305
2 0.6283333333333334 0.48110831234256923 0.02 0.060453400503778336
2 0.6533333333333333 0.47984886649874053 0.023333333333333334 0.0579345088161209
4 0.7925000000000001 0.29093198992443325 0.19166666666666668 0.08312342569269521
