0 0.06870229007633588 0.8472727272727273 0.050890585241730284 0.09090909090909091
0 0.07760814249363868 0.4827272727272727 0.06870229007633588 0.12181818181818181
0 0.37277353689567433 0.47909090909090907 0.0534351145038168 0.09272727272727273
0 0.14885496183206107 0.48818181818181816 0.0534351145038168 0.09272727272727273
0 0.4173027989821883 0.8027272727272727 0.05597964376590331 0.1
0 0.4223918575063614 0.6790909090909091 0.050890585241730284 0.09272727272727273
0 0.7926208651399491 0.7581818181818182 0.04834605597964377 0.09090909090909091
0 0.61323155216285 0.6990909090909091 0.03053435114503817 0.06
0 0.6259541984732825 0.64 0.04580152671755726 0.08363636363636363
0 0.7035623409669212 0.5218181818181818 0.058524173027989825 0.10545454545454545
0 0.7748091603053435 0.5127272727272727 0.058524173027989825 0.10545454545454545
0 0.7569974554707379 0.48 0.06361323155216285 0.11636363636363636
0 0.8384223918575064 0.48363636363636364 0.04834605597964377 0.08363636363636363
0 0.9198473282442748 0.5018181818181818 0.0534351145038168 0.09454545454545454
0 0.9592875318066159 0.54 0.04071246819338423 0.07272727272727272
0 0.5343511450381679 0.2972727272727273 0.020356234096692113 0.038181818181818185
0 0.5343511450381679 0.39454545454545453 0.050890585241730284 0.08727272727272728
0 0.628498727735369 0.44363636363636366 0.04580152671755726 0.08
0 0.45801526717557256 0.4354545454545454 0.04580152671755726 0.08545454545454545
0 0.39567430025445294 0.39 0.04325699745547074 0.07454545454545454
0 0.41348600508905853 0.4018181818181818 0.033078880407124686 0.06181818181818182
0 0.4414758269720102 0.42 0.03816793893129771 0.06909090909090909
0 0.3625954198473283 0.3709090909090909 0.03816793893129771 0.07272727272727272
0 0.34478371501272265 0.37 0.033078880407124686 0.06
0 0.306615776081425 0.35909090909090907 0.033078880407124686 0.06363636363636363
0 0.28625954198473286 0.34454545454545454 0.03816793893129771 0.06727272727272728
0 0.26844783715012727 0.28363636363636363 0.033078880407124686 0.05818181818181818
2 0.5826972010178118 0.7518181818181818 0.11704834605597965 0.11454545454545455
2 0.7430025445292622 0.8554545454545455 0.18829516539440205 0.15818181818181817
2 0.6399491094147584 0.59 0.058524173027989825 0.034545454545454546
2 0.688295165394402 0.5672727272727273 0.03816793893129771 0.06181818181818182
2 0.6424936386768448 0.5009090909090909 0.06870229007633588 0.05272727272727273
2 0.623409669211196 0.5318181818181819 0.07124681933842239 0.05272727272727273
2 0.8104325699745548 0.44363636363636366 0.04325699745547074 0.04363636363636364
2 0.1577608142493639 0.44727272727272727 0.050890585241730284 0.04363636363636364
2 0.17048346055979646 0.41818181818181815 0.04580152671755726 0.04
2 0.2315521628498728 0.4109090909090909 0.06615776081424937 0.04
2 0.33333333333333337 0.33454545454545453 0.04071246819338423 0.03272727272727273
2 0.24809160305343514 0.22636363636363635 0.033078880407124686 0.03090909090909091
2 0.19465648854961834 0.22090909090909092 0.027989821882951654 0.038181818181818185
2 0.3320610687022901 0.2790909090909091 0.027989821882951654 0.023636363636363636
2 0.29516539440203565 0.27454545454545454 0.03053435114503817 0.01818181818181818
2 0.29898218829516543 0.2972727272727273 0.027989821882951654 0.02
