0 0.0425 0.07113821138211383 0.035 0.14227642276422767
0 0.0725 0.07520325203252033 0.035 0.15040650406504066
0 0.10875 0.07723577235772358 0.0375 0.15447154471544716
0 0.13625 0.07723577235772358 0.0375 0.15447154471544716
0 0.18375 0.09959349593495936 0.0375 0.1585365853658537
0 0.21875 0.11178861788617887 0.0325 0.14227642276422767
0 0.24875 0.11178861788617887 0.0375 0.15040650406504066
0 0.27 0.10772357723577237 0.04 0.1585365853658537
0 0.33375 0.11178861788617887 0.0425 0.1829268292682927
0 0.38125000000000003 0.10569105691056911 0.0375 0.1626016260162602
0 0.4025 0.10365853658536586 0.045 0.1829268292682927
0 0.4275 0.10975609756097562 0.04 0.1626016260162602
0 0.46125 0.09552845528455285 0.0425 0.16666666666666669
0 0.5962500000000001 0.10569105691056911 0.0425 0.1788617886178862
0 0.62625 0.10569105691056911 0.0425 0.17073170731707318
0 0.65125 0.09959349593495936 0.0425 0.1829268292682927
0 0.6950000000000001 0.10569105691056911 0.05 0.21138211382113822
0 0.73625 0.10772357723577237 0.0525 0.21544715447154475
0 0.78 0.11382113821138212 0.045 0.1788617886178862
0 0.7987500000000001 0.11178861788617887 0.0475 0.1910569105691057
0 0.84125 0.10772357723577237 0.0425 0.17479674796747968
0 0.87375 0.10162601626016261 0.0475 0.20325203252032523
0 0.94375 0.11178861788617887 0.0475 0.1910569105691057
0 0.9712500000000001 0.11788617886178863 0.0425 0.1788617886178862
0 0.44375000000000003 0.6341463414634148 0.11750000000000001 0.47154471544715454
0 0.28875 0.29471544715447157 0.0425 0.17479674796747968
0 0.2275 0.3191056910569106 0.04 0.16666666666666669
2 0.5225 0.10569105691056911 0.055 0.06504065040650407
2 0.185 0.7235772357723578 0.305 0.5447154471544716
2 0.90125 0.05691056910569106 0.0325 0.0975609756097561
