0 0.025833333333333337 0.8544474393530997 0.05166666666666667 0.2641509433962264
0 0.07666666666666667 0.8679245283018868 0.06333333333333334 0.24797843665768196
0 0.06166666666666667 0.8692722371967655 0.05666666666666667 0.22911051212938008
0 0.17583333333333334 0.8140161725067386 0.03166666666666667 0.12398921832884098
0 0.195 0.8207547169811321 0.02666666666666667 0.11051212938005392
0 0.22916666666666669 0.8207547169811321 0.035 0.13746630727762804
0 0.30333333333333334 0.8611859838274933 0.06666666666666667 0.2668463611859838
0 0.35250000000000004 0.9070080862533694 0.04166666666666667 0.169811320754717
0 0.35833333333333334 0.8247978436657682 0.03666666666666667 0.14555256064690028
0 0.4 0.8746630727762804 0.05666666666666667 0.22911051212938008
0 0.4266666666666667 0.8221024258760108 0.03666666666666667 0.14555256064690028
0 0.4783333333333334 0.8517520215633424 0.07 0.2749326145552561
0 0.5216666666666667 0.8180592991913747 0.03666666666666667 0.14285714285714288
0 0.5466666666666667 0.8261455525606469 0.05 0.19676549865229112
0 0.6233333333333334 0.9056603773584906 0.043333333333333335 0.1725067385444744
0 0.6866666666666668 0.8773584905660378 0.05666666666666667 0.22911051212938008
0 0.62 0.8207547169811321 0.043333333333333335 0.1752021563342318
0 0.8075000000000001 0.839622641509434 0.06166666666666667 0.24528301886792453
0 0.7275 0.8099730458221025 0.035 0.14824797843665768
0 0.7466666666666667 0.8099730458221025 0.02666666666666667 0.11051212938005392
0 0.8925000000000001 0.8584905660377359 0.065 0.2560646900269542
0 0.8491666666666667 0.7978436657681941 0.03833333333333334 0.15094339622641512
0 0.9216666666666667 0.8544474393530997 0.05666666666666667 0.22641509433962265
0 0.9658333333333334 0.8477088948787063 0.05166666666666667 0.20754716981132076
0 0.9825 0.8463611859838276 0.03166666666666667 0.21024258760107817
0 0.2566666666666667 0.9123989218328842 0.04 0.16442048517520216
2 0.1525 0.9191374663072777 0.05166666666666667 0.1293800539083558
2 0.10833333333333334 0.8153638814016173 0.02666666666666667 0.11590296495956874
2 0.05333333333333334 0.7776280323450135 0.016666666666666666 0.06199460916442049
2 0.14083333333333334 0.7830188679245284 0.018333333333333333 0.06738544474393532
2 0.14833333333333334 0.7749326145552561 0.016666666666666666 0.06199460916442049
2 0.16083333333333336 0.7641509433962265 0.015000000000000001 0.06199460916442049
2 0.24916666666666668 0.7978436657681941 0.018333333333333333 0.07008086253369272
2 0.3325 0.7911051212938006 0.025 0.08355795148247978
2 0.22583333333333336 0.7695417789757413 0.011666666666666667 0.04582210242587601
2 0.2625 0.7654986522911051 0.018333333333333333 0.04851752021563342
2 0.5583333333333333 0.9191374663072777 0.04 0.14555256064690028
2 0.5891666666666667 0.9420485175202157 0.028333333333333335 0.09433962264150944
2 0.9616666666666668 0.7237196765498652 0.02 0.05660377358490566
2 0.9791666666666667 0.7142857142857143 0.015000000000000001 0.04851752021563342
2 0.9416666666666668 0.734501347708895 0.02666666666666667 0.07277628032345014
2 0.9191666666666667 0.7075471698113208 0.018333333333333333 0.02964959568733154
4 0.08333333333333334 0.7169811320754718 0.16333333333333333 0.07547169811320756
4 0.21916666666666668 0.738544474393531 0.07833333333333334 0.05390835579514825
4 0.3775 0.7331536388140162 0.14500000000000002 0.05929919137466308
4 0.6333333333333334 0.715633423180593 0.16 0.05660377358490566
4 0.8808333333333334 0.7183288409703504 0.06166666666666667 0.04043126684636119
