0 0.108 0.5884146341463414 0.032 0.12195121951219512
0 0.181 0.5975609756097561 0.042 0.15853658536585366
0 0.279 0.5807926829268293 0.042 0.15548780487804878
0 0.366 0.5945121951219512 0.048 0.17682926829268295
0 0.47300000000000003 0.6310975609756098 0.054 0.20731707317073172
0 0.593 0.5823170731707318 0.042 0.16463414634146342
0 0.662 0.5960365853658537 0.044 0.17378048780487806
0 0.841 0.5777439024390244 0.046 0.1798780487804878
0 0.8320000000000001 0.5609756097560976 0.044 0.17073170731707318
0 0.934 0.5289634146341463 0.036000000000000004 0.14329268292682928
0 0.633 0.5060975609756098 0.03 0.10975609756097561
0 0.759 0.5015243902439025 0.038 0.14329268292682928
0 0.6930000000000001 0.5182926829268293 0.026000000000000002 0.0975609756097561
0 0.607 0.4954268292682927 0.026000000000000002 0.09451219512195122
0 0.431 0.49390243902439024 0.014 0.06097560975609756
0 0.41000000000000003 0.49085365853658536 0.016 0.06097560975609756
0 0.328 0.5121951219512195 0.02 0.07926829268292683
0 0.311 0.5030487804878049 0.022 0.08536585365853659
0 0.35000000000000003 0.4954268292682927 0.02 0.07621951219512195
0 0.387 0.49847560975609756 0.018000000000000002 0.0701219512195122
0 0.444 0.4878048780487805 0.016 0.06707317073170732
0 0.519 0.49085365853658536 0.018000000000000002 0.06707317073170732
0 0.889 0.5121951219512195 0.034 0.12804878048780488
0 0.905 0.4969512195121951 0.038 0.14634146341463417
0 0.965 0.4969512195121951 0.038 0.14634146341463417
0 0.54 0.49085365853658536 0.016 0.06707317073170732
0 0.5750000000000001 0.4923780487804878 0.018000000000000002 0.0701219512195122
2 0.042 0.5975609756097561 0.076 0.17682926829268295
2 0.277 0.4710365853658537 0.026000000000000002 0.04573170731707317
2 0.439 0.40701219512195125 0.014 0.03353658536585366
2 0.454 0.40701219512195125 0.016 0.027439024390243903
2 0.47200000000000003 0.4009146341463415 0.024 0.039634146341463415
2 0.51 0.40701219512195125 0.016 0.027439024390243903
2 0.533 0.42378048780487804 0.018000000000000002 0.03658536585365854
2 0.54 0.4161585365853659 0.016 0.021341463414634148
2 0.624 0.43597560975609756 0.02 0.042682926829268296
2 0.67 0.4679878048780488 0.016 0.057926829268292686
2 0.654 0.47713414634146345 0.02 0.05182926829268293
2 0.714 0.45884146341463417 0.016 0.039634146341463415
2 0.791 0.4451219512195122 0.018000000000000002 0.04878048780487805
2 0.804 0.475609756097561 0.024 0.08536585365853659
2 0.882 0.4527439024390244 0.016 0.05182926829268293
2 0.851 0.4481707317073171 0.018000000000000002 0.024390243902439025
2 0.837 0.4451219512195122 0.014 0.03048780487804878
2 0.928 0.43902439024390244 0.02 0.024390243902439025
2 0.371 0.47408536585365857 0.018000000000000002 0.05182926829268293
2 0.422 0.4298780487804878 0.016 0.03658536585365854
2 0.717 0.5472560975609756 0.026000000000000002 0.04573170731707317
2 0.749 0.5823170731707318 0.03 0.08536585365853659
2 0.739 0.5121951219512195 0.022 0.06707317073170732
2 0.738 0.4573170731707317 0.02 0.03048780487804878
