0 0.11304347826086956 0.6392276422764228 0.11014492753623188 0.37601626016260165
0 0.1565217391304348 0.5934959349593496 0.09565217391304348 0.32926829268292684
0 0.3673913043478261 0.6412601626016261 0.10579710144927536 0.36788617886178865
0 0.4 0.5843495934959351 0.08985507246376812 0.3109756097560976
0 0.6355072463768116 0.649390243902439 0.10289855072463769 0.35975609756097565
0 0.6036231884057971 0.5914634146341464 0.09130434782608696 0.31300813008130085
0 0.855072463768116 0.5934959349593496 0.0927536231884058 0.3170731707317074
0 0.9260869565217391 0.6341463414634148 0.1072463768115942 0.3739837398373984
0 0.025362318840579712 0.46138211382113825 0.0391304347826087 0.13414634146341464
0 0.042753623188405795 0.46036585365853666 0.036231884057971016 0.12804878048780488
0 0.0644927536231884 0.4420731707317074 0.02463768115942029 0.09146341463414635
0 0.08478260869565217 0.44918699186991873 0.030434782608695653 0.10975609756097562
0 0.19057971014492753 0.4390243902439025 0.02463768115942029 0.0894308943089431
0 0.13260869565217392 0.43699186991869926 0.02463768115942029 0.0894308943089431
0 0.3282608695652174 0.46138211382113825 0.0391304347826087 0.13821138211382114
0 0.2942028985507246 0.4573170731707318 0.03768115942028986 0.13414634146341464
0 0.35 0.4359756097560976 0.021739130434782608 0.07926829268292684
0 0.4108695652173913 0.4319105691056911 0.02753623188405797 0.09959349593495936
0 0.5739130434782609 0.459349593495935 0.04057971014492753 0.13821138211382114
0 0.5963768115942029 0.4308943089430895 0.02753623188405797 0.10162601626016261
0 0.6492753623188405 0.44918699186991873 0.034782608695652174 0.12195121951219513
0 0.6884057971014493 0.45630081300813014 0.03768115942028986 0.1321138211382114
0 0.7166666666666667 0.4471544715447155 0.0391304347826087 0.13414634146341464
0 0.6985507246376812 0.4522357723577236 0.03768115942028986 0.1361788617886179
0 0.7376811594202899 0.4502032520325204 0.03768115942028986 0.1361788617886179
0 0.7565217391304347 0.45833333333333337 0.03768115942028986 0.1361788617886179
0 0.7840579710144928 0.4522357723577236 0.04057971014492753 0.1443089430894309
0 0.8123188405797102 0.48475609756097565 0.01884057971014493 0.07113821138211383
0 0.8210144927536231 0.45325203252032525 0.0391304347826087 0.13821138211382114
0 0.8398550724637681 0.4522357723577236 0.036231884057971016 0.12804878048780488
0 0.8804347826086957 0.42987804878048785 0.021739130434782608 0.07520325203252033
0 0.908695652173913 0.44613821138211385 0.028985507246376812 0.10365853658536586
0 0.963768115942029 0.5010162601626017 0.020289855072463767 0.07113821138211383
0 0.9826086956521739 0.4654471544715448 0.03188405797101449 0.14227642276422767
0 0.9702898550724638 0.46138211382113825 0.0391304347826087 0.13821138211382114
2 0.11376811594202899 0.41158536585365857 0.01884057971014493 0.03861788617886179
2 0.1463768115942029 0.39939024390243905 0.017391304347826087 0.03861788617886179
2 0.16376811594202897 0.4075203252032521 0.011594202898550725 0.034552845528455285
2 0.24347826086956523 0.4085365853658537 0.026086956521739132 0.024390243902439025
2 0.38115942028985506 0.4085365853658537 0.026086956521739132 0.02845528455284553
2 0.43333333333333335 0.3922764227642277 0.020289855072463767 0.02845528455284553
2 0.44130434782608696 0.42987804878048785 0.02463768115942029 0.030487804878048783
2 0.48768115942028983 0.42479674796747974 0.013043478260869566 0.02845528455284553
2 0.5036231884057971 0.42276422764227645 0.015942028985507246 0.024390243902439025
2 0.5159420289855072 0.4359756097560976 0.017391304347826087 0.026422764227642278
2 0.532608695652174 0.4024390243902439 0.015942028985507246 0.024390243902439025
2 0.5427536231884058 0.43292682926829273 0.01884057971014493 0.024390243902439025
2 0.563768115942029 0.4044715447154472 0.014492753623188406 0.03658536585365854
2 0.6246376811594203 0.410569105691057 0.011594202898550725 0.02845528455284553
2 0.8043478260869565 0.3932926829268293 0.017391304347826087 0.030487804878048783
2 0.9355072463768116 0.38617886178861793 0.015942028985507246 0.02845528455284553
2 0.932608695652174 0.41463414634146345 0.015942028985507246 0.02845528455284553
2 0.8920289855072464 0.3932926829268293 0.015942028985507246 0.034552845528455285
2 0.9492753623188406 0.4054878048780488 0.014492753623188406 0.026422764227642278
