0 0.9425 0.5922038980509745 0.113 0.5007496251874063
0 0.8290000000000001 0.603448275862069 0.128 0.472263868065967
0 0.7875 0.5239880059970015 0.101 0.3703148425787106
0 0.741 0.5847076461769115 0.106 0.3868065967016492
0 0.668 0.5382308845577212 0.078 0.2908545727136432
0 0.6275000000000001 0.4745127436281859 0.07100000000000001 0.2653673163418291
0 0.5725 0.4917541229385307 0.083 0.3028485757121439
0 0.529 0.5622188905547226 0.112 0.41379310344827586
0 0.46900000000000003 0.5089955022488756 0.078 0.2893553223388306
0 0.403 0.5097451274362819 0.09 0.3298350824587706
0 0.28450000000000003 0.568215892053973 0.125 0.46176911544227883
0 0.2235 0.6739130434782609 0.081 0.30134932533733133
0 0.19 0.5044977511244377 0.09 0.328335832083958
0 0.099 0.5022488755622189 0.084 0.3088455772113943
0 0.049 0.4482758620689655 0.042 0.15892053973013492
0 0.0175 0.48275862068965514 0.035 0.2128935532233883
0 0.894 0.5899550224887556 0.076 0.280359820089955
0 0.7030000000000001 0.39355322338830584 0.028 0.10344827586206896
2 0.043500000000000004 0.5757121439280359 0.057 0.06896551724137931
2 0.904 0.3830584707646177 0.036000000000000004 0.06446776611694152
