0 0.48333333333333334 0.53125 0.20333333333333334 0.7425
0 0.3441666666666667 0.31875000000000003 0.07500000000000001 0.2775
0 0.3816666666666667 0.30375 0.05666666666666667 0.2125
0 0.4025 0.265 0.035 0.135
0 0.3125 0.295 0.055 0.2
0 0.29250000000000004 0.28375 0.045000000000000005 0.1675
0 0.255 0.30125 0.05 0.1925
0 0.20083333333333334 0.27625 0.03833333333333334 0.14250000000000002
0 0.21833333333333335 0.25875 0.04 0.1525
0 0.9500000000000001 0.45375 0.09666666666666668 0.5625
2 0.9500000000000001 0.1325 0.043333333333333335 0.06
2 0.91 0.15 0.02666666666666667 0.04
2 0.9283333333333333 0.245 0.030000000000000002 0.055
2 0.7958333333333334 0.2325 0.028333333333333335 0.035
2 0.8233333333333334 0.22375 0.016666666666666666 0.0375
2 0.8375 0.20500000000000002 0.015000000000000001 0.04
2 0.8666666666666667 0.23625000000000002 0.02 0.0475
2 0.0675 0.27 0.025 0.055
2 0.015833333333333335 0.21375 0.025 0.0675
2 0.013333333333333334 0.15375 0.023333333333333334 0.0475
4 0.4675 0.1975 0.6716666666666667 0.17500000000000002
