0 0.768 0.26417910447761195 0.016 0.0626865671641791
0 0.913 0.7253731343283583 0.07 0.25671641791044775
0 0.837 0.7044776119402986 0.05 0.1791044776119403
0 0.764 0.6895522388059702 0.032 0.1253731343283582
0 0.56 0.7656716417910447 0.04 0.15223880597014924
0 0.12 0.8656716417910448 0.064 0.23283582089552238
0 0.033 0.7716417910447761 0.066 0.30149253731343284
0 0.024 0.7298507462686568 0.048 0.2955223880597015
0 0.225 0.6432835820895523 0.038 0.14029850746268657
0 0.152 0.673134328358209 0.036000000000000004 0.12835820895522387
0 0.131 0.6477611940298508 0.038 0.1373134328358209
0 0.418 0.6268656716417911 0.028 0.11343283582089553
0 0.338 0.608955223880597 0.028 0.11343283582089553
2 0.095 0.9208955223880597 0.034 0.03283582089552239
2 0.254 0.8208955223880597 0.028 0.041791044776119404
2 0.304 0.8208955223880597 0.036000000000000004 0.05373134328358209
2 0.34400000000000003 0.8686567164179104 0.016 0.06567164179104477
2 0.303 0.9253731343283582 0.03 0.05373134328358209
2 0.389 0.9029850746268657 0.034 0.0626865671641791
2 0.435 0.755223880597015 0.022 0.041791044776119404
2 0.37 0.6925373134328359 0.036000000000000004 0.04776119402985075
2 0.382 0.6611940298507463 0.024 0.03880597014925373
2 0.354 0.6432835820895523 0.024 0.04477611940298507
2 0.5 0.7104477611940299 0.02 0.03582089552238806
2 0.492 0.7253731343283583 0.02 0.03582089552238806
2 0.489 0.6194029850746269 0.018000000000000002 0.05074626865671642
2 0.47200000000000003 0.5611940298507463 0.024 0.029850746268656716
2 0.512 0.5462686567164179 0.024 0.029850746268656716
2 0.562 0.6074626865671642 0.024 0.03880597014925373
2 0.578 0.6223880597014926 0.02 0.03283582089552239
2 0.62 0.6358208955223881 0.024 0.041791044776119404
2 0.643 0.6179104477611941 0.022 0.04776119402985075
2 0.622 0.7880597014925373 0.024 0.05970149253731343
2 0.647 0.755223880597015 0.022 0.04776119402985075
2 0.683 0.7328358208955223 0.026000000000000002 0.056716417910447764
2 0.674 0.7865671641791044 0.036000000000000004 0.05074626865671642
2 0.743 0.9313432835820895 0.022 0.08358208955223881
2 0.501 0.9253731343283582 0.042 0.04776119402985075
2 0.795 0.9328358208955224 0.034 0.026865671641791045
2 0.8190000000000001 0.9417910447761194 0.03 0.06865671641791045
2 0.891 0.891044776119403 0.054 0.0746268656716418
2 0.966 0.7328358208955223 0.04 0.03880597014925373
2 0.979 0.6477611940298508 0.022 0.04776119402985075
2 0.889 0.6522388059701493 0.022 0.04477611940298507
2 0.863 0.6507462686567165 0.022 0.03582089552238806
2 0.8160000000000001 0.5925373134328358 0.02 0.026865671641791045
2 0.786 0.6029850746268657 0.02 0.041791044776119404
2 0.712 0.5268656716417911 0.02 0.04477611940298507
2 0.679 0.4925373134328358 0.014 0.029850746268656716
2 0.848 0.5492537313432836 0.016 0.029850746268656716
2 0.868 0.5582089552238806 0.016 0.03582089552238806
2 0.905 0.5223880597014925 0.014 0.023880597014925373
2 0.936 0.5597014925373134 0.016 0.03283582089552239
2 0.909 0.5895522388059702 0.022 0.020895522388059702
2 0.987 0.45970149253731346 0.018000000000000002 0.029850746268656716
2 0.076 0.508955223880597 0.02 0.026865671641791045
2 0.11 0.5029850746268657 0.016 0.03880597014925373
2 0.127 0.5223880597014925 0.014 0.029850746268656716
2 0.165 0.5402985074626866 0.014 0.029850746268656716
2 0.18 0.508955223880597 0.016 0.03283582089552239
2 0.139 0.4492537313432836 0.018000000000000002 0.026865671641791045
2 0.17400000000000002 0.4552238805970149 0.028 0.020895522388059702
2 0.17400000000000002 0.42835820895522386 0.016 0.020895522388059702
2 0.20400000000000001 0.46865671641791046 0.016 0.041791044776119404
2 0.223 0.43134328358208956 0.014 0.026865671641791045
2 0.23700000000000002 0.4552238805970149 0.014 0.026865671641791045
2 0.256 0.49402985074626865 0.016 0.03283582089552239
2 0.279 0.517910447761194 0.018000000000000002 0.026865671641791045
2 0.26 0.5388059701492537 0.02 0.026865671641791045
2 0.276 0.5522388059701493 0.016 0.03582089552238806
2 0.269 0.5880597014925373 0.018000000000000002 0.029850746268656716
2 0.325 0.4701492537313433 0.022 0.026865671641791045
2 0.353 0.4552238805970149 0.014 0.020895522388059702
2 0.367 0.46417910447761196 0.014 0.020895522388059702
2 0.41300000000000003 0.45671641791044776 0.014 0.023880597014925373
2 0.463 0.491044776119403 0.014 0.026865671641791045
2 0.068 0.43582089552238806 0.016 0.023880597014925373
2 0.421 0.517910447761194 0.018000000000000002 0.026865671641791045
2 0.34900000000000003 0.5283582089552239 0.018000000000000002 0.029850746268656716
2 0.6980000000000001 0.582089552238806 0.016 0.029850746268656716
2 0.606 0.46119402985074626 0.016 0.026865671641791045
2 0.639 0.4298507462686567 0.014 0.029850746268656716
2 0.6930000000000001 0.4507462686567164 0.014 0.023880597014925373
2 0.708 0.43582089552238806 0.016 0.029850746268656716
2 0.733 0.44328358208955226 0.014 0.026865671641791045
2 0.745 0.44776119402985076 0.014 0.029850746268656716
2 0.759 0.4626865671641791 0.014 0.03582089552238806
2 0.8300000000000001 0.43582089552238806 0.024 0.023880597014925373
2 0.838 0.46417910447761196 0.024 0.026865671641791045
2 0.88 0.45223880597014926 0.02 0.026865671641791045
2 0.899 0.4462686567164179 0.03 0.020895522388059702
2 0.9480000000000001 0.46567164179104475 0.016 0.023880597014925373
4 0.494 0.31343283582089554 0.98 0.23283582089552238
4 0.622 0.1701492537313433 0.728 0.11343283582089553
