0 0.09803921568627451 0.75 0.09803921568627451 0.33333333333333337
0 0.15196078431372548 0.7333333333333334 0.11764705882352941 0.39333333333333337
0 0.20098039215686275 0.7383333333333334 0.12254901960784313 0.4033333333333334
0 0.24387254901960784 0.7316666666666667 0.1053921568627451 0.35000000000000003
0 0.3112745098039216 0.7350000000000001 0.14215686274509803 0.48333333333333334
0 0.44730392156862747 0.7116666666666667 0.15931372549019607 0.53
0 0.5159313725490196 0.7266666666666667 0.125 0.42000000000000004
0 0.625 0.7200000000000001 0.14215686274509803 0.48000000000000004
0 0.7218137254901961 0.7483333333333334 0.11029411764705882 0.3766666666666667
0 0.8112745098039216 0.7616666666666667 0.09803921568627451 0.32333333333333336
0 0.7916666666666666 0.7683333333333334 0.0784313725490196 0.26333333333333336
0 0.5870098039215687 0.7683333333333334 0.07598039215686274 0.25
