0 0.16333333333333333 0.24434389140271495 0.03333333333333333 0.11764705882352942
0 0.2316666666666667 0.2579185520361991 0.03333333333333333 0.11312217194570137
0 0.26583333333333337 0.31221719457013575 0.05166666666666667 0.1719457013574661
0 0.6941666666666667 0.24886877828054302 0.03166666666666667 0.11312217194570137
0 0.765 0.27714932126696834 0.04 0.13348416289592763
0 0.8141666666666667 0.2533936651583711 0.028333333333333335 0.0995475113122172
0 0.9716666666666667 0.22171945701357468 0.03666666666666667 0.12669683257918554
0 0.795 0.35294117647058826 0.05333333333333334 0.17647058823529413
0 0.9783333333333334 0.6040723981900453 0.04 0.19457013574660637
0 0.7825000000000001 0.6414027149321267 0.04833333333333334 0.16063348416289594
0 0.7633333333333334 0.8472850678733033 0.08666666666666667 0.2873303167420815
0 0.6825 0.7217194570135748 0.08166666666666667 0.2714932126696833
0 0.5316666666666667 0.6425339366515838 0.07333333333333333 0.24886877828054302
0 0.4266666666666667 0.7160633484162896 0.03333333333333333 0.11538461538461539
0 0.3075 0.8687782805429864 0.058333333333333334 0.1990950226244344
0 0.32083333333333336 0.7364253393665159 0.028333333333333335 0.09728506787330318
0 0.2725 0.7714932126696833 0.04166666666666667 0.14027149321266968
0 0.19416666666666668 0.7285067873303168 0.03833333333333334 0.12669683257918554
1 0.7000000000000001 0.2907239819004525 0.03333333333333333 0.11085972850678734
