0 0.05328467153284671 0.3463541666666667 0.09051094890510948 0.3177083333333333
0 0.11423357664233576 0.2984375 0.060583941605839416 0.21145833333333333
0 0.16386861313868611 0.2484375 0.05766423357664233 0.203125
0 0.2638686131386861 0.49583333333333335 0.09124087591240876 0.31875
0 0.4383211678832116 0.4239583333333333 0.1291970802919708 0.45
0 0.648905109489051 0.2713541666666667 0.072992700729927 0.25729166666666664
0 0.32919708029197076 0.22083333333333333 0.04817518248175182 0.16666666666666666
0 0.3693430656934306 0.21822916666666667 0.04525547445255474 0.16145833333333334
0 0.4952554744525547 0.2328125 0.05620437956204379 0.19895833333333332
0 0.7124087591240875 0.178125 0.020437956204379562 0.075
2 0.7354014598540145 0.17708333333333334 0.01824817518248175 0.04791666666666666
2 0.7572992700729927 0.17083333333333334 0.01094890510948905 0.03125
2 0.775912408759124 0.16614583333333333 0.016058394160583942 0.040625
2 0.7587591240875912 0.14270833333333333 0.01678832116788321 0.027083333333333334
2 0.5682481751824817 0.1578125 0.01970802919708029 0.046875
2 0.5503649635036496 0.18072916666666666 0.02773722627737226 0.053125
2 0.46678832116788316 0.15989583333333332 0.02408759124087591 0.03229166666666666
2 0.4430656934306569 0.16614583333333333 0.024817518248175182 0.042708333333333334
2 0.4138686131386861 0.165625 0.02627737226277372 0.03958333333333333
2 0.4448905109489051 0.13385416666666666 0.02262773722627737 0.03854166666666667
2 0.5919708029197079 0.16822916666666665 0.01313868613138686 0.03854166666666667
2 0.7722627737226276 0.4578125 0.06277372262773723 0.09270833333333334
