0 0.9575 0.5 0.03833333333333334 0.15217391304347827
0 0.9708333333333334 0.49592391304347827 0.03166666666666667 0.1277173913043478
0 0.9341666666666667 0.5176630434782609 0.03833333333333334 0.15489130434782608
0 0.9225000000000001 0.5203804347826086 0.04166666666666667 0.17119565217391303
0 0.9058333333333334 0.5366847826086957 0.04166666666666667 0.17119565217391303
0 0.8908333333333334 0.5502717391304348 0.045000000000000005 0.18206521739130435
0 0.8658333333333333 0.5570652173913043 0.055 0.22282608695652173
0 0.8375 0.5692934782608695 0.055 0.22010869565217392
0 0.8008333333333334 0.59375 0.055 0.22554347826086957
0 0.7675000000000001 0.6168478260869565 0.065 0.2608695652173913
0 0.7308333333333333 0.6290760869565217 0.065 0.26358695652173914
0 0.6783333333333333 0.6739130434782609 0.07333333333333333 0.2934782608695652
0 0.6375000000000001 0.702445652173913 0.085 0.3451086956521739
0 0.5700000000000001 0.7567934782608695 0.09666666666666668 0.39402173913043476
0 0.44833333333333336 0.7894021739130435 0.09333333333333334 0.37771739130434784
0 0.2816666666666667 0.8247282608695652 0.08 0.3233695652173913
0 0.33 0.7445652173913043 0.09333333333333334 0.375
0 0.225 0.6875 0.08666666666666667 0.34782608695652173
0 0.16166666666666668 0.779891304347826 0.1 0.4076086956521739
0 0.08583333333333334 0.7296195652173912 0.095 0.37771739130434784
0 0.023333333333333334 0.65625 0.04666666666666667 0.3016304347826087
0 0.029166666666666667 0.5461956521739131 0.05166666666666667 0.20652173913043478
0 0.1875 0.5394021739130435 0.045000000000000005 0.1766304347826087
0 0.1525 0.45652173913043476 0.03166666666666667 0.125
0 0.0975 0.46195652173913043 0.03833333333333334 0.15760869565217392
0 0.4091666666666667 0.5815217391304348 0.055 0.22282608695652173
0 0.5183333333333333 0.6508152173913043 0.07666666666666667 0.3070652173913043
0 0.49583333333333335 0.5842391304347826 0.055 0.22826086956521738
0 0.26666666666666666 0.529891304347826 0.04666666666666667 0.1902173913043478
0 0.24666666666666667 0.5570652173913043 0.05 0.20652173913043478
0 0.28250000000000003 0.48777173913043476 0.03833333333333334 0.15489130434782608
0 0.3741666666666667 0.48777173913043476 0.04166666666666667 0.16576086956521738
2 0.06666666666666667 0.421195652173913 0.023333333333333334 0.043478260869565216
2 0.20750000000000002 0.4388586956521739 0.021666666666666667 0.035326086956521736
2 0.2366666666666667 0.42527173913043476 0.023333333333333334 0.029891304347826088
2 0.16583333333333333 0.3804347826086956 0.015000000000000001 0.03260869565217391
2 0.19083333333333335 0.40625 0.018333333333333333 0.019021739130434784
2 0.21583333333333335 0.389945652173913 0.015000000000000001 0.024456521739130432
2 0.25083333333333335 0.39402173913043476 0.018333333333333333 0.03804347826086957
2 0.29750000000000004 0.42391304347826086 0.015000000000000001 0.021739130434782608
2 0.33083333333333337 0.5095108695652174 0.025 0.04619565217391304
2 0.33083333333333337 0.47146739130434784 0.021666666666666667 0.029891304347826088
2 0.34 0.44565217391304346 0.016666666666666666 0.03260869565217391
2 0.4591666666666667 0.46875 0.028333333333333335 0.035326086956521736
2 0.4341666666666667 0.43614130434782605 0.018333333333333333 0.029891304347826088
2 0.41583333333333333 0.4171195652173913 0.011666666666666667 0.029891304347826088
2 0.4716666666666667 0.43614130434782605 0.023333333333333334 0.035326086956521736
2 0.5041666666666667 0.4497282608695652 0.018333333333333333 0.024456521739130432
2 0.55 0.4796195652173913 0.030000000000000002 0.04619565217391304
2 0.5825 0.5176630434782609 0.021666666666666667 0.035326086956521736
2 0.6308333333333334 0.5054347826086957 0.021666666666666667 0.02717391304347826
2 0.6625000000000001 0.48641304347826086 0.035 0.03260869565217391
2 0.6158333333333333 0.452445652173913 0.018333333333333333 0.024456521739130432
2 0.6475000000000001 0.4470108695652174 0.021666666666666667 0.029891304347826088
2 0.6966666666666667 0.47554347826086957 0.023333333333333334 0.02717391304347826
2 0.7408333333333333 0.46467391304347827 0.028333333333333335 0.03804347826086957
2 0.7775000000000001 0.4633152173913043 0.025 0.024456521739130432
2 0.7991666666666667 0.4578804347826087 0.015000000000000001 0.024456521739130432
2 0.8208333333333334 0.4578804347826087 0.025 0.024456521739130432
4 0.6208333333333333 0.39945652173913043 0.7350000000000001 0.09239130434782608
4 0.6933333333333334 0.2513586956521739 0.61 0.26358695652173914
