0 0.891 0.8242038216560509 0.214 0.34394904458598724
0 0.553 0.6031847133757962 0.17400000000000002 0.2713375796178344
0 0.211 0.3885350318471337 0.134 0.21146496815286622
0 0.264 0.42993630573248404 0.14 0.21783439490445858
0 0.35000000000000003 0.43757961783439486 0.128 0.20254777070063693
0 0.41600000000000004 0.4076433121019108 0.136 0.21401273885350316
0 0.534 0.39936305732484073 0.116 0.1821656050955414
0 0.225 0.24904458598726115 0.11 0.17452229299363056
0 0.197 0.15796178343949044 0.082 0.12738853503184713
0 0.265 0.21528662420382164 0.106 0.16560509554140126
0 0.28400000000000003 0.07388535031847134 0.068 0.10700636942675158
0 0.249 0.07452229299363057 0.07 0.11337579617834394
0 0.311 0.07197452229299363 0.066 0.10573248407643311
0 0.198 0.07388535031847134 0.068 0.10700636942675158
0 0.889 0.08089171974522293 0.082 0.1286624203821656
0 0.9540000000000001 0.1643312101910828 0.08 0.12484076433121019
0 0.969 0.23885350318471335 0.058 0.1592356687898089
0 0.47500000000000003 0.13439490445859872 0.08600000000000001 0.1337579617834395
2 0.202 0.8999999999999999 0.276 0.1949044585987261
2 0.05 0.7388535031847133 0.076 0.2038216560509554
2 0.272 0.7668789808917197 0.224 0.17070063694267515
2 0.28800000000000003 0.7114649681528662 0.196 0.11592356687898088
2 0.405 0.621656050955414 0.17 0.21401273885350316
2 0.431 0.7611464968152866 0.17400000000000002 0.18726114649681527
2 0.445 0.8726114649681528 0.138 0.23949044585987259
2 0.641 0.897452229299363 0.254 0.18980891719745221
2 0.765 0.7426751592356687 0.162 0.18853503184713374
2 0.661 0.5229299363057325 0.122 0.13630573248407643
2 0.641 0.46942675159235664 0.13 0.06751592356687898
2 0.647 0.4114649681528662 0.11 0.13503184713375796
2 0.736 0.3700636942675159 0.128 0.1337579617834395
2 0.845 0.3732484076433121 0.09 0.11719745222929935
2 0.808 0.29554140127388534 0.088 0.05095541401273885
2 0.9530000000000001 0.3490445859872611 0.082 0.14522292993630573
2 0.869 0.19745222929936304 0.08600000000000001 0.11210191082802547
2 0.935 0.20254777070063693 0.07 0.09171974522292993
2 0.79 0.210828025477707 0.092 0.11337579617834394
2 0.784 0.11019108280254776 0.068 0.0751592356687898
2 0.802 0.07898089171974522 0.052000000000000005 0.05350318471337579
2 0.771 0.05222929936305732 0.046 0.06624203821656051
2 0.809 0.025477707006369425 0.038 0.045859872611464965
2 0.749 0.030573248407643312 0.034 0.04840764331210191
2 0.728 0.029936305732484073 0.076 0.05477707006369426
2 0.634 0.028662420382165602 0.068 0.057324840764331204
2 0.725 0.11464968152866241 0.074 0.09426751592356687
2 0.584 0.02484076433121019 0.056 0.04968152866242038
2 0.521 0.03184713375796178 0.05 0.058598726114649675
2 0.53 0.1127388535031847 0.064 0.08025477707006369
2 0.558 0.2643312101910828 0.068 0.10063694267515923
2 0.505 0.29936305732484075 0.062 0.05350318471337579
2 0.47300000000000003 0.3611464968152866 0.082 0.07261146496815286
2 0.458 0.2732484076433121 0.088 0.08280254777070063
2 0.509 0.22420382165605093 0.11800000000000001 0.12229299363057325
2 0.425 0.11847133757961782 0.066 0.09426751592356687
2 0.404 0.07261146496815286 0.048 0.06624203821656051
2 0.375 0.12802547770700637 0.074 0.08025477707006369
2 0.397 0.19554140127388533 0.08600000000000001 0.07006369426751592
2 0.322 0.19554140127388533 0.1 0.09044585987261146
2 0.319 0.24968152866242038 0.066 0.05095541401273885
2 0.272 0.25987261146496815 0.08 0.05605095541401273
2 0.393 0.2802547770700637 0.11 0.10445859872611464
2 0.298 0.31210191082802546 0.088 0.09426751592356687
2 0.32 0.110828025477707 0.048 0.028025477707006367
2 0.355 0.06369426751592357 0.038 0.045859872611464965
2 0.34900000000000003 0.028025477707006367 0.062 0.05605095541401273
2 0.311 0.013375796178343948 0.034 0.01910828025477707
2 0.254 0.09872611464968152 0.06 0.07770700636942675
2 0.126 0.14331210191082802 0.056 0.04968152866242038
2 0.14 0.10127388535031846 0.068 0.044585987261146494
2 0.152 0.07261146496815286 0.06 0.058598726114649675
2 0.17300000000000001 0.061146496815286625 0.046 0.05095541401273885
2 0.20800000000000002 0.01910828025477707 0.048 0.03821656050955414
2 0.281 0.038853503184713374 0.058 0.05477707006369426
