0 0.07333333333333333 0.44625000000000004 0.10666666666666667 0.3925
0 0.11916666666666667 0.47250000000000003 0.09833333333333334 0.365
0 0.14833333333333334 0.48 0.09333333333333334 0.34
0 0.17583333333333334 0.53125 0.06166666666666667 0.2275
0 0.19833333333333333 0.53 0.06333333333333334 0.23500000000000001
0 0.21083333333333334 0.53625 0.065 0.23750000000000002
0 0.23333333333333334 0.535 0.05666666666666667 0.215
0 0.3016666666666667 0.4825 0.08666666666666667 0.325
0 0.4066666666666667 0.465 0.1 0.365
0 0.46416666666666667 0.5025000000000001 0.07833333333333334 0.29
0 0.38333333333333336 0.47375 0.08666666666666667 0.3225
0 0.5008333333333334 0.515 0.095 0.35000000000000003
0 0.5358333333333334 0.5725 0.065 0.24
0 0.7308333333333333 0.51375 0.08833333333333333 0.3325
0 0.7616666666666667 0.51 0.09000000000000001 0.33
0 0.8416666666666667 0.56375 0.08 0.2975
0 0.8300000000000001 0.51375 0.09666666666666668 0.3575
0 0.885 0.51625 0.09666666666666668 0.3525
0 0.9158333333333334 0.53125 0.10166666666666667 0.3775
0 0.9441666666666667 0.5175 0.095 0.355
2 0.32833333333333337 0.31875000000000003 0.03333333333333333 0.0625
2 0.31083333333333335 0.3025 0.03166666666666667 0.03
2 0.3416666666666667 0.52625 0.12000000000000001 0.3975
2 0.6225 0.56 0.2816666666666667 0.705
2 0.8166666666666668 0.355 0.030000000000000002 0.07
