0 0.19833333333333333 0.7089371980676328 0.15000000000000002 0.5289855072463768
0 0.09166666666666667 0.5289855072463768 0.09333333333333334 0.3333333333333333
0 0.028333333333333335 0.47342995169082125 0.05666666666666667 0.2608695652173913
0 0.07916666666666668 0.4855072463768116 0.07833333333333334 0.2801932367149758
0 0.13083333333333333 0.47101449275362317 0.055 0.1932367149758454
0 0.19 0.3792270531400966 0.030000000000000002 0.1111111111111111
0 0.15083333333333335 0.38164251207729466 0.03833333333333334 0.1400966183574879
0 0.225 0.5434782608695652 0.11333333333333334 0.40096618357487923
0 0.29500000000000004 0.4830917874396135 0.07333333333333333 0.26570048309178745
0 0.35500000000000004 0.48913043478260865 0.08 0.2826086956521739
0 0.3741666666666667 0.47342995169082125 0.06833333333333334 0.24154589371980675
0 0.41583333333333333 0.47101449275362317 0.06166666666666667 0.2222222222222222
0 0.4425 0.501207729468599 0.07500000000000001 0.2632850241545894
0 0.4891666666666667 0.48913043478260865 0.08166666666666667 0.29227053140096615
0 0.5208333333333334 0.47101449275362317 0.065 0.23671497584541062
0 0.555 0.49275362318840576 0.06666666666666667 0.24154589371980675
0 0.6108333333333333 0.4758454106280193 0.07500000000000001 0.26570048309178745
0 0.6641666666666667 0.4770531400966183 0.058333333333333334 0.214975845410628
0 0.7183333333333334 0.5205314009661836 0.11 0.3888888888888889
0 0.7675000000000001 0.466183574879227 0.03833333333333334 0.13526570048309178
0 0.7941666666666667 0.44202898550724634 0.035 0.12560386473429952
2 0.6325000000000001 0.38405797101449274 0.028333333333333335 0.05797101449275362
2 0.5875 0.4154589371980676 0.035 0.08695652173913043
2 0.46416666666666667 0.3828502415458937 0.028333333333333335 0.05072463768115942
2 0.34 0.35628019323671495 0.02 0.05555555555555555
2 0.32 0.3973429951690821 0.02666666666666667 0.13768115942028986
2 0.10333333333333335 0.3466183574879227 0.03333333333333333 0.0748792270531401
2 0.8358333333333334 0.6763285024154589 0.325 0.6376811594202898
