0 0.015 0.26166666666666666 0.012222222222222223 0.05
0 0.013888888888888888 0.5425 0.027777777777777776 0.11166666666666668
0 0.021111111111111112 0.7033333333333334 0.03111111111111111 0.11333333333333334
0 0.015555555555555555 0.6658333333333334 0.03111111111111111 0.125
0 0.05388888888888889 0.5850000000000001 0.025555555555555557 0.09333333333333334
0 0.08611111111111111 0.5691666666666667 0.03 0.10833333333333334
0 0.11833333333333333 0.5608333333333334 0.027777777777777776 0.10500000000000001
0 0.11722222222222223 0.6291666666666667 0.03 0.11166666666666668
0 0.11333333333333333 0.7141666666666667 0.03333333333333333 0.125
0 0.19055555555555556 0.5333333333333333 0.027777777777777776 0.1
0 0.1738888888888889 0.6308333333333334 0.025555555555555557 0.09833333333333334
0 0.3472222222222222 0.3725 0.01888888888888889 0.07166666666666667
0 0.37333333333333335 0.2916666666666667 0.015555555555555555 0.05666666666666667
0 0.35444444444444445 0.29333333333333333 0.013333333333333332 0.05333333333333334
0 0.32055555555555554 0.3016666666666667 0.016666666666666666 0.060000000000000005
0 0.4011111111111111 0.30000000000000004 0.017777777777777778 0.07
0 0.39 0.2891666666666667 0.015555555555555555 0.06166666666666667
0 0.38055555555555554 0.22583333333333336 0.014444444444444444 0.055
0 0.3 0.21500000000000002 0.015555555555555555 0.060000000000000005
0 0.31277777777777777 0.21333333333333335 0.016666666666666666 0.06333333333333334
0 0.3283333333333333 0.21000000000000002 0.012222222222222223 0.043333333333333335
0 0.3377777777777778 0.21166666666666667 0.011111111111111112 0.04666666666666667
0 0.3511111111111111 0.20833333333333334 0.013333333333333332 0.05333333333333334
0 0.3661111111111111 0.21250000000000002 0.012222222222222223 0.045000000000000005
0 0.3883333333333333 0.21500000000000002 0.014444444444444444 0.05666666666666667
0 0.41444444444444445 0.255 0.015555555555555555 0.060000000000000005
0 0.43166666666666664 0.21666666666666667 0.014444444444444444 0.05333333333333334
0 0.44722222222222224 0.21583333333333335 0.014444444444444444 0.05166666666666667
0 0.445 0.24250000000000002 0.016666666666666666 0.065
0 0.44277777777777777 0.2783333333333334 0.016666666666666666 0.06666666666666667
0 0.46055555555555555 0.24083333333333334 0.014444444444444444 0.055
0 0.47444444444444445 0.22916666666666669 0.015555555555555555 0.058333333333333334
0 0.465 0.20833333333333334 0.014444444444444444 0.05666666666666667
0 0.29888888888888887 0.29333333333333333 0.013333333333333332 0.05
0 0.5222222222222223 0.2525 0.013333333333333332 0.04833333333333334
0 0.5072222222222222 0.19 0.01 0.04
0 0.5344444444444444 0.22 0.015555555555555555 0.05666666666666667
0 0.5472222222222223 0.24000000000000002 0.014444444444444444 0.05333333333333334
0 0.5577777777777778 0.22833333333333336 0.015555555555555555 0.05666666666666667
0 0.6016666666666667 0.15833333333333335 0.012222222222222223 0.05
0 0.2922222222222222 0.615 0.03111111111111111 0.12000000000000001
0 0.22833333333333333 0.7508333333333334 0.04555555555555556 0.16833333333333333
0 0.24222222222222223 0.8325 0.035555555555555556 0.13166666666666668
0 0.32166666666666666 0.6391666666666667 0.03222222222222222 0.11833333333333335
0 0.3388888888888889 0.5966666666666667 0.03111111111111111 0.11666666666666667
0 0.36666666666666664 0.6291666666666667 0.03111111111111111 0.11833333333333335
0 0.4961111111111111 0.30083333333333334 0.023333333333333334 0.085
1 0.04666666666666667 0.8141666666666667 0.028888888888888888 0.10500000000000001
1 0.08055555555555556 0.3891666666666667 0.01888888888888889 0.06833333333333334
1 0.05555555555555555 0.4866666666666667 0.02 0.07333333333333333
1 0.057777777777777775 0.5266666666666667 0.024444444444444446 0.09000000000000001
1 0.09277777777777778 0.5166666666666667 0.023333333333333334 0.08666666666666667
1 0.11666666666666667 0.4683333333333334 0.02 0.07666666666666667
1 0.12833333333333333 0.43583333333333335 0.01888888888888889 0.07166666666666667
1 0.16055555555555556 0.5458333333333334 0.021111111111111112 0.08166666666666667
1 0.18555555555555556 0.48333333333333334 0.017777777777777778 0.06666666666666667
1 0.23333333333333334 0.4608333333333334 0.02 0.07500000000000001
1 0.20944444444444443 0.5625 0.023333333333333334 0.09166666666666667
1 0.155 0.7508333333333334 0.025555555555555557 0.09833333333333334
1 0.17833333333333334 0.6783333333333333 0.027777777777777776 0.10333333333333335
1 0.20777777777777778 0.9116666666666667 0.03333333333333333 0.12333333333333334
1 0.2427777777777778 0.6575000000000001 0.023333333333333334 0.09166666666666667
1 0.33 0.9275000000000001 0.028888888888888888 0.10500000000000001
1 0.33666666666666667 0.7266666666666667 0.028888888888888888 0.10666666666666667
1 0.41555555555555557 0.7408333333333333 0.028888888888888888 0.10500000000000001
1 0.36444444444444446 0.6475000000000001 0.028888888888888888 0.10500000000000001
1 0.5 0.6308333333333334 0.03333333333333333 0.12166666666666667
1 0.47444444444444445 0.5083333333333334 0.022222222222222223 0.08666666666666667
1 0.41055555555555556 0.5191666666666667 0.023333333333333334 0.09166666666666667
1 0.3611111111111111 0.49750000000000005 0.02 0.07500000000000001
1 0.32055555555555554 0.48833333333333334 0.021111111111111112 0.08333333333333334
1 0.37222222222222223 0.43250000000000005 0.02 0.07500000000000001
1 0.42444444444444446 0.3375 0.015555555555555555 0.058333333333333334
1 0.4388888888888889 0.33166666666666667 0.013333333333333332 0.05333333333333334
1 0.47 0.39333333333333337 0.015555555555555555 0.05666666666666667
1 0.49666666666666665 0.43833333333333335 0.017777777777777778 0.06666666666666667
1 0.5016666666666667 0.42500000000000004 0.016666666666666666 0.060000000000000005
1 0.5411111111111111 0.4425 0.022222222222222223 0.085
1 0.5422222222222223 0.3741666666666667 0.017777777777777778 0.065
1 0.5011111111111111 0.325 0.015555555555555555 0.05666666666666667
1 0.6155555555555555 0.27 0.013333333333333332 0.05
1 0.5972222222222222 0.25833333333333336 0.012222222222222223 0.043333333333333335
1 0.6133333333333333 0.21500000000000002 0.008888888888888889 0.03666666666666667
1 0.6361111111111111 0.17833333333333334 0.0077777777777777776 0.03333333333333333
1 0.6533333333333333 0.17250000000000001 0.008888888888888889 0.03166666666666667
1 0.6738888888888889 0.17250000000000001 0.01 0.04166666666666667
1 0.6238888888888889 0.21583333333333335 0.0077777777777777776 0.028333333333333335
1 0.25333333333333335 0.5025000000000001 0.02 0.07833333333333334
1 0.5422222222222223 0.3041666666666667 0.011111111111111112 0.045000000000000005
1 0.27 0.5508333333333334 0.02 0.07500000000000001
1 0.3438888888888889 0.3241666666666667 0.012222222222222223 0.04833333333333334
1 0.625 0.12000000000000001 0.0077777777777777776 0.030000000000000002
1 0.4672222222222222 0.2966666666666667 0.014444444444444444 0.05666666666666667
1 0.48944444444444446 0.23833333333333334 0.014444444444444444 0.05333333333333334
2 0.3477777777777778 0.23583333333333334 0.015555555555555555 0.028333333333333335
2 0.48 0.19083333333333335 0.022222222222222223 0.025
2 0.7305555555555555 0.3441666666666667 0.14777777777777779 0.27166666666666667
2 0.5733333333333334 0.9225000000000001 0.07333333333333333 0.14500000000000002
