0 0.062 0.7733333333333333 0.08 0.26666666666666666
0 0.135 0.7733333333333333 0.082 0.27199999999999996
0 0.20500000000000002 0.768 0.082 0.26666666666666666
0 0.276 0.772 0.08 0.264
0 0.34800000000000003 0.7693333333333333 0.08 0.25866666666666666
0 0.424 0.7773333333333333 0.07200000000000001 0.24266666666666667
0 0.49 0.7746666666666666 0.08 0.264
0 0.557 0.7613333333333333 0.082 0.2693333333333333
0 0.603 0.6653333333333333 0.03 0.104
0 0.6930000000000001 0.7693333333333333 0.078 0.2533333333333333
0 0.753 0.772 0.07 0.2373333333333333
0 0.811 0.76 0.074 0.24
0 0.862 0.8079999999999999 0.108 0.35733333333333334
0 0.921 0.82 0.10200000000000001 0.3333333333333333
0 0.9570000000000001 0.7506666666666666 0.078 0.2533333333333333
0 0.381 0.6506666666666666 0.022 0.07466666666666666
0 0.40800000000000003 0.648 0.024 0.08533333333333333
0 0.433 0.644 0.022 0.07733333333333334
0 0.454 0.644 0.016 0.06133333333333333
2 0.248 0.6346666666666666 0.028 0.07466666666666666
2 0.275 0.624 0.026000000000000002 0.05333333333333333
2 0.297 0.6413333333333333 0.03 0.06133333333333333
2 0.364 0.6213333333333333 0.028 0.048
2 0.343 0.6226666666666666 0.022 0.04
2 0.537 0.6386666666666666 0.034 0.050666666666666665
2 0.672 0.6413333333333333 0.028 0.06133333333333333
2 0.6920000000000001 0.628 0.032 0.056
2 0.809 0.6253333333333333 0.046 0.050666666666666665
2 0.781 0.6333333333333333 0.03 0.04533333333333333
2 0.755 0.6266666666666666 0.022 0.042666666666666665
2 0.854 0.6106666666666667 0.024 0.03733333333333333
2 0.877 0.616 0.022 0.032
2 0.894 0.6546666666666666 0.032 0.088
2 0.905 0.62 0.022 0.04
2 0.979 0.6173333333333333 0.038 0.06133333333333333
2 0.417 0.6013333333333333 0.018000000000000002 0.029333333333333333
2 0.436 0.6053333333333333 0.024 0.026666666666666665
2 0.577 0.6106666666666667 0.026000000000000002 0.05333333333333333
2 0.595 0.6053333333333333 0.014 0.03733333333333333
4 0.483 0.6146666666666667 0.074 0.088
