0 0.43 0.2047451669595782 0.02 0.07205623901581722
0 0.4375 0.3681898066783831 0.02 0.06854130052724076
0 0.458125 0.35061511423550085 0.02625 0.09314586994727592
0 0.23875000000000002 0.4173989455184534 0.0275 0.09666080843585237
0 0.11125 0.3321616871704745 0.03 0.10193321616871705
0 0.638125 0.36115992970123023 0.02625 0.09666080843585237
0 0.7475 0.36379613356766255 0.025 0.09138840070298769
0 0.92625 0.37258347978910367 0.0275 0.09490333919156414
0 0.954375 0.37961335676625657 0.02125 0.0773286467486819
0 0.92875 0.539543057996485 0.03 0.10544815465729349
0 0.966875 0.6107205623901582 0.02625 0.09666080843585237
0 0.989375 0.6089630931458699 0.01875 0.10720562390158171
0 0.8456250000000001 0.5992970123022847 0.03375 0.1195079086115993
0 0.8275 0.6001757469244288 0.0325 0.11423550087873462
0 0.815625 0.649384885764499 0.03125 0.11072056239015816
0 0.79 0.6063268892794376 0.03 0.10544815465729349
0 0.775 0.6115992970123022 0.0225 0.0773286467486819
0 0.225625 0.5869947275922671 0.03125 0.10896309314586994
0 0.27875 0.5887521968365553 0.03 0.10896309314586994
0 0.39625 0.6827768014059754 0.035 0.12126537785588752
0 0.41875 0.6713532513181019 0.0425 0.15114235500878734
0 0.43 0.5922671353251318 0.03 0.10193321616871705
0 0.47000000000000003 0.5905096660808435 0.0325 0.11247803163444639
0 0.623125 0.5957820738137082 0.03125 0.10544815465729349
0 0.614375 0.5896309314586995 0.03125 0.11072056239015816
0 0.639375 0.5922671353251318 0.03625 0.12302284710017573
0 0.654375 0.5922671353251318 0.03625 0.1265377855887522
0 0.67125 0.59402460456942 0.035 0.1195079086115993
0 0.68375 0.6898066783831283 0.035 0.12126537785588752
0 0.775 0.7012302284710017 0.03 0.10544815465729349
0 0.83625 0.8233743409490334 0.0375 0.13181019332161686
0 0.755625 0.828646748681898 0.03875 0.13532513181019332
0 0.594375 0.8374340949033391 0.03625 0.12478031634446396
0 0.42125 0.8224956063268892 0.0425 0.15114235500878734
0 0.2975 0.7469244288224955 0.025 0.09138840070298769
2 0.5387500000000001 0.8752196836555359 0.04 0.07029876977152899
2 0.035 0.929701230228471 0.0575 0.10896309314586994
2 0.10875 0.9077328646748681 0.035 0.07908611599297012
2 0.1225 0.9516695957820738 0.06 0.09314586994727592
2 0.174375 0.9604569420035148 0.04875 0.06854130052724076
2 0.2025 0.9578207381370826 0.0425 0.06678383128295254
2 0.21 0.9323374340949033 0.02 0.03690685413005272
2 0.230625 0.9323374340949033 0.02125 0.03690685413005272
2 0.249375 0.9490333919156414 0.02625 0.0492091388400703
2 0.25875 0.9516695957820738 0.0325 0.07557117750439367
2 0.27875 0.9446397188049208 0.0175 0.04393673110720562
2 0.301875 0.9463971880492091 0.02875 0.040421792618629174
2 0.328125 0.9340949033391915 0.02875 0.06502636203866433
2 0.349375 0.9560632688927944 0.04875 0.0773286467486819
2 0.37125 0.9358523725834798 0.03 0.04745166959578207
2 0.405625 0.9472759226713532 0.05375 0.08787346221441124
2 0.45125 0.9630931458699472 0.03 0.0492091388400703
2 0.476875 0.9253075571177504 0.02625 0.029876977152899824
2 0.5181250000000001 0.9349736379613356 0.02125 0.045694200351493845
2 0.548125 0.9428822495606326 0.03875 0.029876977152899824
2 0.589375 0.9428822495606326 0.043750000000000004 0.029876977152899824
2 0.626875 0.9525483304042178 0.043750000000000004 0.07381370826010544
2 0.663125 0.9551845342706502 0.03625 0.05448154657293497
2 0.695625 0.9543057996485061 0.051250000000000004 0.0773286467486819
2 0.7731250000000001 0.9481546572934973 0.07625 0.08963093145869946
2 0.886875 0.961335676625659 0.07125000000000001 0.05975395430579965
2 0.88375 0.9657293497363796 0.045 0.05799648506151142
2 0.9275 0.9543057996485061 0.055 0.07029876977152899
2 0.9675 0.9710017574692442 0.025 0.03339191564147627
2 0.499375 0.9604569420035148 0.07625 0.05799648506151142
