0 0.031746031746031744 0.6508515815085159 0.03571428571428571 0.10948905109489052
0 0.05952380952380952 0.6605839416058394 0.03571428571428571 0.11435523114355231
0 0.09226190476190475 0.6545012165450121 0.037698412698412696 0.11192214111922141
0 0.054563492063492064 0.7347931873479319 0.0496031746031746 0.14598540145985403
0 0.06944444444444445 0.7420924574209246 0.047619047619047616 0.15085158150851583
0 0.34523809523809523 0.7104622871046229 0.04365079365079365 0.13138686131386862
0 0.5496031746031745 0.7116788321167883 0.04365079365079365 0.1386861313868613
0 0.7281746031746031 0.6982968369829684 0.03571428571428571 0.10705596107055962
0 0.7708333333333333 0.6934306569343066 0.037698412698412696 0.11678832116788321
0 0.8125 0.6995133819951338 0.037698412698412696 0.11435523114355231
0 0.8541666666666666 0.6970802919708029 0.037698412698412696 0.11435523114355231
0 0.8988095238095237 0.6545012165450121 0.031746031746031744 0.10218978102189781
0 0.9593253968253967 0.6557177615571776 0.03373015873015873 0.10462287104622871
0 0.9841269841269841 0.6630170316301703 0.027777777777777776 0.11435523114355231
0 0.7767857142857142 0.5620437956204379 0.037698412698412696 0.12165450121654502
2 0.1746031746031746 0.7165450121654502 0.06349206349206349 0.08515815085158152
2 0.9632936507936507 0.6070559610705596 0.021825396825396824 0.051094890510948905
2 0.986111111111111 0.6034063260340633 0.015873015873015872 0.0340632603406326
2 0.740079365079365 0.5669099756690997 0.05952380952380952 0.08759124087591241
2 0.7003968253968254 0.5754257907542579 0.03968253968253968 0.09975669099756691
2 0.6418650793650793 0.5754257907542579 0.04563492063492063 0.08515815085158152
2 0.6041666666666666 0.5705596107055961 0.03373015873015873 0.09002433090024331
2 0.5714285714285714 0.5766423357664233 0.04365079365079365 0.09245742092457421
2 0.5367063492063492 0.5754257907542579 0.025793650793650792 0.09489051094890512
2 0.5099206349206349 0.572992700729927 0.027777777777777776 0.08029197080291971
2 0.4712301587301587 0.5693430656934306 0.037698412698412696 0.09245742092457421
2 0.43551587301587297 0.5705596107055961 0.04563492063492063 0.09002433090024331
2 0.39186507936507936 0.5705596107055961 0.03373015873015873 0.08029197080291971
2 0.3501984126984127 0.5705596107055961 0.04563492063492063 0.09002433090024331
2 0.3005952380952381 0.5705596107055961 0.037698412698412696 0.09489051094890512
