0 0.032 0.62625 0.032 0.10250000000000001
0 0.027 0.5825 0.054 0.17500000000000002
0 0.049 0.58125 0.05 0.1575
0 0.081 0.57875 0.054 0.17250000000000001
0 0.106 0.58 0.052000000000000005 0.16
0 0.139 0.5750000000000001 0.05 0.15
0 0.169 0.57625 0.054 0.1625
0 0.258 0.57625 0.076 0.2325
0 0.2 0.5775 0.056 0.17
0 0.304 0.5575 0.092 0.28
0 0.496 0.5275 0.212 0.65
0 0.882 0.52125 0.136 0.41250000000000003
0 0.5680000000000001 0.56625 0.052000000000000005 0.1625
0 0.592 0.5650000000000001 0.06 0.185
0 0.627 0.555 0.066 0.20500000000000002
0 0.665 0.55375 0.054 0.1675
0 0.6940000000000001 0.5325 0.092 0.29
0 0.758 0.545 0.084 0.255
0 0.8 0.54875 0.068 0.2125
0 0.93 0.535 0.07200000000000001 0.225
0 0.973 0.53625 0.05 0.23750000000000002
0 0.335 0.55375 0.058 0.1775
2 0.022 0.47500000000000003 0.02 0.025
2 0.041 0.48 0.018000000000000002 0.035
2 0.057 0.48125 0.022 0.0425
2 0.149 0.48375 0.022 0.0425
2 0.17300000000000001 0.49125 0.022 0.0475
2 0.47700000000000004 0.355 0.254 0.6
2 0.589 0.4675 0.026000000000000002 0.035
2 0.668 0.45625 0.036000000000000004 0.0325
2 0.9530000000000001 0.44375000000000003 0.03 0.0475
2 0.881 0.41875 0.17400000000000002 0.3925
