0 0.04791666666666667 0.660625 0.09583333333333334 0.59125
0 0.05541666666666667 0.55125 0.0775 0.28750000000000003
0 0.12375000000000001 0.5725 0.0825 0.305
0 0.11083333333333334 0.52 0.05333333333333334 0.1975
0 0.17250000000000001 0.688125 0.16833333333333333 0.61625
0 0.2729166666666667 0.605625 0.11083333333333334 0.40875
0 0.33458333333333334 0.565625 0.0775 0.28375
0 0.40125000000000005 0.628125 0.12583333333333335 0.46375
0 0.36375 0.53 0.04416666666666667 0.1625
0 0.59375 0.67 0.15416666666666667 0.5675
0 0.6375000000000001 0.61125 0.10166666666666667 0.375
0 0.6670833333333334 0.5806250000000001 0.08416666666666667 0.30875
0 0.7070833333333334 0.57375 0.06583333333333334 0.24
0 0.7904166666666668 0.6218750000000001 0.09916666666666667 0.36625
0 0.8191666666666667 0.638125 0.125 0.46125
0 0.24833333333333335 0.520625 0.05 0.18625
0 0.9079166666666667 0.6925 0.16583333333333333 0.61
0 0.9587500000000001 0.623125 0.08083333333333334 0.38125000000000003
2 0.08625000000000001 0.4525 0.025833333333333337 0.0625
2 0.0775 0.529375 0.028333333333333335 0.21125
2 0.21708333333333335 0.46 0.03416666666666667 0.0725
2 0.2966666666666667 0.4425 0.025 0.045
2 0.35125 0.45375 0.014166666666666668 0.0425
2 0.43000000000000005 0.44875 0.03333333333333333 0.0575
2 0.5670833333333334 0.47125 0.0475 0.07
2 0.5458333333333334 0.48562500000000003 0.03833333333333334 0.08875
2 0.4916666666666667 0.655 0.23 0.68
2 0.9554166666666667 0.498125 0.029166666666666667 0.10375000000000001
