0 0.0475 0.6171284634760705 0.095 0.41309823677581864
0 0.09583333333333334 0.5667506297229219 0.07833333333333334 0.2972292191435768
0 0.17333333333333334 0.6360201511335012 0.15000000000000002 0.5516372795969773
0 0.2816666666666667 0.6133501259445844 0.15333333333333335 0.5667506297229219
0 0.38333333333333336 0.6057934508816121 0.15666666666666668 0.5869017632241813
0 0.4391666666666667 0.5768261964735516 0.115 0.4282115869017632
0 0.49250000000000005 0.6498740554156172 0.13833333333333334 0.5188916876574308
0 0.5991666666666667 0.6599496221662469 0.14500000000000002 0.5390428211586902
0 0.6933333333333334 0.6662468513853904 0.15000000000000002 0.561712846347607
0 0.7966666666666667 0.6561712846347607 0.15666666666666668 0.5768261964735516
0 0.8333333333333334 0.5289672544080605 0.06666666666666667 0.2518891687657431
0 0.8766666666666667 0.5453400503778337 0.06666666666666667 0.2544080604534005
0 0.895 0.552896725440806 0.08666666666666667 0.31989924433249367
0 0.9550000000000001 0.535264483627204 0.08333333333333334 0.3047858942065491
2 0.125 0.42947103274559195 0.03666666666666667 0.06297229219143577
2 0.20833333333333334 0.43324937027707805 0.03666666666666667 0.0654911838790932
2 0.23750000000000002 0.4345088161209068 0.04166666666666667 0.04785894206549118
2 0.21333333333333335 0.4093198992443325 0.023333333333333334 0.0327455919395466
2 0.2516666666666667 0.41309823677581864 0.02666666666666667 0.04030226700251889
2 0.32 0.42191435768261965 0.02666666666666667 0.04785894206549118
2 0.3416666666666667 0.41435768261964734 0.030000000000000002 0.042821158690176324
2 0.46416666666666667 0.41435768261964734 0.021666666666666667 0.04785894206549118
2 0.5108333333333334 0.4093198992443325 0.03166666666666667 0.06297229219143577
2 0.5425 0.41183879093198994 0.03166666666666667 0.0579345088161209
2 0.5358333333333334 0.4445843828715365 0.03166666666666667 0.08312342569269521
2 0.5666666666666667 0.4256926952141058 0.02666666666666667 0.08060453400503778
2 0.6325000000000001 0.4269521410579345 0.04166666666666667 0.0982367758186398
2 0.6666666666666667 0.43198992443324935 0.05 0.10327455919395466
2 0.7241666666666667 0.43073047858942065 0.03166666666666667 0.0906801007556675
2 0.7541666666666668 0.4433249370277078 0.045000000000000005 0.09571788413098237
2 0.8141666666666667 0.4193954659949622 0.025 0.08312342569269521
2 0.8600000000000001 0.4181360201511335 0.03666666666666667 0.10075566750629722
2 0.9316666666666668 0.4181360201511335 0.04 0.05037783375314861
2 0.9850000000000001 0.41183879093198994 0.023333333333333334 0.04785894206549118
