0 0.04916666666666667 0.6116071428571428 0.09833333333333334 0.44940476190476186
0 0.12916666666666668 0.6041666666666666 0.10833333333333334 0.47023809523809523
0 0.18416666666666667 0.6086309523809523 0.10166666666666667 0.44940476190476186
0 0.2325 0.6145833333333333 0.10166666666666667 0.44345238095238093
0 0.29583333333333334 0.6145833333333333 0.10166666666666667 0.44345238095238093
0 0.35000000000000003 0.6160714285714285 0.09666666666666668 0.42857142857142855
0 0.39 0.6026785714285714 0.1 0.44345238095238093
0 0.42250000000000004 0.6086309523809523 0.09833333333333334 0.4375
0 0.47500000000000003 0.6160714285714285 0.09333333333333334 0.41666666666666663
0 0.52 0.6086309523809523 0.09666666666666668 0.4196428571428571
0 0.5825 0.6056547619047619 0.10500000000000001 0.45535714285714285
0 0.6366666666666667 0.5982142857142857 0.09666666666666668 0.42857142857142855
0 0.7516666666666667 0.6116071428571428 0.09666666666666668 0.4255952380952381
0 0.895 0.5863095238095237 0.1 0.4345238095238095
0 0.9558333333333334 0.5758928571428571 0.085 0.4375
2 0.09416666666666668 0.7053571428571428 0.07500000000000001 0.2976190476190476
2 0.15666666666666668 0.706845238095238 0.06666666666666667 0.31845238095238093
2 0.21916666666666668 0.7113095238095237 0.06166666666666667 0.3214285714285714
2 0.27666666666666667 0.7053571428571428 0.08 0.34523809523809523
2 0.35333333333333333 0.7142857142857142 0.07333333333333333 0.31547619047619047
2 0.4141666666666667 0.7142857142857142 0.07833333333333334 0.3273809523809524
2 0.4733333333333334 0.7202380952380952 0.05666666666666667 0.33928571428571425
2 0.5216666666666667 0.71875 0.05666666666666667 0.306547619047619
2 0.5800000000000001 0.712797619047619 0.07666666666666667 0.31845238095238093
2 0.6358333333333334 0.7142857142857142 0.08166666666666667 0.3214285714285714
2 0.6825 0.7202380952380952 0.07166666666666667 0.30952380952380953
2 0.7325 0.7142857142857142 0.085 0.3630952380952381
2 0.7908333333333334 0.7247023809523809 0.06833333333333334 0.34226190476190477
2 0.8383333333333334 0.7023809523809523 0.06333333333333334 0.3214285714285714
2 0.8925000000000001 0.7202380952380952 0.07833333333333334 0.34523809523809523
2 0.9641666666666667 0.706845238095238 0.065 0.33035714285714285
2 0.8508333333333334 0.46875 0.07500000000000001 0.1875
2 0.8025000000000001 0.48065476190476186 0.058333333333333334 0.1875
2 0.7258333333333333 0.40773809523809523 0.05166666666666667 0.1369047619047619
2 0.6916666666666668 0.4345238095238095 0.05 0.07738095238095238
2 0.5558333333333334 0.4300595238095238 0.035 0.09821428571428571
2 0.09583333333333334 0.47172619047619047 0.06166666666666667 0.18154761904761904
