0 0.06796875000000001 0.49882352941176467 0.0390625 0.14588235294117646
0 0.13593750000000002 0.4941176470588235 0.037500000000000006 0.14588235294117646
0 0.19140625 0.49882352941176467 0.035937500000000004 0.1364705882352941
0 0.2515625 0.4941176470588235 0.037500000000000006 0.1364705882352941
0 0.30625 0.48588235294117643 0.040625 0.14823529411764705
0 0.36796875 0.4952941176470588 0.0328125 0.12941176470588234
0 0.42265625 0.4894117647058823 0.035937500000000004 0.13176470588235292
0 0.47421875 0.4905882352941176 0.035937500000000004 0.1341176470588235
0 0.509375 0.4905882352941176 0.034375 0.12470588235294117
0 0.5398437500000001 0.4905882352941176 0.0328125 0.12
0 0.5765625 0.4870588235294117 0.034375 0.12705882352941175
0 0.6117187500000001 0.4870588235294117 0.035937500000000004 0.1364705882352941
0 0.64375 0.48588235294117643 0.034375 0.12470588235294117
0 0.6671875 0.4941176470588235 0.037500000000000006 0.1364705882352941
0 0.69921875 0.4870588235294117 0.029687500000000002 0.1176470588235294
0 0.7273437500000001 0.48470588235294115 0.035937500000000004 0.13176470588235292
0 0.74921875 0.49647058823529405 0.029687500000000002 0.10823529411764705
0 0.78125 0.49647058823529405 0.03125 0.11294117647058823
0 0.81015625 0.4941176470588235 0.029687500000000002 0.1176470588235294
0 0.84296875 0.4917647058823529 0.0328125 0.12235294117647058
0 0.8765625 0.4929411764705882 0.03125 0.11529411764705881
0 0.9203125000000001 0.49647058823529405 0.028125 0.10823529411764705
3 0.0671875 0.8647058823529411 0.059375000000000004 0.18117647058823527
3 0.13125 0.8776470588235293 0.06875 0.1552941176470588
3 0.18828125 0.868235294117647 0.045312500000000006 0.1364705882352941
3 0.24140625000000002 0.8658823529411764 0.060937500000000006 0.1411764705882353
3 0.30859375 0.8599999999999999 0.0546875 0.1576470588235294
3 0.359375 0.8541176470588234 0.05 0.16941176470588235
3 0.42265625 0.8517647058823529 0.0484375 0.15058823529411763
3 0.4734375 0.8494117647058823 0.03125 0.15058823529411763
3 0.50703125 0.8423529411764705 0.035937500000000004 0.15999999999999998
3 0.54296875 0.8364705882352941 0.0421875 0.14823529411764705
3 0.5750000000000001 0.84 0.037500000000000006 0.14588235294117646
3 0.609375 0.8329411764705882 0.028125 0.1411764705882353
3 0.640625 0.8329411764705882 0.03125 0.15058823529411763
3 0.6726562500000001 0.8341176470588234 0.0328125 0.1388235294117647
3 0.69921875 0.8294117647058823 0.0390625 0.1388235294117647
3 0.7273437500000001 0.8235294117647058 0.026562500000000003 0.1364705882352941
3 0.7546875000000001 0.8270588235294117 0.040625 0.12941176470588234
3 0.7828125 0.8223529411764705 0.034375 0.1341176470588235
3 0.8132812500000001 0.8164705882352941 0.0421875 0.13176470588235292
3 0.846875 0.8117647058823528 0.037500000000000006 0.13176470588235292
3 0.8757812500000001 0.8094117647058823 0.0390625 0.12705882352941175
3 0.92578125 0.7999999999999999 0.045312500000000006 0.12235294117647058
