0 0.03297872340425532 0.42800000000000005 0.05319148936170213 0.1968
0 0.06968085106382979 0.45120000000000005 0.07340425531914893 0.272
0 0.08936170212765958 0.37920000000000004 0.01702127659574468 0.06720000000000001
0 0.09680851063829787 0.37920000000000004 0.01702127659574468 0.06720000000000001
0 0.10797872340425532 0.3784 0.015957446808510637 0.062400000000000004
0 0.11702127659574468 0.3816 0.019148936170212766 0.0688
0 0.12606382978723404 0.376 0.013829787234042554 0.0512
0 0.1824468085106383 0.49520000000000003 0.10957446808510639 0.4016
0 0.21648936170212765 0.37120000000000003 0.013829787234042554 0.0512
0 0.22446808510638297 0.3672 0.010638297872340425 0.0432
0 0.24095744680851064 0.37120000000000003 0.011702127659574468 0.0448
0 0.23191489361702128 0.36560000000000004 0.00851063829787234 0.033600000000000005
0 0.29095744680851066 0.4456 0.06276595744680852 0.23520000000000002
0 0.26648936170212767 0.4016 0.039361702127659576 0.1504
0 0.31382978723404253 0.3912 0.031914893617021274 0.1232
0 0.32393617021276594 0.36960000000000004 0.009574468085106383 0.0352
0 0.35638297872340424 0.42560000000000003 0.04893617021276596 0.18560000000000001
0 0.38563829787234044 0.4056 0.03723404255319149 0.13920000000000002
0 0.39893617021276595 0.36160000000000003 0.010638297872340425 0.041600000000000005
0 0.4154255319148936 0.392 0.03297872340425532 0.12480000000000001
0 0.4329787234042553 0.3824 0.025531914893617023 0.09920000000000001
0 0.4547872340425532 0.376 0.022340425531914895 0.0864
0 0.43936170212765957 0.36560000000000004 0.012765957446808512 0.049600000000000005
0 0.4803191489361702 0.36000000000000004 0.011702127659574468 0.0448
0 0.4702127659574468 0.3552 0.00851063829787234 0.0352
0 0.4888297872340426 0.3584 0.007446808510638298 0.032
0 0.4973404255319149 0.35200000000000004 0.009574468085106383 0.038400000000000004
0 0.5079787234042553 0.3552 0.007446808510638298 0.032
0 0.5175531914893617 0.3544 0.009574468085106383 0.033600000000000005
0 0.5281914893617021 0.3536 0.007446808510638298 0.032
0 0.5340425531914894 0.3552 0.00851063829787234 0.032
0 0.548936170212766 0.36560000000000004 0.023404255319148935 0.0912
0 0.5617021276595745 0.3672 0.03404255319148936 0.1264
0 0.575531914893617 0.37920000000000004 0.03617021276595745 0.13440000000000002
0 0.5946808510638298 0.3896 0.04893617021276596 0.18080000000000002
0 0.6212765957446809 0.404 0.07021276595744681 0.26080000000000003
0 0.675 0.4224 0.10106382978723405 0.37120000000000003
0 0.6398936170212766 0.36960000000000004 0.03297872340425532 0.1216
0 0.7164893617021276 0.376 0.05 0.18560000000000001
0 0.777127659574468 0.39840000000000003 0.07340425531914893 0.26880000000000004
0 0.8292553191489361 0.4928 0.19042553191489361 0.6976
0 0.9085106382978724 0.4192 0.09361702127659574 0.3488
0 0.9361702127659575 0.39280000000000004 0.06382978723404255 0.2384
0 0.9723404255319149 0.36000000000000004 0.025531914893617023 0.09920000000000001
0 0.9835106382978723 0.3512 0.02021276595744681 0.0784
0 0.07606382978723404 0.38480000000000003 0.02021276595744681 0.0752
2 0.005319148936170213 0.36560000000000004 0.010638297872340425 0.046400000000000004
2 0.012765957446808512 0.3672 0.010638297872340425 0.033600000000000005
2 0.2478723404255319 0.364 0.00851063829787234 0.027200000000000002
2 0.33882978723404256 0.376 0.02446808510638298 0.1024
2 0.7414893617021276 0.3568 0.031914893617021274 0.128
3 0.4877659574468085 0.5088 0.21808510638297873 0.0736
3 0.4569148936170213 0.5816 0.32872340425531915 0.1328
3 0.41914893617021276 0.7264 0.5021276595744681 0.272
3 0.6957446808510639 0.7208 0.39148936170212767 0.26080000000000003
3 0.6409574468085106 0.5720000000000001 0.24148936170212768 0.1328
