0 0.022352941176470586 0.5187601957585645 0.04470588235294117 0.1761827079934747
0 0.038235294117647055 0.5481239804241436 0.05529411764705882 0.18923327895595432
0 0.10588235294117646 0.6288743882544862 0.10117647058823528 0.3442088091353997
0 0.1976470588235294 0.6239804241435563 0.10117647058823528 0.3474714518760196
0 0.26235294117647057 0.6394779771615009 0.09411764705882353 0.32300163132137033
0 0.3317647058823529 0.6084828711256117 0.0988235294117647 0.3360522022838499
0 0.5123529411764706 0.6247960848287113 0.11411764705882352 0.3882544861337684
0 0.3711764705882353 0.5456769983686787 0.07411764705882352 0.24959216965742254
0 0.40764705882352936 0.5391517128874389 0.057647058823529405 0.19738988580750408
0 0.4517647058823529 0.5709624796084829 0.07529411764705882 0.2544861337683524
0 0.5823529411764705 0.5587275693311583 0.07294117647058823 0.2528548123980424
0 0.6658823529411764 0.600326264274062 0.10352941176470587 0.35562805872756936
0 0.7370588235294117 0.566068515497553 0.09529411764705882 0.32300163132137033
0 0.7899999999999999 0.5774877650897227 0.07647058823529411 0.25774877650897227
0 0.8447058823529411 0.5513866231647635 0.08235294117647059 0.2838499184339315
0 0.6170588235294117 0.5252854812398042 0.05294117647058823 0.18270799347471453
0 0.9058823529411764 0.35562805872756936 0.06588235294117646 0.22185970636215335
0 0.8158823529411764 0.36704730831973903 0.06235294117647058 0.21533442088091356
0 0.7623529411764706 0.3980424143556281 0.05411764705882353 0.18597063621533444
0 0.7352941176470588 0.3988580750407831 0.04941176470588235 0.16802610114192496
0 0.7147058823529411 0.39314845024469824 0.04823529411764706 0.16639477977161501
0 0.688235294117647 0.3980424143556281 0.04941176470588235 0.16965742251223492
0 0.668235294117647 0.4110929853181077 0.039999999999999994 0.1370309951060359
0 0.6376470588235293 0.4265905383360522 0.042352941176470586 0.14192495921696574
0 0.5970588235294118 0.401305057096248 0.041176470588235294 0.1402936378466558
2 0.028823529411764703 0.4453507340946167 0.03176470588235294 0.03588907014681893
2 0.014705882352941175 0.5734094616639478 0.027058823529411764 0.2202283849918434
2 0.05705882352941176 0.5546492659053834 0.05058823529411764 0.13376835236541598
2 0.049999999999999996 0.5048939641109299 0.04352941176470588 0.0766721044045677
2 0.039999999999999994 0.48205546492659057 0.023529411764705882 0.0734094616639478
2 0.14352941176470588 0.5048939641109299 0.051764705882352935 0.10277324632952692
2 0.2476470588235294 0.4910277324632953 0.06470588235294117 0.09461663947797716
2 0.3041176470588235 0.47471451876019577 0.02941176470588235 0.03915171288743883
2 0.3417647058823529 0.4616639477977162 0.036470588235294116 0.04241435562805873
2 0.47764705882352937 0.46574225122349105 0.028235294117647056 0.04730831973898858
2 0.4694117647058823 0.4102773246329527 0.028235294117647056 0.037520391517128875
2 0.49117647058823527 0.4437194127243067 0.03411764705882352 0.05546492659053834
2 0.5417647058823529 0.42088091353996737 0.024705882352941175 0.052202283849918436
2 0.5617647058823529 0.4445350734094617 0.036470588235294116 0.0766721044045677
2 0.5494117647058823 0.37683523654159873 0.021176470588235293 0.05546492659053834
2 0.5735294117647058 0.3882544861337684 0.019999999999999997 0.048939641109298535
2 0.6405882352941176 0.3531810766721044 0.022352941176470586 0.02773246329526917
2 0.6599999999999999 0.34991843393148453 0.018823529411764704 0.03425774877650897
2 0.7017647058823528 0.4714518760195759 0.03411764705882352 0.11419249592169659
2 0.7817647058823529 0.32300163132137033 0.02941176470588235 0.04241435562805873
2 0.2117647058823529 0.4241435562805873 0.018823529411764704 0.02936378466557912
2 0.17823529411764705 0.46492659053833607 0.0388235294117647 0.07177814029363785
