0 0.08148243801652892 0.6118827160493827 0.08496900826446281 0.3101851851851852
0 0.1284865702479339 0.6107253086419753 0.08393595041322315 0.30709876543209874
0 0.17432851239669422 0.611304012345679 0.08264462809917356 0.3020833333333333
0 0.21164772727272727 0.6136188271604938 0.07825413223140495 0.285108024691358
0 0.943698347107438 0.5744598765432098 0.047520661157024795 0.1743827160493827
0 0.9049586776859504 0.599537037037037 0.07851239669421488 0.2862654320987654
0 0.8432334710743802 0.570216049382716 0.08367768595041322 0.30632716049382713
0 0.8082386363636364 0.5725308641975309 0.07153925619834711 0.26080246913580246
0 0.7711776859504132 0.5866126543209876 0.08419421487603305 0.3074845679012346
0 0.7248192148760331 0.5877700617283951 0.08858471074380166 0.32368827160493824
0 0.6825929752066116 0.5900848765432098 0.08109504132231406 0.29668209876543206
0 0.6319731404958678 0.5881558641975309 0.08522727272727273 0.31057098765432095
0 0.5867768595041323 0.5898919753086419 0.08316115702479339 0.3032407407407407
0 0.5582386363636364 0.5935570987654321 0.08135330578512397 0.29668209876543206
0 0.5238894628099173 0.5972222222222222 0.0803202479338843 0.29398148148148145
0 0.4863119834710744 0.5922067901234568 0.0862603305785124 0.3155864197530864
0 0.42665289256198347 0.6006944444444444 0.08316115702479339 0.3040123456790123
0 0.3268336776859504 0.6039737654320987 0.08290289256198348 0.3020833333333333
0 0.2728564049586777 0.6078317901234568 0.08445247933884298 0.3074845679012346
2 0.017174586776859506 0.6043595679012346 0.02453512396694215 0.1253858024691358
2 0.2075154958677686 0.46566358024691357 0.024018595041322314 0.04089506172839506
2 0.24238119834710745 0.4739583333333333 0.028667355371900828 0.05516975308641975
2 0.24677169421487605 0.4872685185185185 0.02660123966942149 0.047839506172839504
2 0.26188016528925623 0.6298225308641975 0.06198347107438017 0.1261574074074074
2 0.3298037190082645 0.623070987654321 0.06301652892561983 0.10262345679012345
2 0.38545971074380164 0.6153549382716049 0.05294421487603306 0.09953703703703703
2 0.2985537190082645 0.47646604938271603 0.032024793388429756 0.05555555555555555
2 0.3465909090909091 0.48321759259259256 0.01859504132231405 0.0466820987654321
2 0.43427169421487605 0.6107253086419753 0.06379132231404959 0.13425925925925924
2 0.4771435950413223 0.6271219135802468 0.0565599173553719 0.10146604938271604
2 0.5362861570247934 0.6207561728395061 0.0684400826446281 0.10185185185185185
2 0.612345041322314 0.6059027777777778 0.06869834710743802 0.11689814814814814
2 0.6896952479338844 0.6209490740740741 0.06275826446280992 0.08526234567901234
2 0.7452221074380165 0.6087962962962963 0.06637396694214877 0.10648148148148148
2 0.7990702479338844 0.663966049382716 0.0609504132231405 0.18518518518518517
2 0.8507231404958678 0.6531635802469136 0.0609504132231405 0.21219135802469136
2 0.9775309917355373 0.5516975308641975 0.01756198347107438 0.041666666666666664
2 0.9625516528925621 0.532986111111111 0.020144628099173556 0.03125
2 0.453125 0.45543981481481477 0.04261363636363637 0.08449074074074074
2 0.518724173553719 0.45042438271604934 0.05087809917355372 0.07677469135802469
2 0.5699896694214877 0.4544753086419753 0.024276859504132234 0.06327160493827161
2 0.6185433884297521 0.46662808641975306 0.027892561983471075 0.04050925925925926
2 0.6646435950413223 0.4672067901234568 0.028667355371900828 0.057870370370370364
2 0.7509039256198348 0.4506172839506173 0.030733471074380167 0.06327160493827161
2 0.8793904958677686 0.46739969135802467 0.028925619834710745 0.05439814814814815
