0 0.015833333333333335 0.7682926829268293 0.03166666666666667 0.14412416851441243
0 0.045000000000000005 0.7560975609756098 0.05666666666666667 0.18181818181818182
0 0.13833333333333334 0.7605321507760532 0.060000000000000005 0.1951219512195122
0 0.16166666666666668 0.7638580931263859 0.04666666666666667 0.15299334811529933
0 0.23750000000000002 0.7516629711751663 0.06166666666666667 0.2039911308203991
0 0.09083333333333334 0.8104212860310421 0.11166666666666668 0.3614190687361419
0 0.26583333333333337 0.7450110864745011 0.055 0.18625277161862527
0 0.28833333333333333 0.8004434589800443 0.04666666666666667 0.15077605321507762
0 0.3141666666666667 0.7660753880266076 0.06166666666666667 0.20620842572062084
0 0.3875 0.7971175166297118 0.12166666666666667 0.401330376940133
0 0.4991666666666667 0.7971175166297118 0.11833333333333335 0.3835920177383592
0 0.5941666666666667 0.7960088691796009 0.08833333333333333 0.2926829268292683
0 0.555 0.7505543237250555 0.05666666666666667 0.188470066518847
0 0.6525000000000001 0.8070953436807096 0.10500000000000001 0.34146341463414637
0 0.7166666666666667 0.7926829268292683 0.07666666666666667 0.2549889135254989
0 0.7425 0.7527716186252772 0.07166666666666667 0.2328159645232816
0 0.775 0.7671840354767184 0.07666666666666667 0.2572062084257206
0 0.9741666666666667 0.7416851441241685 0.04833333333333334 0.1662971175166297
0 0.9850000000000001 0.7017738359201774 0.02666666666666667 0.13082039911308205
0 0.6883333333333334 0.811529933481153 0.10666666666666667 0.35033259423503327
2 0.8241666666666667 0.6463414634146342 0.045000000000000005 0.05543237250554324
2 0.7916666666666667 0.6618625277161863 0.02666666666666667 0.050997782705099776
2 0.8883333333333334 0.7405764966740577 0.21666666666666667 0.49223946784922396
2 0.6575000000000001 0.7937915742793792 0.07500000000000001 0.3858093126385809
2 0.6158333333333333 0.6818181818181818 0.021666666666666667 0.05543237250554324
2 0.46 0.7904656319290465 0.11333333333333334 0.38802660753880264
2 0.36750000000000005 0.6862527716186253 0.045000000000000005 0.09534368070953436
