0 0.02318840579710145 0.8923913043478261 0.0463768115942029 0.19782608695652174
0 0.15797101449275364 0.9 0.04927536231884058 0.1826086956521739
0 0.11594202898550725 0.8923913043478261 0.052173913043478265 0.19782608695652174
0 0.18333333333333335 0.8989130434782608 0.050724637681159424 0.1891304347826087
0 0.22753623188405797 0.8195652173913044 0.020289855072463767 0.08260869565217391
0 0.2492753623188406 0.807608695652174 0.020289855072463767 0.07608695652173914
0 0.2594202898550725 0.8119565217391305 0.020289855072463767 0.07608695652173914
0 0.2768115942028986 0.8804347826086957 0.043478260869565216 0.16086956521739132
0 0.3181159420289855 0.8782608695652174 0.050724637681159424 0.19130434782608696
0 0.36231884057971014 0.8021739130434783 0.011594202898550725 0.04782608695652174
0 0.43043478260869567 0.9054347826086957 0.04927536231884058 0.18043478260869567
0 0.38623188405797104 0.9065217391304348 0.04782608695652174 0.17391304347826086
0 0.336231884057971 0.9065217391304348 0.04927536231884058 0.1782608695652174
0 0.7891304347826087 0.8684782608695653 0.02463768115942029 0.09782608695652174
0 0.8021739130434783 0.8641304347826088 0.02753623188405797 0.10652173913043478
0 0.868840579710145 0.8793478260869565 0.02753623188405797 0.10652173913043478
0 0.9876811594202899 0.9021739130434783 0.021739130434782608 0.1565217391304348
0 0.4608695652173913 0.8478260869565217 0.028985507246376812 0.10869565217391304
0 0.48840579710144927 0.8478260869565217 0.028985507246376812 0.10869565217391304
0 0.2927536231884058 0.8108695652173913 0.014492753623188406 0.06086956521739131
0 0.2717391304347826 0.8152173913043478 0.01884057971014493 0.07391304347826087
0 0.39710144927536234 0.8097826086956522 0.017391304347826087 0.06304347826086956
1 0.8456521739130435 0.8880434782608696 0.030434782608695653 0.11521739130434783
2 0.1855072463768116 0.7956521739130434 0.020289855072463767 0.026086956521739132
2 0.18768115942028984 0.782608695652174 0.015942028985507246 0.030434782608695653
2 0.2028985507246377 0.7923913043478261 0.02318840579710145 0.058695652173913045
2 0.27898550724637683 0.7782608695652175 0.013043478260869566 0.030434782608695653
2 0.37028985507246376 0.7771739130434783 0.010144927536231883 0.02826086956521739
2 0.38623188405797104 0.7771739130434783 0.010144927536231883 0.01956521739130435
2 0.8347826086956522 0.8369565217391305 0.020289855072463767 0.0391304347826087
2 0.8594202898550725 0.8304347826086956 0.017391304347826087 0.0391304347826087
2 0.9123188405797101 0.8836956521739131 0.03333333333333333 0.06739130434782609
2 0.9876811594202899 0.8347826086956522 0.01884057971014493 0.052173913043478265
2 0.4847826086956522 0.9163043478260869 0.10869565217391304 0.15
2 0.5963768115942029 0.8739130434782609 0.04782608695652174 0.12173913043478261
