0 0.06186440677966101 0.7262443438914028 0.1135593220338983 0.37104072398190047
0 0.10847457627118644 0.7398190045248869 0.10169491525423728 0.330316742081448
0 0.16610169491525423 0.7420814479638009 0.09491525423728814 0.3076923076923077
0 0.22372881355932203 0.7420814479638009 0.09491525423728814 0.31221719457013575
0 0.2711864406779661 0.745475113122172 0.09152542372881356 0.30090497737556565
0 0.33983050847457624 0.7511312217194571 0.08305084745762711 0.2714932126696833
0 0.37457627118644066 0.7556561085972852 0.07796610169491525 0.2533936651583711
0 0.411864406779661 0.7296380090497738 0.0847457627118644 0.27828054298642535
0 0.4322033898305085 0.7160633484162896 0.0847457627118644 0.27828054298642535
0 0.46694915254237285 0.745475113122172 0.07627118644067796 0.251131221719457
0 0.521186440677966 0.7364253393665159 0.07966101694915254 0.26018099547511314
0 0.49322033898305084 0.7013574660633485 0.09491525423728814 0.3076923076923077
0 0.573728813559322 0.7262443438914028 0.08644067796610169 0.28054298642533937
0 0.6305084745762711 0.7104072398190046 0.09491525423728814 0.31221719457013575
0 0.688135593220339 0.7024886877828055 0.0983050847457627 0.3235294117647059
0 0.7652542372881356 0.7217194570135748 0.08644067796610169 0.28054298642533937
0 0.7584745762711864 0.6957013574660634 0.09322033898305085 0.3054298642533937
0 0.8211864406779661 0.7194570135746607 0.08644067796610169 0.28054298642533937
0 0.8728813559322034 0.7013574660633485 0.09152542372881356 0.29864253393665163
0 0.9415254237288135 0.6889140271493214 0.09999999999999999 0.328054298642534
2 0.1847457627118644 0.5938914027149321 0.0576271186440678 0.08823529411764706
2 0.2576271186440678 0.5904977375565611 0.05084745762711864 0.08144796380090498
2 0.3076271186440678 0.584841628959276 0.0423728813559322 0.08823529411764706
2 0.33220338983050846 0.583710407239819 0.030508474576271184 0.07239819004524888
2 0.376271186440678 0.5904977375565611 0.04745762711864407 0.06787330316742082
2 0.5483050847457627 0.5667420814479639 0.059322033898305086 0.07466063348416291
2 0.6194915254237288 0.5588235294117647 0.04915254237288135 0.06787330316742082
2 0.7008474576271186 0.57579185520362 0.022033898305084745 0.05203619909502263
2 0.8169491525423729 0.5701357466063349 0.04406779661016949 0.05882352941176471
