0 0.04057971014492753 0.38366890380313196 0.08115942028985507 0.3825503355704698
0 0.12028985507246377 0.40268456375838924 0.09565217391304348 0.3668903803131991
0 0.2594202898550725 0.46085011185682323 0.0782608695652174 0.29977628635346754
0 0.3789855072463768 0.5391498881431768 0.13478260869565217 0.5145413870246085
0 0.40869565217391307 0.38814317673378074 0.08405797101449275 0.3243847874720358
0 0.6181159420289856 0.5223713646532439 0.13478260869565217 0.5078299776286354
0 0.6608695652173913 0.5771812080536912 0.16231884057971013 0.6174496644295302
0 0.6905797101449276 0.5391498881431768 0.15507246376811595 0.5906040268456376
0 0.8217391304347826 0.558165548098434 0.14202898550724638 0.5346756152125279
0 0.8434782608695652 0.47874720357941836 0.1246376811594203 0.4742729306487696
0 0.9384057971014493 0.31655480984340045 0.042028985507246375 0.1588366890380313
2 0.19130434782608696 0.3713646532438479 0.02318840579710145 0.07606263982102908
2 0.21159420289855072 0.36465324384787473 0.026086956521739132 0.06263982102908278
2 0.24202898550724639 0.31431767337807603 0.028985507246376812 0.060402684563758385
2 0.2753623188405797 0.3098434004474273 0.028985507246376812 0.05145413870246085
2 0.28043478260869564 0.36912751677852346 0.0391304347826087 0.053691275167785234
2 0.31231884057971016 0.3657718120805369 0.02463768115942029 0.04697986577181208
2 0.3079710144927536 0.3098434004474273 0.030434782608695653 0.06487695749440715
2 0.3572463768115942 0.31431767337807603 0.036231884057971016 0.06487695749440715
2 0.7608695652173914 0.4988814317673378 0.12173913043478261 0.39373601789709173
2 0.23695652173913043 0.36465324384787473 0.01884057971014493 0.058165548098434
