0 0.018359375 0.49999999999999994 0.02890625 0.11058823529411764
0 0.033203125 0.49999999999999994 0.025781250000000002 0.0988235294117647
0 0.037500000000000006 0.5111764705882352 0.0203125 0.07647058823529411
0 0.052734375 0.49588235294117644 0.025781250000000002 0.0976470588235294
0 0.058203125 0.5217647058823529 0.013281250000000001 0.05294117647058823
0 0.07734375 0.4941176470588235 0.029687500000000002 0.10823529411764705
0 0.148828125 0.4935294117647058 0.030468750000000003 0.11176470588235293
0 0.21171875 0.48882352941176466 0.026562500000000003 0.09999999999999999
0 0.24453125 0.5011764705882352 0.035937500000000004 0.1341176470588235
0 0.255859375 0.5217647058823529 0.025781250000000002 0.0976470588235294
0 0.2671875 0.4970588235294117 0.037500000000000006 0.1376470588235294
0 0.27968750000000003 0.5176470588235293 0.021875000000000002 0.08470588235294117
0 0.290234375 0.5141176470588235 0.022656250000000003 0.08705882352941176
0 0.3015625 0.5141176470588235 0.025 0.09411764705882353
0 0.33125000000000004 0.48882352941176466 0.03125 0.11411764705882352
0 0.366015625 0.5005882352941176 0.03359375 0.12588235294117647
0 0.38984375000000004 0.5188235294117647 0.029687500000000002 0.11294117647058823
0 0.403125 0.528235294117647 0.026562500000000003 0.09647058823529411
0 0.4234375 0.5205882352941176 0.029687500000000002 0.11176470588235293
0 0.44648437500000004 0.5205882352941176 0.03828125 0.14235294117647057
0 0.465625 0.5394117647058823 0.034375 0.13058823529411764
0 0.48671875000000003 0.5305882352941176 0.035937500000000004 0.1364705882352941
0 0.535546875 0.5052941176470588 0.05390625 0.19882352941176468
0 0.583203125 0.5047058823529411 0.05234375 0.19294117647058823
0 0.6257812500000001 0.5305882352941176 0.0390625 0.14352941176470588
0 0.6156250000000001 0.526470588235294 0.0328125 0.12352941176470587
0 0.64453125 0.536470588235294 0.035937500000000004 0.1341176470588235
0 0.6664062500000001 0.5058823529411764 0.0578125 0.2164705882352941
0 0.6941406250000001 0.5235294117647058 0.03671875 0.1364705882352941
0 0.7078125000000001 0.508235294117647 0.05 0.18352941176470586
0 0.737890625 0.4929411764705882 0.05859375 0.2164705882352941
0 0.761328125 0.5023529411764706 0.055468750000000004 0.20705882352941174
0 0.8074218750000001 0.536470588235294 0.04453125 0.16470588235294117
0 0.962890625 0.49999999999999994 0.07265625 0.27058823529411763
0 0.983984375 0.5411764705882353 0.030468750000000003 0.16705882352941176
0 0.935546875 0.5347058823529411 0.04609375 0.1729411764705882
0 0.9 0.5352941176470588 0.0421875 0.1576470588235294
0 0.84765625 0.5294117647058824 0.0421875 0.1576470588235294
0 0.8757812500000001 0.5005882352941176 0.0625 0.22941176470588234
2 0.79609375 0.4905882352941176 0.010937500000000001 0.06588235294117646
2 0.8304687500000001 0.4970588235294117 0.025 0.08352941176470588
2 0.500390625 0.4417647058823529 0.03359375 0.03411764705882352
2 0.47695312500000003 0.44235294117647056 0.02421875 0.05411764705882353
2 0.455078125 0.4329411764705882 0.014843750000000001 0.039999999999999994
2 0.53828125 0.6141176470588234 0.09531250000000001 0.27058823529411763
2 0.37265625 0.5847058823529411 0.10312500000000001 0.22117647058823528
2 0.37617187500000004 0.43999999999999995 0.025781250000000002 0.04470588235294117
2 0.409765625 0.4717647058823529 0.013281250000000001 0.018823529411764704
2 0.351171875 0.4417647058823529 0.02421875 0.05058823529411764
2 0.31757812500000004 0.4447058823529411 0.022656250000000003 0.042352941176470586
2 0.290234375 0.45117647058823523 0.032031250000000004 0.06470588235294117
2 0.23359375000000002 0.4594117647058823 0.0125 0.0388235294117647
2 0.22187500000000002 0.4529411764705882 0.0125 0.025882352941176467
2 0.193359375 0.45764705882352935 0.01953125 0.04470588235294117
2 0.18046875 0.46058823529411763 0.0328125 0.05529411764705882
2 0.166796875 0.5129411764705882 0.02421875 0.07294117647058823
2 0.11679687500000001 0.5135294117647058 0.014843750000000001 0.045882352941176464
2 0.102734375 0.4976470588235294 0.01953125 0.047058823529411764
2 0.0859375 0.49941176470588233 0.015625 0.04823529411764706
2 0.07109375 0.46117647058823524 0.009375000000000001 0.06117647058823529
2 0.00703125 0.47529411764705876 0.0125 0.07058823529411765
2 0.12812500000000002 0.47235294117647053 0.0234375 0.045882352941176464
2 0.203515625 0.5447058823529412 0.06171875 0.09647058823529411
2 0.221484375 0.5411764705882353 0.022656250000000003 0.07294117647058823
