0 0.06953125 0.6421875 0.1390625 0.6385416666666667
0 0.35546875 0.5526041666666667 0.096875 0.3177083333333333
0 0.40625 0.5333333333333333 0.07968750000000001 0.2625
0 0.46132812500000003 0.565625 0.09765625 0.3208333333333333
0 0.49062500000000003 0.51875 0.0734375 0.23958333333333334
0 0.553125 0.61875 0.1375 0.45
0 0.6687500000000001 0.6635416666666667 0.2 0.6541666666666667
0 0.7429687500000001 0.6015625 0.1375 0.44687499999999997
0 0.794140625 0.5442708333333334 0.07421875 0.24270833333333333
0 0.84140625 0.5546875 0.10625000000000001 0.346875
0 0.8968750000000001 0.6098958333333333 0.15000000000000002 0.490625
0 0.9476562500000001 0.5911458333333334 0.10312500000000001 0.40520833333333334
2 0.1265625 0.3723958333333333 0.060937500000000006 0.10520833333333333
2 0.37929687500000003 0.4359375 0.03828125 0.071875
2 0.819921875 0.5078125 0.055468750000000004 0.159375
2 0.185546875 0.6057291666666667 0.36640625000000004 0.778125
