0 0.925 0.5675 0.08333333333333333 0.30833333333333335
0 0.9638888888888889 0.4916666666666667 0.05 0.18666666666666668
0 0.8605555555555555 0.47000000000000003 0.04111111111111111 0.15333333333333335
0 0.8377777777777777 0.4716666666666667 0.051111111111111114 0.19
0 0.8122222222222222 0.54 0.07555555555555556 0.27666666666666667
0 0.7622222222222222 0.5383333333333333 0.11333333333333333 0.4133333333333334
0 0.6811111111111111 0.5333333333333333 0.08666666666666667 0.32
0 0.7033333333333334 0.5241666666666667 0.07555555555555556 0.2783333333333334
0 0.6238888888888889 0.4741666666666667 0.04555555555555556 0.1716666666666667
0 0.5827777777777777 0.5441666666666667 0.10777777777777778 0.3983333333333334
0 0.46 0.5525 0.09111111111111111 0.335
0 0.3194444444444444 0.5733333333333334 0.10777777777777778 0.39666666666666667
0 0.3672222222222222 0.5366666666666667 0.10333333333333333 0.3766666666666667
0 0.25722222222222224 0.5641666666666667 0.11 0.405
0 0.09222222222222222 0.5425 0.09777777777777778 0.35833333333333334
0 0.02722222222222222 0.4716666666666667 0.03666666666666667 0.1366666666666667
0 0.1438888888888889 0.47750000000000004 0.04777777777777778 0.17833333333333334
0 0.17777777777777778 0.49750000000000005 0.03777777777777778 0.13833333333333334
0 0.19777777777777777 0.4866666666666667 0.044444444444444446 0.16333333333333333
0 0.21444444444444444 0.4841666666666667 0.03777777777777778 0.13833333333333334
2 0.012222222222222223 0.42083333333333334 0.017777777777777778 0.07500000000000001
2 0.013333333333333332 0.5375000000000001 0.02 0.10166666666666667
2 0.02722222222222222 0.5441666666666667 0.023333333333333334 0.085
2 0.05722222222222222 0.5275000000000001 0.034444444444444444 0.07166666666666667
2 0.05277777777777778 0.4141666666666667 0.03222222222222222 0.06166666666666667
2 0.06555555555555556 0.4041666666666667 0.017777777777777778 0.018333333333333333
2 0.08166666666666667 0.4066666666666667 0.03222222222222222 0.043333333333333335
2 0.12777777777777777 0.4083333333333334 0.024444444444444446 0.04
2 0.16444444444444445 0.39666666666666667 0.022222222222222223 0.030000000000000002
2 0.18222222222222223 0.41000000000000003 0.017777777777777778 0.043333333333333335
2 0.185 0.3916666666666667 0.021111111111111112 0.043333333333333335
2 0.21222222222222223 0.395 0.015555555555555555 0.02666666666666667
2 0.20722222222222222 0.41250000000000003 0.01888888888888889 0.04166666666666667
2 0.22833333333333333 0.4066666666666667 0.016666666666666666 0.05
2 0.2833333333333333 0.42083333333333334 0.015555555555555555 0.055
2 0.29055555555555557 0.40750000000000003 0.016666666666666666 0.03833333333333334
2 0.3 0.39 0.02 0.030000000000000002
2 0.38722222222222225 0.3983333333333334 0.014444444444444444 0.03333333333333333
2 0.3972222222222222 0.41750000000000004 0.023333333333333334 0.055
2 0.40555555555555556 0.39916666666666667 0.015555555555555555 0.025
2 0.41555555555555557 0.4191666666666667 0.024444444444444446 0.04833333333333334
2 0.43 0.4025 0.017777777777777778 0.035
2 0.445 0.4216666666666667 0.027777777777777776 0.05666666666666667
2 0.5166666666666667 0.4083333333333334 0.017777777777777778 0.043333333333333335
2 0.5305555555555556 0.4116666666666667 0.021111111111111112 0.03666666666666667
2 0.5488888888888889 0.3716666666666667 0.026666666666666665 0.04666666666666667
2 0.6094444444444445 0.4083333333333334 0.025555555555555557 0.04
2 0.64 0.3925 0.02 0.03166666666666667
2 0.6588888888888889 0.39 0.017777777777777778 0.03666666666666667
2 0.7366666666666667 0.3741666666666667 0.02 0.03833333333333334
2 0.8127777777777778 0.3825 0.027777777777777776 0.04166666666666667
2 0.8 0.3816666666666667 0.011111111111111112 0.03333333333333333
2 0.8566666666666667 0.3666666666666667 0.02 0.030000000000000002
2 0.8888888888888888 0.405 0.03333333333333333 0.08333333333333334
2 0.8972222222222223 0.3725 0.023333333333333334 0.045000000000000005
2 0.9194444444444444 0.3666666666666667 0.027777777777777776 0.05
2 0.9216666666666666 0.37833333333333335 0.025555555555555557 0.043333333333333335
2 0.9527777777777777 0.36333333333333334 0.021111111111111112 0.060000000000000005
2 0.9733333333333334 0.36750000000000005 0.017777777777777778 0.05166666666666667
2 0.9861111111111112 0.37000000000000005 0.016666666666666666 0.07666666666666667
