0 0.22999999999999998 0.42348754448398573 0.044 0.1494661921708185
0 0.2693333333333333 0.4208185053380783 0.048 0.1583629893238434
0 0.19333333333333333 0.43327402135231313 0.048 0.1583629893238434
0 0.18266666666666667 0.4270462633451957 0.048 0.16014234875444838
0 0.15533333333333332 0.43327402135231313 0.05466666666666666 0.1797153024911032
0 0.12866666666666665 0.4306049822064057 0.04666666666666666 0.15658362989323843
0 0.09866666666666667 0.4279359430604982 0.04533333333333333 0.15124555160142347
0 0.029333333333333333 0.4172597864768683 0.03733333333333333 0.12277580071174377
0 0.052 0.42882562277580066 0.04 0.13523131672597863
0 0.292 0.41637010676156583 0.050666666666666665 0.16370106761565836
0 0.3193333333333333 0.4261565836298932 0.06266666666666666 0.20462633451957293
0 0.366 0.41903914590747326 0.06 0.20106761565836298
0 0.4013333333333333 0.4083629893238434 0.042666666666666665 0.14412811387900354
0 0.7326666666666667 0.4056939501779359 0.03333333333333333 0.11387900355871886
2 0.16 0.3487544483985765 0.016 0.02491103202846975
2 0.112 0.35231316725978645 0.010666666666666666 0.028469750889679714
2 0.12266666666666666 0.3505338078291815 0.010666666666666666 0.03914590747330961
2 0.01 0.43238434163701067 0.02 0.12099644128113879
2 0.23666666666666666 0.346085409252669 0.022666666666666665 0.037366548042704624
2 0.24733333333333332 0.3692170818505338 0.030666666666666665 0.04804270462633452
2 0.384 0.3594306049822064 0.026666666666666665 0.07829181494661921
2 0.3873333333333333 0.7055160142348754 0.20933333333333332 0.5604982206405693
2 0.5806666666666667 0.6441281138790035 0.45199999999999996 0.701067615658363
2 0.7833333333333333 0.7064056939501779 0.36133333333333334 0.5551601423487544
