0 0.013829787234042554 0.28400000000000003 0.027659574468085108 0.152
0 0.02446808510638298 0.27440000000000003 0.03617021276595745 0.1328
0 0.05106382978723405 0.2912 0.04893617021276596 0.1824
0 0.08351063829787234 0.3176 0.04574468085106383 0.168
0 0.12925531914893618 0.2896 0.05 0.1824
0 0.1803191489361702 0.336 0.05851063829787234 0.21760000000000002
0 0.20319148936170214 0.2896 0.04893617021276596 0.18560000000000001
0 0.23031914893617023 0.28240000000000004 0.047872340425531915 0.1744
0 0.2696808510638298 0.28240000000000004 0.047872340425531915 0.18080000000000002
0 0.29095744680851066 0.33440000000000003 0.06489361702127659 0.24000000000000002
0 0.3079787234042553 0.2752 0.05638297872340425 0.20800000000000002
0 0.3617021276595745 0.27440000000000003 0.05319148936170213 0.1968
0 0.40106382978723404 0.3352 0.06170212765957447 0.232
0 0.38138297872340426 0.272 0.052127659574468084 0.1952
0 0.4569148936170213 0.2752 0.05 0.1888
0 0.4319148936170213 0.2576 0.03829787234042553 0.1408
0 0.48404255319148937 0.25680000000000003 0.05319148936170213 0.2
0 0.522340425531915 0.32880000000000004 0.07021276595744681 0.26080000000000003
0 0.5478723404255319 0.26080000000000003 0.055319148936170216 0.2016
0 0.5776595744680851 0.25120000000000003 0.04893617021276596 0.1792
0 0.6696808510638298 0.33280000000000004 0.06489361702127659 0.24000000000000002
0 0.6446808510638298 0.272 0.06808510638297872 0.24960000000000002
0 0.6968085106382979 0.2664 0.04468085106382979 0.168
0 0.8473404255319149 0.2472 0.047872340425531915 0.1776
0 0.8085106382978724 0.5352 0.11914893617021277 0.44320000000000004
2 0.05 0.5632 0.09787234042553192 0.17600000000000002
2 0.05425531914893617 0.6 0.07021276595744681 0.192
2 0.11542553191489362 0.7584000000000001 0.2223404255319149 0.128
2 0.12819148936170213 0.788 0.21170212765957447 0.27040000000000003
2 0.33351063829787236 0.7408 0.18617021276595744 0.192
2 0.2122340425531915 0.636 0.17553191489361702 0.2576
2 0.1579787234042553 0.6792 0.12021276595744682 0.20320000000000002
2 0.44840425531914896 0.6096 0.13085106382978723 0.24960000000000002
2 0.49361702127659574 0.6672 0.20638297872340425 0.2592
2 0.5351063829787234 0.5392 0.09361702127659574 0.2592
2 0.5478723404255319 0.8216 0.1702127659574468 0.2864
2 0.6691489361702128 0.5112 0.1446808510638298 0.312
2 0.8553191489361702 0.7008 0.13617021276595745 0.23040000000000002
2 0.9196808510638298 0.7584000000000001 0.15638297872340426 0.2944
2 0.8872340425531915 0.5128 0.13191489361702127 0.3312
2 0.9255319148936171 0.41440000000000005 0.1425531914893617 0.3392
2 0.0675531914893617 0.4016 0.05425531914893617 0.15360000000000001
2 0.8143617021276596 0.25520000000000004 0.035106382978723406 0.1264
2 0.7851063829787234 0.2592 0.02127659574468085 0.13440000000000002
2 0.7617021276595745 0.2432 0.027659574468085108 0.08320000000000001
2 0.7414893617021276 0.23520000000000002 0.03404255319148936 0.07680000000000001
2 0.8787234042553191 0.26 0.0425531914893617 0.13920000000000002
2 0.875 0.1776 0.026595744680851064 0.041600000000000005
2 0.9127659574468086 0.16240000000000002 0.023404255319148935 0.0656
2 0.9468085106382979 0.1744 0.025531914893617023 0.057600000000000005
2 0.9670212765957447 0.168 0.03829787234042553 0.057600000000000005
2 0.9877659574468085 0.18960000000000002 0.022340425531914895 0.0816
2 0.8329787234042554 0.1784 0.027659574468085108 0.046400000000000004
2 0.7675531914893617 0.1512 0.02021276595744681 0.0368
2 0.749468085106383 0.1648 0.02446808510638298 0.038400000000000004
2 0.7271276595744681 0.1688 0.022340425531914895 0.056
2 0.6925531914893617 0.1632 0.02127659574468085 0.054400000000000004
2 0.5574468085106383 0.1904 0.023404255319148935 0.0512
2 0.15106382978723404 0.216 0.025531914893617023 0.032
2 0.08085106382978724 0.2136 0.01702127659574468 0.046400000000000004
2 0.1 0.2 0.027659574468085108 0.06720000000000001
2 0.16861702127659575 0.20400000000000001 0.018085106382978725 0.027200000000000002
4 0.30106382978723406 0.0864 0.6 0.1696
4 0.7973404255319149 0.0728 0.3904255319148936 0.1424
