0 0.03133333333333333 0.2900355871886121 0.06266666666666666 0.24911032028469748
0 0.054 0.298932384341637 0.08399999999999999 0.27402135231316727
0 0.086 0.25622775800711745 0.044 0.1494661921708185
0 0.142 0.27402135231316727 0.06 0.19572953736654802
0 0.18 0.2695729537366548 0.06133333333333333 0.20106761565836298
0 0.254 0.5160142348754448 0.28933333333333333 0.9430604982206405
0 0.372 0.33985765124555156 0.11466666666666667 0.3736654804270462
0 0.424 0.3291814946619217 0.11466666666666667 0.37722419928825623
0 0.48533333333333334 0.48042704626334515 0.224 0.7295373665480427
0 0.5833333333333333 0.25088967971530246 0.05733333333333333 0.19217081850533807
0 0.6013333333333333 0.25266903914590744 0.056 0.18861209964412812
0 0.646 0.251779359430605 0.06533333333333333 0.21530249110320285
0 0.6766666666666666 0.23398576512455516 0.04666666666666666 0.15124555160142347
0 0.8013333333333333 0.27313167259786475 0.06666666666666667 0.22241992882562275
0 0.7666666666666666 0.25355871886120995 0.06666666666666667 0.22241992882562275
0 0.8886666666666666 0.2597864768683274 0.06799999999999999 0.22064056939501778
0 0.8626666666666667 0.26512455516014233 0.06933333333333333 0.22419928825622776
0 0.9713333333333333 0.3060498220640569 0.05466666666666666 0.32028469750889677
0 0.952 0.23932384341637009 0.05333333333333333 0.17259786476868327
2 0.324 0.19483985765124553 0.021333333333333333 0.07651245551601422
2 0.7786666666666666 0.19395017793594305 0.048 0.11743772241992882
2 0.8353333333333333 0.21085409252669038 0.036 0.08718861209964412
