0 0.26583333333333337 0.68 0.13166666666666668 0.48
0 0.4166666666666667 0.74625 0.13333333333333333 0.4875
0 0.8091666666666667 0.7212500000000001 0.14833333333333334 0.5475
0 0.5833333333333334 0.58 0.06666666666666667 0.245
0 0.4991666666666667 0.6900000000000001 0.09833333333333334 0.365
0 0.52 0.54125 0.060000000000000005 0.2275
0 0.6316666666666667 0.51 0.02666666666666667 0.1
0 0.6525000000000001 0.50125 0.03833333333333334 0.14250000000000002
0 0.6641666666666667 0.5275 0.03166666666666667 0.125
0 0.7075 0.5175 0.03833333333333334 0.14
0 0.7333333333333334 0.52125 0.03666666666666667 0.1375
0 0.6958333333333334 0.4625 0.018333333333333333 0.075
0 0.6133333333333334 0.52 0.02 0.08
0 0.6725000000000001 0.5025000000000001 0.028333333333333335 0.11
0 0.7608333333333334 0.5337500000000001 0.03833333333333334 0.1475
2 0.42500000000000004 0.43875000000000003 0.07666666666666667 0.1325
