0 0.535625 0.6763527054108216 0.16125 0.6312625250501002
0 0.435625 0.4488977955911823 0.07625 0.3006012024048096
0 0.3375 0.4899799599198396 0.08750000000000001 0.3426853707414829
0 0.7325 0.48697394789579157 0.0825 0.32064128256513025
0 0.92125 0.6012024048096192 0.125 0.4889779559118236
0 0.9812500000000001 0.33266533066132264 0.035 0.1402805611222445
0 0.954375 0.33767535070140275 0.02875 0.11823647294589178
2 0.045 0.44388777555110215 0.0575 0.13827655310621242
2 0.053125 0.3917835671342685 0.04125 0.06613226452905811
2 0.033125 0.36472945891783565 0.02625 0.044088176352705406
2 0.016875 0.3547094188376753 0.01625 0.03607214428857715
2 0.006875 0.4488977955911823 0.01375 0.13627254509018036
2 0.0525 0.30861723446893785 0.0225 0.04008016032064128
2 0.03625 0.3276553106212425 0.02 0.04609218436873747
2 0.01625 0.32665330661322645 0.0225 0.04008016032064128
2 0.06125 0.35270541082164325 0.02 0.044088176352705406
2 0.075625 0.37374749498997994 0.02125 0.038076152304609215
2 0.10375000000000001 0.4418837675350701 0.06 0.13026052104208416
2 0.12125 0.3697394789579158 0.0325 0.05410821643286573
2 0.109375 0.35571142284569135 0.02125 0.03406813627254509
2 0.09375 0.344689378757515 0.0325 0.044088176352705406
2 0.07 0.32064128256513025 0.0225 0.04008016032064128
2 0.12625 0.312625250501002 0.0225 0.044088176352705406
2 0.125 0.3356713426853707 0.0175 0.04208416833667334
2 0.160625 0.4228456913827655 0.05625 0.15230460921843686
2 0.29625 0.42084168336673344 0.03 0.11623246492985971
2 0.281875 0.3577154308617234 0.02375 0.038076152304609215
2 0.25375000000000003 0.3256513026052104 0.0225 0.038076152304609215
2 0.24 0.313627254509018 0.025 0.04609218436873747
2 0.215 0.3356713426853707 0.025 0.038076152304609215
2 0.218125 0.31162324649298595 0.01625 0.022044088176352703
2 0.36375 0.3917835671342685 0.03 0.10220440881763526
2 0.37 0.3567134268537074 0.02 0.06012024048096192
2 0.418125 0.39679358717434865 0.03125 0.10821643286573146
2 0.401875 0.375751503006012 0.03375 0.08216432865731463
2 0.498125 0.3837675350701403 0.03875 0.08216432865731463
2 0.468125 0.3987975951903807 0.03625 0.11222444889779558
2 0.5493750000000001 0.3396793587174348 0.01625 0.03406813627254509
2 0.561875 0.3697394789579158 0.02375 0.03006012024048096
2 0.606875 0.3837675350701403 0.02875 0.09018036072144288
2 0.63625 0.3787575150300601 0.025 0.09218436873747494
2 0.665 0.3817635270541082 0.0275 0.09018036072144288
2 0.76625 0.3837675350701403 0.045 0.09819639278557113
2 0.8043750000000001 0.3687374749498998 0.03625 0.07615230460921843
2 0.84 0.36172344689378755 0.0425 0.08216432865731463
2 0.7368750000000001 0.2855711422845691 0.01625 0.058116232464929855
2 0.75625 0.30561122244488975 0.015 0.03006012024048096
2 0.790625 0.3046092184368737 0.01375 0.04008016032064128
2 0.808125 0.3106212424849699 0.02125 0.052104208416833664
2 0.8175 0.29959919839679355 0.0175 0.04609218436873747
2 0.84375 0.2975951903807615 0.0175 0.04208416833667334
2 0.915625 0.3046092184368737 0.01625 0.08416833667334668
2 0.680625 0.31462925851703405 0.02625 0.03607214428857715
2 0.670625 0.3226452905811623 0.01375 0.028056112224448895
2 0.6875 0.3486973947895791 0.015 0.04008016032064128
2 0.57875 0.2895791583166332 0.0175 0.03006012024048096
2 0.64875 0.27955911823647295 0.0225 0.03406813627254509
2 0.69125 0.282565130260521 0.0175 0.028056112224448895
2 0.5425 0.31162324649298595 0.0175 0.03006012024048096
2 0.506875 0.2885771543086172 0.01125 0.028056112224448895
2 0.51625 0.281563126252505 0.0175 0.014028056112224447
2 0.5275 0.3036072144288577 0.0125 0.022044088176352703
2 0.886875 0.33466933867735466 0.03625 0.06813627254509018
4 0.21375 0.30561122244488975 0.14 0.08617234468937875
4 0.39687500000000003 0.2945891783567134 0.20625000000000002 0.06412825651302605
