0 0.028333333333333335 0.46555555555555556 0.05666666666666667 0.20222222222222222
0 0.03916666666666667 0.4711111111111111 0.055 0.18222222222222223
0 0.06833333333333334 0.48 0.05333333333333334 0.17777777777777778
0 0.08916666666666667 0.45666666666666667 0.058333333333333334 0.19333333333333333
0 0.11333333333333334 0.45 0.060000000000000005 0.19333333333333333
0 0.13583333333333333 0.4988888888888889 0.07833333333333334 0.26
0 0.20583333333333334 0.4577777777777778 0.04833333333333334 0.16
0 0.24083333333333334 0.47555555555555556 0.045000000000000005 0.1511111111111111
0 0.35333333333333333 0.4477777777777778 0.04 0.13555555555555557
0 0.39916666666666667 0.5033333333333333 0.065 0.2111111111111111
0 0.5541666666666667 0.5011111111111111 0.06833333333333334 0.22444444444444445
0 0.6825 0.3977777777777778 0.021666666666666667 0.07555555555555556
0 0.6533333333333333 0.4111111111111111 0.023333333333333334 0.07555555555555556
0 0.665 0.40555555555555556 0.02 0.06444444444444444
0 0.7166666666666667 0.4022222222222222 0.02 0.06666666666666667
0 0.7008333333333334 0.4077777777777778 0.015000000000000001 0.04666666666666667
0 0.7558333333333334 0.41 0.028333333333333335 0.09111111111111111
0 0.8266666666666668 0.4822222222222222 0.043333333333333335 0.14222222222222222
0 0.8758333333333334 0.5066666666666667 0.07833333333333334 0.25333333333333335
0 0.8275 0.4066666666666667 0.021666666666666667 0.07555555555555556
0 0.9408333333333334 0.4066666666666667 0.018333333333333333 0.06666666666666667
0 0.8991666666666667 0.40444444444444444 0.018333333333333333 0.06222222222222222
0 0.9600000000000001 0.4022222222222222 0.02 0.06666666666666667
0 0.7325 0.4122222222222222 0.015000000000000001 0.05555555555555555
2 0.17916666666666667 0.43444444444444447 0.021666666666666667 0.051111111111111114
2 0.06416666666666668 0.3877777777777778 0.021666666666666667 0.05555555555555555
2 0.13333333333333333 0.31777777777777777 0.023333333333333334 0.08
2 0.48750000000000004 0.43222222222222223 0.018333333333333333 0.07333333333333333
2 0.26583333333333337 0.4288888888888889 0.018333333333333333 0.03111111111111111
2 0.2541666666666667 0.4222222222222222 0.011666666666666667 0.026666666666666665
2 0.2758333333333334 0.44666666666666666 0.015000000000000001 0.04888888888888889
2 0.5741666666666667 0.4066666666666667 0.018333333333333333 0.057777777777777775
2 0.5991666666666667 0.4211111111111111 0.018333333333333333 0.08666666666666667
2 0.6275000000000001 0.4177777777777778 0.021666666666666667 0.057777777777777775
2 0.6833333333333333 0.3411111111111111 0.02666666666666667 0.04666666666666667
3 0.17833333333333334 0.21222222222222223 0.02666666666666667 0.09555555555555556
3 0.22 0.23333333333333334 0.023333333333333334 0.10222222222222223
3 0.20500000000000002 0.20222222222222222 0.030000000000000002 0.10666666666666666
4 0.5908333333333333 0.29555555555555557 0.10500000000000001 0.05333333333333333
4 0.4941666666666667 0.2777777777777778 0.08166666666666667 0.04
