0 0.03384279475982532 0.5844594594594595 0.06768558951965065 0.35135135135135137
0 0.06331877729257641 0.5760135135135136 0.09606986899563319 0.3614864864864865
0 0.11135371179039301 0.5709459459459459 0.10917030567685589 0.41216216216216217
0 0.1965065502183406 0.5945945945945946 0.11353711790393012 0.43243243243243246
0 0.2565502183406113 0.5945945945945946 0.12008733624454147 0.46621621621621623
0 0.35917030567685587 0.6081081081081081 0.13755458515283842 0.5202702702702703
0 0.46288209606986896 0.6148648648648649 0.148471615720524 0.5608108108108109
0 0.5447598253275109 0.6114864864864865 0.14628820960698688 0.5608108108108109
0 0.631004366812227 0.6368243243243243 0.16593886462882096 0.625
0 0.7216157205240175 0.6368243243243243 0.15065502183406113 0.5777027027027027
0 0.8406113537117903 0.6435810810810811 0.17903930131004367 0.6858108108108109
0 0.9192139737991266 0.6655405405405406 0.15720524017467247 0.6013513513513514
0 0.9497816593886462 0.6722972972972974 0.09606986899563319 0.6418918918918919
0 0.42139737991266374 0.5912162162162162 0.13100436681222707 0.49324324324324326
0 0.1648471615720524 0.5760135135135136 0.0982532751091703 0.3817567567567568
2 0.3951965065502183 0.41216216216216217 0.043668122270742356 0.0945945945945946
2 0.2903930131004367 0.41722972972972977 0.034934497816593885 0.07770270270270271
2 0.22707423580786024 0.41216216216216217 0.034934497816593885 0.060810810810810814
2 0.7685589519650655 0.4070945945945946 0.05240174672489083 0.10472972972972974
2 0.806768558951965 0.3800675675675676 0.02838427947598253 0.07094594594594594
2 0.8864628820960698 0.3631756756756757 0.03930131004366812 0.08445945945945946
2 0.9606986899563318 0.35472972972972977 0.048034934497816595 0.08108108108108109
2 0.9497816593886462 0.42905405405405406 0.03056768558951965 0.07432432432432433
2 0.5993449781659388 0.40371621621621623 0.05895196506550218 0.07094594594594594
2 0.5152838427947598 0.41554054054054057 0.03930131004366812 0.060810810810810814
2 0.08733624454148471 0.41216216216216217 0.021834061135371178 0.04054054054054054
2 0.14192139737991266 0.4239864864864865 0.026200873362445413 0.037162162162162164
3 0.07314410480349344 0.32432432432432434 0.06768558951965065 0.10810810810810811
3 0.14301310043668122 0.2939189189189189 0.08515283842794759 0.20270270270270271
3 0.18668122270742357 0.23310810810810811 0.10262008733624453 0.26351351351351354
3 0.296943231441048 0.28716216216216217 0.06986899563318777 0.16216216216216217
3 0.43777292576419213 0.19763513513513514 0.14192139737991266 0.3006756756756757
3 0.935589519650655 0.25844594594594594 0.04585152838427947 0.125
3 0.9126637554585152 0.24831081081081083 0.026200873362445413 0.13175675675675677
3 0.9028384279475982 0.2043918918918919 0.02838427947598253 0.11148648648648649
