0 0.1178082191780822 0.7232905982905984 0.1178082191780822 0.4551282051282052
0 0.09931506849315068 0.5085470085470086 0.06986301369863014 0.26495726495726496
0 0.16164383561643836 0.3728632478632479 0.06027397260273973 0.23290598290598294
0 0.27123287671232876 0.34829059829059833 0.0684931506849315 0.26495726495726496
0 0.3061643835616438 0.2574786324786325 0.0589041095890411 0.22863247863247865
0 0.41575342465753423 0.41773504273504275 0.12191780821917808 0.46367521367521375
0 0.5904109589041096 0.6613247863247864 0.1726027397260274 0.6602564102564104
0 0.8369863013698631 0.37500000000000006 0.12054794520547946 0.46367521367521375
0 0.6068493150684932 0.2681623931623932 0.0958904109589041 0.3696581196581197
0 0.7164383561643836 0.2061965811965812 0.07397260273972603 0.2799145299145299
0 0.8006849315068493 0.15705128205128208 0.05342465753424658 0.20726495726495728
0 0.8897260273972603 0.2638888888888889 0.07534246575342465 0.29273504273504275
0 0.915068493150685 0.21153846153846156 0.057534246575342465 0.21794871794871798
0 0.9356164383561644 0.17735042735042736 0.04657534246575343 0.18376068376068377
0 0.13287671232876713 0.33653846153846156 0.0410958904109589 0.155982905982906
0 0.08356164383561644 0.35363247863247865 0.0273972602739726 0.10897435897435899
0 0.10205479452054794 0.3183760683760684 0.026027397260273973 0.0982905982905983
0 0.45 0.16452991452991456 0.04794520547945205 0.18803418803418806
0 0.1815068493150685 0.26495726495726496 0.036986301369863014 0.14102564102564105
0 0.018493150684931507 0.4604700854700855 0.036986301369863014 0.155982905982906
0 0.6315068493150685 0.125 0.038356164383561646 0.15170940170940173
0 0.5294520547945205 0.1762820512820513 0.050684931506849315 0.19871794871794873
0 0.5445205479452054 0.12286324786324787 0.03972602739726028 0.15170940170940173
0 0.5739726027397261 0.06303418803418805 0.019178082191780823 0.0747863247863248
0 0.7431506849315068 0.08760683760683761 0.036986301369863014 0.14102564102564105
0 0.22945205479452055 0.2510683760683761 0.03972602739726028 0.155982905982906
0 0.35547945205479453 0.17521367521367523 0.031506849315068496 0.12393162393162395
0 0.03493150684931507 0.3878205128205129 0.023287671232876714 0.09188034188034189
0 0.21438356164383562 0.21153846153846156 0.02054794520547945 0.08547008547008547
0 0.27465753424657535 0.21153846153846156 0.031506849315068496 0.12393162393162395
0 0.47465753424657536 0.07585470085470086 0.02054794520547945 0.08333333333333334
0 0.4897260273972603 0.07905982905982907 0.02054794520547945 0.07692307692307693
0 0.3993150684931507 0.125 0.026027397260273973 0.10042735042735043
0 0.3835616438356164 0.12286324786324787 0.024657534246575342 0.10042735042735043
2 0.852054794520548 0.06944444444444445 0.030136986301369864 0.06623931623931624
4 0.08972602739726028 0.2745726495726496 0.14931506849315068 0.3525641025641026
4 0.4041095890410959 0.08653846153846155 0.4821917808219178 0.1217948717948718
4 0.8102739726027397 0.0608974358974359 0.363013698630137 0.1217948717948718
