0 0.09875 0.899375 0.060833333333333336 0.1125
0 0.12916666666666668 0.8825000000000001 0.04833333333333334 0.09
0 0.16541666666666668 0.8959375 0.04916666666666667 0.089375
0 0.18708333333333335 0.8996875 0.06416666666666668 0.11937500000000001
0 0.22416666666666668 0.9187500000000001 0.06833333333333334 0.125
0 0.24333333333333335 0.91 0.07 0.13
0 0.2758333333333334 0.9046875 0.055 0.10187500000000001
0 0.29750000000000004 0.9175 0.06166666666666667 0.1125
0 0.3225 0.89375 0.03833333333333334 0.07
0 0.33333333333333337 0.8996875 0.045000000000000005 0.083125
0 0.36500000000000005 0.9134375 0.06166666666666667 0.113125
0 0.4345833333333334 0.9137500000000001 0.0575 0.1075
0 0.4166666666666667 0.8896875 0.045000000000000005 0.084375
0 0.48625 0.915625 0.06916666666666667 0.12875
0 0.4591666666666667 0.9109375000000001 0.05333333333333334 0.099375
0 0.5295833333333334 0.92125 0.08416666666666667 0.15625
0 0.5745833333333333 0.9090625 0.0625 0.114375
0 0.6095833333333334 0.91 0.0625 0.11375
0 0.64625 0.9159375000000001 0.06583333333333334 0.121875
0 0.6737500000000001 0.9237500000000001 0.07416666666666667 0.13625
0 0.6841666666666667 0.9078125 0.060000000000000005 0.110625
0 0.7229166666666668 0.9109375000000001 0.06916666666666667 0.12687500000000002
0 0.775 0.9121875 0.07666666666666667 0.140625
0 0.8025000000000001 0.918125 0.07666666666666667 0.14250000000000002
0 0.8416666666666667 0.90375 0.07333333333333333 0.13375
0 0.9145833333333334 0.925625 0.07916666666666668 0.145
0 0.9604166666666667 0.9221875 0.0775 0.148125
0 0.8875000000000001 0.906875 0.06833333333333334 0.125
0 0.8508333333333334 0.9065625 0.06333333333333334 0.116875
0 0.019583333333333335 0.8621875 0.03916666666666667 0.094375
0 0.015416666666666667 0.86875 0.030833333333333334 0.095
2 0.9737500000000001 0.8509375 0.04583333333333334 0.049375
2 0.98875 0.8553125 0.01916666666666667 0.045625
2 0.4491666666666667 0.85375 0.02666666666666667 0.02875
2 0.4920833333333334 0.84 0.030833333333333334 0.02875
2 0.5554166666666667 0.8646875 0.02416666666666667 0.025625000000000002
2 0.11333333333333334 0.8396875 0.03166666666666667 0.019375
2 0.58375 0.8734375 0.0175 0.041875
2 0.5858333333333333 0.8515625 0.018333333333333333 0.024375
2 0.7004166666666667 0.86875 0.0175 0.02625
