0 0.09166666666666666 0.7786377708978328 0.0375 0.1393188854489164
0 0.12604166666666666 0.6594427244582044 0.01875 0.06811145510835914
0 0.14166666666666666 0.7863777089783283 0.0375 0.13622291021671828
0 0.3125 0.7306501547987616 0.03333333333333333 0.12383900928792571
0 0.3458333333333333 0.760061919504644 0.020833333333333332 0.07739938080495357
0 0.38125 0.8049535603715171 0.041666666666666664 0.15479876160990713
0 0.4354166666666667 0.8095975232198143 0.041666666666666664 0.15170278637770898
0 0.4947916666666667 0.8328173374613004 0.052083333333333336 0.19814241486068113
0 0.453125 0.6764705882352942 0.022916666666666665 0.08359133126934985
0 0.475 0.6795665634674923 0.020833333333333332 0.08359133126934985
0 0.484375 0.6795665634674923 0.022916666666666665 0.08359133126934985
0 0.5166666666666666 0.6811145510835914 0.020833333333333332 0.07430340557275542
0 0.5395833333333333 0.6826625386996904 0.025 0.08978328173374614
0 0.6645833333333333 0.6857585139318886 0.025 0.09597523219814243
0 0.825 0.7213622291021672 0.020833333333333332 0.08668730650154799
0 0.746875 0.6811145510835914 0.022916666666666665 0.0804953560371517
0 0.6479166666666667 0.8436532507739939 0.05416666666666667 0.20123839009287928
2 0.7739583333333333 0.8591331269349846 0.04375 0.08359133126934985
2 0.8072916666666666 0.8622291021671827 0.01875 0.08978328173374614
2 0.8312499999999999 0.8730650154798762 0.05 0.07430340557275542
