0 0.043000000000000003 0.6316666666666667 0.08600000000000001 0.4366666666666667
0 0.132 0.6316666666666667 0.116 0.4766666666666667
0 0.17300000000000001 0.5916666666666667 0.106 0.4366666666666667
0 0.229 0.5783333333333334 0.094 0.38333333333333336
0 0.301 0.6366666666666667 0.17400000000000002 0.7200000000000001
0 0.399 0.6666666666666667 0.122 0.49333333333333335
0 0.431 0.635 0.11 0.4566666666666667
0 0.451 0.5916666666666667 0.106 0.43000000000000005
0 0.527 0.6466666666666667 0.126 0.52
0 0.5700000000000001 0.5850000000000001 0.1 0.4166666666666667
0 0.782 0.6116666666666667 0.18 0.7366666666666667
0 0.9450000000000001 0.6733333333333333 0.106 0.5533333333333333
0 0.921 0.6116666666666667 0.106 0.44333333333333336
0 0.886 0.56 0.092 0.3866666666666667
0 0.075 0.5966666666666667 0.106 0.44
2 0.023 0.3916666666666667 0.038 0.07
2 0.097 0.39666666666666667 0.034 0.08
2 0.223 0.3616666666666667 0.038 0.06333333333333334
2 0.262 0.3816666666666667 0.052000000000000005 0.07
2 0.243 0.3466666666666667 0.03 0.060000000000000005
2 0.259 0.34 0.03 0.04
2 0.34400000000000003 0.385 0.032 0.07666666666666667
2 0.362 0.38 0.024 0.06666666666666667
2 0.37 0.3516666666666667 0.028 0.06333333333333334
2 0.396 0.36500000000000005 0.024 0.05666666666666667
2 0.417 0.3516666666666667 0.03 0.07666666666666667
2 0.432 0.36333333333333334 0.016 0.04
2 0.47200000000000003 0.3916666666666667 0.036000000000000004 0.07666666666666667
2 0.494 0.36333333333333334 0.028 0.05333333333333334
2 0.511 0.3416666666666667 0.03 0.043333333333333335
2 0.528 0.3383333333333334 0.016 0.06333333333333334
2 0.54 0.335 0.02 0.05
2 0.554 0.3216666666666667 0.02 0.043333333333333335
2 0.587 0.375 0.026000000000000002 0.05666666666666667
2 0.603 0.3566666666666667 0.026000000000000002 0.06666666666666667
2 0.615 0.34 0.022 0.05333333333333334
2 0.631 0.34833333333333333 0.014 0.05
2 0.755 0.38 0.046 0.08
2 0.84 0.37000000000000005 0.036000000000000004 0.06666666666666667
2 0.86 0.37333333333333335 0.028 0.06666666666666667
2 0.158 0.38 0.032 0.08
2 0.674 0.34 0.02 0.060000000000000005
4 0.706 0.48000000000000004 0.092 0.4066666666666667
