0 0.273 0.7839999999999999 0.126 0.416
0 0.35000000000000003 0.716 0.1 0.328
0 0.391 0.7026666666666667 0.074 0.24266666666666667
0 0.464 0.6813333333333333 0.07200000000000001 0.23199999999999998
0 0.6960000000000001 0.7733333333333333 0.132 0.432
0 0.662 0.78 0.128 0.41866666666666663
0 0.632 0.7066666666666667 0.096 0.32
0 0.603 0.696 0.09 0.29333333333333333
0 0.834 0.4573333333333333 0.048 0.16266666666666665
0 0.46 0.644 0.076 0.248
0 0.593 0.6679999999999999 0.066 0.216
2 0.28200000000000003 0.44 0.036000000000000004 0.06933333333333333
2 0.326 0.44666666666666666 0.048 0.056
2 0.381 0.44666666666666666 0.042 0.056
2 0.427 0.4493333333333333 0.046 0.050666666666666665
2 0.47200000000000003 0.448 0.044 0.058666666666666666
2 0.519 0.45066666666666666 0.042 0.042666666666666665
2 0.562 0.4453333333333333 0.048 0.058666666666666666
2 0.658 0.4453333333333333 0.044 0.064
2 0.867 0.7879999999999999 0.246 0.41333333333333333
2 0.889 0.5466666666666666 0.162 0.21866666666666665
2 0.79 0.584 0.10400000000000001 0.144
2 0.074 0.7186666666666667 0.148 0.504
2 0.162 0.724 0.128 0.5146666666666666
2 0.23600000000000002 0.7786666666666666 0.10400000000000001 0.416
2 0.376 0.528 0.064 0.10666666666666666
2 0.281 0.5573333333333333 0.042 0.064
2 0.25 0.5559999999999999 0.052000000000000005 0.056
2 0.638 0.504 0.056 0.058666666666666666
