0 0.06808035714285714 0.4742063492063492 0.04241071428571428 0.19444444444444442
0 0.11383928571428571 0.5892857142857143 0.09821428571428571 0.4325396825396825
0 0.2109375 0.501984126984127 0.07366071428571429 0.3214285714285714
0 0.2544642857142857 0.49801587301587297 0.049107142857142856 0.22619047619047616
0 0.31919642857142855 0.46230158730158727 0.04464285714285714 0.19444444444444442
0 0.40513392857142855 0.6746031746031745 0.1450892857142857 0.6349206349206349
0 0.4352678571428571 0.5694444444444444 0.10714285714285714 0.46428571428571425
0 0.515625 0.47619047619047616 0.049107142857142856 0.2222222222222222
0 0.6205357142857143 0.5138888888888888 0.06696428571428571 0.28968253968253965
0 0.7053571428571428 0.5793650793650793 0.09375 0.40476190476190477
0 0.8069196428571428 0.5059523809523809 0.06026785714285714 0.26587301587301587
0 0.9084821428571428 0.5496031746031745 0.09821428571428571 0.4246031746031746
0 0.9553571428571428 0.46428571428571425 0.03125 0.1349206349206349
2 0.8694196428571428 0.4801587301587301 0.033482142857142856 0.07142857142857142
2 0.8515625 0.46825396825396826 0.024553571428571428 0.06349206349206349
2 0.9854910714285714 0.4246031746031746 0.020089285714285712 0.07936507936507936
2 0.13504464285714285 0.4126984126984127 0.02901785714285714 0.07936507936507936
