0 0.778 0.6369047619047619 0.124 0.45238095238095233
0 0.865 0.5952380952380952 0.11800000000000001 0.4345238095238095
0 0.911 0.5550595238095237 0.078 0.28273809523809523
0 0.96 0.5684523809523809 0.076 0.2976190476190476
0 0.838 0.5446428571428571 0.07200000000000001 0.26785714285714285
0 0.8150000000000001 0.5238095238095237 0.078 0.2857142857142857
0 0.973 0.5714285714285714 0.05 0.31547619047619047
0 0.68 0.6681547619047619 0.128 0.4732142857142857
0 0.551 0.6413690476190476 0.11800000000000001 0.4255952380952381
0 0.614 0.5892857142857143 0.1 0.369047619047619
0 0.664 0.5982142857142857 0.108 0.3988095238095238
0 0.447 0.6636904761904762 0.13 0.47023809523809523
0 0.335 0.6116071428571428 0.11 0.40178571428571425
0 0.293 0.5863095238095237 0.106 0.38690476190476186
0 0.234 0.613095238095238 0.088 0.3214285714285714
0 0.203 0.5922619047619048 0.078 0.29166666666666663
0 0.183 0.5803571428571428 0.074 0.2738095238095238
0 0.158 0.5684523809523809 0.076 0.2738095238095238
0 0.133 0.5639880952380952 0.074 0.27678571428571425
0 0.117 0.5595238095238095 0.074 0.26785714285714285
0 0.095 0.5461309523809523 0.07 0.2648809523809524
0 0.075 0.5416666666666666 0.066 0.24404761904761904
0 0.055 0.5282738095238095 0.066 0.2470238095238095
0 0.506 0.5877976190476191 0.08 0.29464285714285715
0 0.484 0.5729166666666666 0.088 0.31845238095238093
0 0.382 0.6026785714285714 0.08 0.29464285714285715
2 0.243 0.40922619047619047 0.03 0.050595238095238096
2 0.23600000000000002 0.40773809523809523 0.032 0.041666666666666664
2 0.177 0.41369047619047616 0.022 0.02976190476190476
2 0.16 0.42410714285714285 0.028 0.050595238095238096
2 0.128 0.40922619047619047 0.02 0.03273809523809523
2 0.114 0.40476190476190477 0.02 0.02976190476190476
2 0.20400000000000001 0.43303571428571425 0.024 0.03273809523809523
2 0.269 0.41220238095238093 0.026000000000000002 0.04464285714285714
2 0.28800000000000003 0.4032738095238095 0.04 0.06845238095238095
2 0.319 0.41815476190476186 0.026000000000000002 0.04464285714285714
2 0.327 0.38541666666666663 0.026000000000000002 0.04464285714285714
2 0.357 0.37351190476190477 0.038 0.03273809523809523
2 0.395 0.44940476190476186 0.046 0.05357142857142857
2 0.362 0.4107142857142857 0.028 0.047619047619047616
2 0.59 0.45982142857142855 0.024 0.04464285714285714
2 0.748 0.43898809523809523 0.028 0.0625
2 0.78 0.3794642857142857 0.024 0.050595238095238096
2 0.84 0.39285714285714285 0.02 0.047619047619047616
2 0.863 0.37648809523809523 0.03 0.03869047619047619
2 0.92 0.3794642857142857 0.02 0.04464285714285714
2 0.901 0.36607142857142855 0.026000000000000002 0.03571428571428571
2 0.798 0.41815476190476186 0.028 0.05654761904761904
2 0.986 0.4032738095238095 0.02 0.050595238095238096
2 0.9550000000000001 0.3958333333333333 0.022 0.041666666666666664
2 0.9570000000000001 0.3645833333333333 0.018000000000000002 0.03869047619047619
2 0.258 0.462797619047619 0.032 0.05654761904761904
2 0.899 0.4464285714285714 0.034 0.08928571428571427
4 0.165 0.3943452380952381 0.322 0.12202380952380952
4 0.8130000000000001 0.3645833333333333 0.23800000000000002 0.12797619047619047
