0 0.022 0.5738095238095239 0.044 0.3190476190476191
0 0.08133333333333333 0.5785714285714286 0.09333333333333332 0.40952380952380957
0 0.16333333333333333 0.5714285714285715 0.08399999999999999 0.3666666666666667
0 0.26266666666666666 0.5416666666666667 0.09066666666666666 0.4023809523809524
0 0.32066666666666666 0.55 0.092 0.4
0 0.374 0.5511904761904762 0.09999999999999999 0.4357142857142858
0 0.44066666666666665 0.5511904761904762 0.09999999999999999 0.4357142857142858
0 0.49133333333333334 0.5761904761904763 0.09999999999999999 0.43333333333333335
0 0.5506666666666666 0.5785714285714286 0.10933333333333332 0.4761904761904762
0 0.6306666666666666 0.580952380952381 0.112 0.48571428571428577
0 0.7086666666666667 0.5702380952380953 0.12666666666666665 0.55
0 0.7859999999999999 0.6047619047619048 0.12133333333333333 0.5285714285714286
0 0.8993333333333333 0.5773809523809524 0.14533333333333334 0.6404761904761905
2 0.19666666666666666 0.567857142857143 0.07866666666666666 0.22619047619047622
2 0.11333333333333333 0.6000000000000001 0.042666666666666665 0.24285714285714288
