0 0.053125000000000006 0.4048611111111111 0.0546875 0.23750000000000002
0 0.12460937500000001 0.4354166666666667 0.06015625 0.25972222222222224
0 0.187890625 0.4965277777777778 0.18046875 0.7819444444444444
0 0.3875 0.4666666666666667 0.15000000000000002 0.65
0 0.534375 0.4652777777777778 0.1328125 0.5750000000000001
0 0.589453125 0.5437500000000001 0.17421875 0.7597222222222223
0 0.646484375 0.48680555555555555 0.10234375000000001 0.4486111111111111
0 0.696484375 0.513888888888889 0.14453125 0.6305555555555555
0 0.77734375 0.5256944444444445 0.115625 0.5013888888888889
0 0.735546875 0.5125000000000001 0.07265625 0.31666666666666665
0 0.84921875 0.5194444444444445 0.1015625 0.4416666666666667
0 0.952734375 0.5006944444444444 0.05234375 0.22916666666666669
0 0.8828125 0.5201388888888889 0.08281250000000001 0.3597222222222222
0 0.8140625 0.48541666666666666 0.021875000000000002 0.09861111111111112
0 0.833203125 0.4881944444444445 0.017968750000000002 0.07916666666666666
2 0.9144531250000001 0.5090277777777777 0.014843750000000001 0.0375
2 0.23789062500000002 0.4763888888888889 0.02734375 0.08611111111111111
2 0.24453125 0.3979166666666667 0.0203125 0.05416666666666667
2 0.263671875 0.47708333333333336 0.02109375 0.08194444444444444
2 0.28984375 0.48125 0.037500000000000006 0.10138888888888889
2 0.29609375 0.4604166666666667 0.009375000000000001 0.029166666666666667
2 0.31171875000000004 0.4840277777777778 0.021875000000000002 0.0763888888888889
2 0.3296875 0.5 0.028125 0.06666666666666667
2 0.4375 0.4979166666666667 0.0328125 0.06805555555555556
2 0.471484375 0.49097222222222225 0.02421875 0.07916666666666666
2 0.491796875 0.49236111111111114 0.01640625 0.06527777777777778
2 0.43007812500000003 0.45208333333333334 0.014843750000000001 0.02638888888888889
4 0.1953125 0.41458333333333336 0.38906250000000003 0.13194444444444445
4 0.45039062500000004 0.4361111111111111 0.12734375 0.08888888888888889
4 0.784375 0.45208333333333334 0.33125000000000004 0.12083333333333333
