0 0.023404255319148935 0.4184397163120568 0.04680851063829787 0.2695035460992908
0 0.06276595744680852 0.08156028368794327 0.05106382978723405 0.16312056737588654
0 0.04148936170212766 0.06524822695035462 0.03829787234042553 0.12765957446808512
0 0.12393617021276596 0.07304964539007093 0.04574468085106383 0.14609929078014186
0 0.08404255319148936 0.06879432624113475 0.0425531914893617 0.1375886524822695
0 0.16436170212765958 0.08014184397163121 0.052127659574468084 0.16028368794326242
0 0.20106382978723406 0.1269503546099291 0.055319148936170216 0.18297872340425533
0 0.2797872340425532 0.08936170212765958 0.055319148936170216 0.17872340425531916
0 0.29414893617021276 0.14184397163120568 0.05851063829787234 0.19007092198581563
0 0.4898936170212766 0.11702127659574468 0.06276595744680852 0.20283687943262413
0 0.5345744680851064 0.12907801418439718 0.05638297872340425 0.1843971631205674
0 0.4367021276595745 0.10283687943262412 0.022340425531914895 0.07801418439716312
0 0.04734042553191489 0.3673758865248227 0.0797872340425532 0.2609929078014185
0 0.10478723404255319 0.41276595744680855 0.08191489361702128 0.26666666666666666
0 0.11861702127659575 0.3716312056737589 0.0797872340425532 0.26382978723404255
0 0.14574468085106385 0.31134751773049646 0.06808510638297872 0.22269503546099292
0 0.16117021276595744 0.3411347517730497 0.06702127659574468 0.2170212765957447
0 0.18351063829787234 0.4638297872340426 0.0925531914893617 0.3007092198581561
0 0.19627659574468084 0.4368794326241135 0.08191489361702128 0.26666666666666666
0 0.23297872340425532 0.474468085106383 0.06595744680851064 0.2198581560283688
0 0.298936170212766 0.5716312056737589 0.08723404255319149 0.28368794326241137
0 0.3372340425531915 0.5276595744680851 0.09148936170212767 0.3007092198581561
0 0.2877659574468085 0.39787234042553193 0.07127659574468086 0.23687943262411348
0 0.3425531914893617 0.38014184397163125 0.07021276595744681 0.2269503546099291
0 0.3941489361702128 0.33333333333333337 0.07340425531914893 0.24113475177304966
0 0.44255319148936173 0.3049645390070922 0.07446808510638298 0.24113475177304966
0 0.4702127659574468 0.3269503546099291 0.07659574468085106 0.2539007092198582
0 0.49946808510638296 0.3361702127659575 0.07765957446808511 0.25248226950354613
0 0.5170212765957447 0.373758865248227 0.059574468085106386 0.1971631205673759
0 0.5803191489361702 0.33333333333333337 0.0797872340425532 0.2609929078014185
0 0.6345744680851064 0.35319148936170214 0.07127659574468086 0.23546099290780143
0 0.6856382978723404 0.36028368794326243 0.08191489361702128 0.26666666666666666
0 0.6632978723404256 0.3191489361702128 0.07340425531914893 0.23829787234042554
0 0.725 0.3148936170212766 0.07765957446808511 0.25248226950354613
0 0.7627659574468085 0.36099290780141846 0.07659574468085106 0.2539007092198582
0 0.7813829787234042 0.3312056737588653 0.0797872340425532 0.2595744680851064
0 0.8765957446808511 0.36312056737588655 0.07659574468085106 0.249645390070922
0 0.9010638297872341 0.6836879432624114 0.10425531914893617 0.34042553191489366
0 0.9351063829787234 0.6680851063829788 0.09574468085106383 0.3120567375886525
0 0.7164893617021276 0.7609929078014185 0.11808510638297873 0.3872340425531915
0 0.4973404255319149 0.648936170212766 0.10106382978723405 0.33333333333333337
0 0.3851063829787234 0.7453900709219858 0.09787234042553192 0.3191489361702128
0 0.38085106382978723 0.6574468085106383 0.09787234042553192 0.3219858156028369
0 0.2893617021276596 0.7858156028368795 0.10851063829787234 0.3546099290780142
0 0.17180851063829788 0.8134751773049645 0.10531914893617021 0.3475177304964539
0 0.5893617021276596 0.13049645390070924 0.05319148936170213 0.17588652482269504
0 0.573936170212766 0.12056737588652483 0.052127659574468084 0.17021276595744683
0 0.6101063829787234 0.17163120567375886 0.052127659574468084 0.17021276595744683
0 0.6335106382978724 0.14822695035460995 0.052127659574468084 0.17163120567375886
0 0.6771276595744681 0.17659574468085107 0.05638297872340425 0.18581560283687945
0 0.723936170212766 0.19361702127659575 0.05638297872340425 0.18865248226950357
0 0.7585106382978724 0.18865248226950357 0.055319148936170216 0.1843971631205674
0 0.7978723404255319 0.15886524822695036 0.059574468085106386 0.19290780141843972
0 0.8308510638297872 0.18581560283687945 0.06808510638297872 0.22127659574468087
0 0.8196808510638298 0.16382978723404257 0.06276595744680852 0.20283687943262413
0 0.8643617021276596 0.16666666666666669 0.07553191489361702 0.24539007092198584
0 0.8670212765957447 0.2964539007092199 0.07446808510638298 0.24397163120567378
0 0.9106382978723404 0.33333333333333337 0.07446808510638298 0.24397163120567378
0 0.9138297872340426 0.47304964539007094 0.07872340425531915 0.2567375886524823
0 0.9632978723404255 0.4368794326241135 0.07127659574468086 0.26666666666666666
0 0.9430851063829787 0.3765957446808511 0.07553191489361702 0.24539007092198584
0 0.20319148936170214 0.33758865248226955 0.06595744680851064 0.21560283687943263
0 0.23297872340425532 0.31063829787234043 0.07021276595744681 0.2326241134751773
0 0.26276595744680853 0.30851063829787234 0.07021276595744681 0.23120567375886528
2 0.13882978723404255 0.20992907801418442 0.043617021276595745 0.07092198581560284
2 0.31382978723404253 0.24539007092198584 0.03829787234042553 0.0624113475177305
2 0.34414893617021275 0.20496453900709222 0.04148936170212766 0.06666666666666667
2 0.36808510638297876 0.11843971631205674 0.0425531914893617 0.07801418439716312
2 0.42819148936170215 0.18014184397163122 0.030851063829787233 0.08510638297872342
2 0.7063829787234043 0.08439716312056739 0.027659574468085108 0.06950354609929078
2 0.7670212765957447 0.08085106382978724 0.031914893617021274 0.056737588652482275
2 0.622872340425532 0.17801418439716313 0.052127659574468084 0.052482269503546106
2 0.9409574468085107 0.23049645390070925 0.035106382978723406 0.04964539007092199
2 0.9579787234042554 0.2517730496453901 0.03297872340425532 0.04964539007092199
2 0.09414893617021276 0.8687943262411348 0.12659574468085105 0.22553191489361704
2 0.09680851063829787 0.9446808510638298 0.10851063829787234 0.1021276595744681
2 0.23085106382978723 0.9510638297872341 0.10425531914893617 0.09503546099290781
2 0.24680851063829787 0.9567375886524824 0.04893617021276596 0.060992907801418444
2 0.373936170212766 0.2269503546099291 0.04574468085106383 0.05106382978723405
2 0.8026595744680851 0.2198581560283688 0.04148936170212766 0.07943262411347518
