0 0.04895833333333333 0.4907407407407407 0.09791666666666667 0.31481481481481477
0 0.16354166666666667 0.5013227513227513 0.09375 0.29894179894179895
0 0.21875 0.4841269841269841 0.1 0.31216931216931215
0 0.2635416666666667 0.5052910052910052 0.09375 0.291005291005291
0 0.30833333333333335 0.4801587301587301 0.09583333333333333 0.29894179894179895
0 0.40520833333333334 0.4880952380952381 0.08541666666666667 0.2671957671957672
0 0.43124999999999997 0.496031746031746 0.08333333333333333 0.2566137566137566
0 0.47291666666666665 0.4880952380952381 0.07916666666666666 0.24603174603174602
0 0.5395833333333333 0.4880952380952381 0.09166666666666666 0.2936507936507936
0 0.5770833333333333 0.4828042328042328 0.1 0.30952380952380953
0 0.6020833333333333 0.4854497354497354 0.09166666666666666 0.283068783068783
0 0.7364583333333333 0.4828042328042328 0.08958333333333333 0.2777777777777778
0 0.7916666666666666 0.4894179894179894 0.07916666666666666 0.24338624338624337
0 0.8645833333333334 0.4880952380952381 0.08333333333333333 0.26190476190476186
0 0.9479166666666666 0.4907407407407407 0.0875 0.2777777777777778
