0 0.09180327868852459 0.7279202279202279 0.10491803278688525 0.44729344729344733
0 0.16885245901639345 0.7222222222222222 0.10163934426229508 0.43019943019943024
0 0.22868852459016392 0.7336182336182336 0.1 0.43019943019943024
0 0.2975409836065574 0.7264957264957266 0.1 0.42165242165242167
0 0.36885245901639346 0.7264957264957266 0.10163934426229508 0.43874643874643876
0 0.430327868852459 0.7264957264957266 0.09672131147540984 0.4102564102564103
0 0.4713114754098361 0.7279202279202279 0.09344262295081968 0.396011396011396
0 0.5319672131147541 0.7150997150997151 0.09016393442622951 0.3931623931623932
0 0.5770491803278689 0.7165242165242166 0.08852459016393442 0.38461538461538464
0 0.6360655737704918 0.7065527065527066 0.09180327868852459 0.3874643874643875
0 0.7073770491803278 0.6994301994301995 0.09344262295081968 0.4017094017094017
0 0.7770491803278688 0.7094017094017094 0.09508196721311475 0.4102564102564103
0 0.8549180327868853 0.707977207977208 0.09672131147540984 0.40740740740740744
0 0.930327868852459 0.7065527065527066 0.09672131147540984 0.4102564102564103
