0 0.20374015748031496 0.5762032085561497 0.09645669291338582 0.32887700534759357
0 0.25 0.5655080213903743 0.1062992125984252 0.35026737967914434
0 0.29429133858267714 0.5735294117647058 0.08858267716535433 0.30213903743315507
0 0.3631889763779528 0.5842245989304813 0.08858267716535433 0.30213903743315507
0 0.4360236220472441 0.5909090909090908 0.08464566929133858 0.2834224598930481
0 0.7244094488188977 0.5735294117647058 0.10236220472440945 0.3449197860962567
0 0.5826771653543307 0.5441176470588235 0.08661417322834646 0.29679144385026734
0 0.5236220472440944 0.5574866310160428 0.09448818897637795 0.3181818181818182
0 0.021653543307086614 0.5414438502673796 0.04330708661417323 0.21657754010695185
2 0.25393700787401574 0.6804812834224598 0.12992125984251968 0.21122994652406415
2 0.24507874015748032 0.7192513368983957 0.10039370078740158 0.1497326203208556
2 0.36122047244094485 0.6617647058823529 0.08070866141732283 0.22192513368983957
2 0.4507874015748031 0.6403743315508021 0.09055118110236221 0.24866310160427807
2 0.5492125984251969 0.6483957219251336 0.06692913385826771 0.19518716577540104
2 0.5413385826771654 0.517379679144385 0.07874015748031496 0.12566844919786097
2 0.6594488188976377 0.6510695187165775 0.06692913385826771 0.22192513368983957
2 0.6456692913385826 0.5120320855614973 0.09448818897637795 0.13101604278074866
2 0.3316929133858268 0.42513368983957217 0.05708661417322834 0.1122994652406417
2 0.40846456692913385 0.43983957219251335 0.049212598425196846 0.09358288770053476
2 0.45472440944881887 0.4478609625668449 0.047244094488188976 0.10962566844919786
2 0.7411417322834646 0.6470588235294117 0.07677165354330709 0.24064171122994651
2 0.672244094488189 0.4211229946524064 0.07283464566929133 0.08823529411764705
3 0.11515748031496063 0.5668449197860962 0.1515748031496063 0.4224598930481283
3 0.8011811023622047 0.5494652406417112 0.13385826771653542 0.3609625668449198
3 0.9468503937007874 0.4064171122994652 0.04330708661417323 0.1336898395721925
