0 0.06542056074766354 0.6022044088176353 0.04806408544726302 0.17434869739478956
0 0.12349799732977303 0.5911823647294588 0.0520694259012016 0.19639278557114226
0 0.1515353805073431 0.6002004008016032 0.0520694259012016 0.1943887775551102
0 0.19292389853137515 0.6152304609218436 0.06008010680907877 0.22044088176352702
0 0.2696929238985314 0.6162324649298596 0.04005340453938585 0.1503006012024048
0 0.3197596795727637 0.6402805611222444 0.08945260347129506 0.32665330661322645
0 0.3644859813084112 0.5931863727454909 0.050734312416555405 0.1843687374749499
0 0.4032042723631509 0.6192384769539078 0.07476635514018691 0.2725450901803607
0 0.4979973297730307 0.5751503006012023 0.0267022696929239 0.1002004008016032
0 0.5567423230974633 0.5480961923847695 0.02403204272363151 0.09018036072144288
0 0.7436582109479305 0.5420841683366733 0.018691588785046728 0.07414829659318636
0 0.20627503337783712 0.3507014028056112 0.009345794392523364 0.04008016032064128
0 0.2096128170894526 0.3356713426853707 0.018691588785046728 0.07014028056112225
0 0.22229639519359146 0.3426853707414829 0.017356475300400534 0.06412825651302605
2 0.184913217623498 0.312625250501002 0.020026702269692925 0.04008016032064128
2 0.23698264352469958 0.3166332665330661 0.022696929238985312 0.044088176352705406
2 0.21562082777036048 0.3066132264529058 0.014686248331108143 0.028056112224448895
