0 0.008873456790123456 0.38145639288738353 0.017746913580246913 0.12447078746824725
0 0.02334104938271605 0.37552921253175275 0.02353395061728395 0.12616426756985605
0 0.03607253086419753 0.3725656223539373 0.024305555555555552 0.13039796782387805
0 0.07291666666666666 0.3594411515664691 0.023919753086419752 0.12785774767146485
0 0.06577932098765432 0.5779000846740051 0.0783179012345679 0.4208298052497883
0 0.12229938271604937 0.5626587637595258 0.08179012345679013 0.4394580863674852
0 0.2040895061728395 0.619813717188823 0.08873456790123456 0.4758679085520745
0 0.25848765432098764 0.5863674851820491 0.09104938271604937 0.49026248941574935
0 0.3231095679012346 0.46104995766299744 0.04976851851851852 0.26672311600338694
0 0.35628858024691357 0.4360711261642676 0.05131172839506173 0.2777307366638442
0 0.49787808641975306 0.6075359864521591 0.09375 0.5038103302286198
0 0.5381944444444444 0.5745131244707874 0.09953703703703703 0.5325994919559695
0 0.5588348765432098 0.3966977138018628 0.04282407407407407 0.23116003386960202
0 0.5827546296296297 0.3729889923793395 0.04513888888888889 0.24301439458086366
0 0.710841049382716 0.42506350550381033 0.057484567901234566 0.3082133784928027
0 0.7445987654320987 0.41278577476714645 0.05941358024691358 0.3175275190516511
0 0.8817515432098765 0.6367485182049111 0.10223765432098765 0.550381033022862
0 0.9143518518518517 0.5867908552074513 0.10493827160493827 0.5639288738357324
0 0.9895833333333333 0.27222692633361556 0.020061728395061727 0.11939034716342083
0 0.9768518518518517 0.26926333615580017 0.021604938271604937 0.11854360711261643
0 0.9619984567901234 0.26714648602878915 0.02353395061728395 0.12616426756985605
0 0.9473379629629629 0.2696867061812024 0.022762345679012343 0.12447078746824725
0 0.9324845679012345 0.2713801862828112 0.021604938271604937 0.11769686706181202
0 0.8917824074074073 0.2679932260795935 0.024305555555555552 0.13124470787468248
0 0.9000771604938271 0.27222692633361556 0.020833333333333332 0.1143099068585944
0 0.8728780864197531 0.2811176968670618 0.021219135802469133 0.11685012701100761
0 0.8645833333333333 0.2768839966130398 0.021604938271604937 0.11515664690939881
0 0.8551311728395061 0.2768839966130398 0.02353395061728395 0.12701100762066045
0 0.8433641975308641 0.27900084674005077 0.022376543209876542 0.12108382726502963
0 0.8348765432098765 0.2764606265876376 0.020833333333333332 0.1143099068585944
0 0.8209876543209876 0.2828111769686706 0.019290123456790122 0.10499576629974597
0 0.8134645061728395 0.27561388653683316 0.02044753086419753 0.1126164267569856
0 0.8018904320987654 0.2768839966130398 0.02044753086419753 0.11007620660457239
0 0.7901234567901234 0.281541066892464 0.020833333333333332 0.1143099068585944
0 0.7777777777777777 0.281541066892464 0.019290123456790122 0.10414902624894157
0 0.7658179012345678 0.2798475867908552 0.022376543209876542 0.12277730736663844
0 0.7397762345679012 0.2802709568162574 0.019675925925925923 0.10668924640135478
0 0.7305169753086419 0.27900084674005077 0.01890432098765432 0.10076206604572396
0 0.7110339506172839 0.2785774767146486 0.017746913580246913 0.09652836579170194
0 0.6689814814814814 0.28958509737510585 0.020061728395061727 0.11007620660457239
0 0.6469907407407407 0.29339542760372567 0.018518518518518517 0.09906858594411515
0 0.6556712962962963 0.29297205757832345 0.01890432098765432 0.10160880609652836
0 0.6402391975308641 0.29085520745131244 0.018132716049382713 0.09906858594411515
0 0.6329089506172839 0.29085520745131244 0.01890432098765432 0.10076206604572396
0 0.626736111111111 0.29297205757832345 0.017361111111111112 0.09483488569009314
0 0.6116898148148148 0.29466553767993225 0.019675925925925923 0.10668924640135478
0 0.597608024691358 0.29170194750211687 0.020833333333333332 0.1143099068585944
0 0.46064814814814814 0.31329381879762913 0.016203703703703703 0.08975444538526672
0 0.4751157407407407 0.3090601185436071 0.01890432098765432 0.10330228619813717
0 0.44772376543209874 0.3099068585944115 0.017361111111111112 0.09314140558848433
0 0.4290123456790123 0.3120237087214225 0.017746913580246913 0.09568162574089754
0 0.41454475308641975 0.31541066892464015 0.01890432098765432 0.10076206604572396
0 0.40586419753086417 0.31329381879762913 0.018518518518518517 0.10160880609652836
0 0.39834104938271603 0.3137171888230313 0.019675925925925923 0.10584250635055038
0 0.38618827160493824 0.32091447925486877 0.019290123456790122 0.10499576629974597
0 0.3682484567901234 0.31710414902624895 0.019675925925925923 0.10584250635055038
0 0.3447145061728395 0.31498729889923793 0.019675925925925923 0.10668924640135478
0 0.3315972222222222 0.32345469940728194 0.01890432098765432 0.10330228619813717
0 0.30844907407407407 0.327688399661304 0.019675925925925923 0.10668924640135478
0 0.29475308641975306 0.3365791701947502 0.016975308641975308 0.09229466553767993
0 0.27835648148148145 0.3293818797629128 0.019675925925925923 0.10499576629974597
0 0.25925925925925924 0.3336155800169348 0.017746913580246913 0.09822184589331075
0 0.24768518518518517 0.3310753598645216 0.018518518518518517 0.09991532599491956
0 0.23032407407407407 0.34250635055038103 0.016975308641975308 0.09398814563928873
0 0.21701388888888887 0.32853513971210835 0.01890432098765432 0.10330228619813717
0 0.20003858024691357 0.3420829805249788 0.021219135802469133 0.11515664690939881
0 0.18344907407407407 0.3420829805249788 0.019675925925925923 0.10668924640135478
0 0.1722608024691358 0.348856900931414 0.019675925925925923 0.10668924640135478
0 0.15489969135802467 0.3471634208298052 0.02353395061728395 0.12531752751905165
0 0.140625 0.348856900931414 0.02199074074074074 0.12023708721422523
0 0.1267361111111111 0.3569009314140559 0.02044753086419753 0.11092294665537679
0 0.13155864197530864 0.34843353090601187 0.022376543209876542 0.11939034716342083
0 0.16049382716049382 0.34589331075359864 0.019290123456790122 0.10584250635055038
0 0.0945216049382716 0.35774767146486025 0.021604938271604937 0.11600338696020321
0 0.08429783950617284 0.3535139712108383 0.024305555555555552 0.13293818797629128
2 0.4984567901234568 0.346740050804403 0.04398148148148148 0.08890770533446232
2 0.5244984567901234 0.29254868755292124 0.03356481481481481 0.05334462320067739
2 0.07214506172839506 0.38653683319221 0.02700617283950617 0.07197290431837426
2 0.05439814814814815 0.32684165961049955 0.014660493827160493 0.04911092294665537
2 0.04205246913580247 0.31710414902624895 0.010802469135802469 0.024555461473327687
2 0.05979938271604938 0.3086367485182049 0.013117283950617283 0.03302286198137172
2 0.10339506172839505 0.3090601185436071 0.012345679012345678 0.03386960203217612
2 0.11207561728395062 0.2972057578323455 0.015817901234567902 0.03386960203217612
2 0.1440972222222222 0.29170194750211687 0.008873456790123456 0.02286198137171888
2 0.16165123456790123 0.2832345469940728 0.010802469135802469 0.026248941574936492
2 0.1871141975308642 0.2823878069432684 0.006944444444444444 0.01778154106689246
2 0.20119598765432098 0.2514817950889077 0.011959876543209876 0.03725656223539373
2 0.21412037037037035 0.2595258255715495 0.010030864197530864 0.026248941574936492
2 0.22608024691358022 0.25656223539373413 0.010030864197530864 0.03386960203217612
2 0.2357253086419753 0.25825571549534293 0.013888888888888888 0.03895004233700254
2 0.24421296296296294 0.2696867061812024 0.009259259259259259 0.02286198137171888
2 0.2361111111111111 0.292125317527519 0.009259259259259259 0.027095681625740897
2 0.2079475308641975 0.292125317527519 0.011574074074074073 0.02032176121930567
2 0.22800925925925924 0.2853513971210838 0.010030864197530864 0.022015241320914477
2 0.2552083333333333 0.2561388653683319 0.010416666666666666 0.0279424216765453
2 0.24826388888888887 0.2506350550381033 0.009645061728395061 0.015241320914479254
2 0.26427469135802467 0.2455546147332769 0.011574074074074073 0.023708721422523286
2 0.2681327160493827 0.270956816257409 0.010030864197530864 0.013547840812870448
2 0.2673611111111111 0.2904318374259102 0.009259259259259259 0.018628281117696866
2 0.2841435185185185 0.2849280270956816 0.011188271604938271 0.021168501270110076
2 0.2899305555555555 0.2870448772226926 0.008101851851851851 0.023708721422523286
2 0.29128086419753085 0.2696867061812024 0.009259259259259259 0.011007620660457238
2 0.29417438271604934 0.2828111769686706 0.0073302469135802465 0.013547840812870448
2 0.30266203703703703 0.27011007620660454 0.0073302469135802465 0.01693480101608806
2 0.3180941358024691 0.28958509737510585 0.01273148148148148 0.04064352243861134
2 0.3126929012345679 0.2747671464860288 0.0073302469135802465 0.016088060965283656
2 0.3298611111111111 0.2679932260795935 0.010030864197530864 0.01947502116850127
2 0.32195216049382713 0.27222692633361556 0.009645061728395061 0.021168501270110076
2 0.33487654320987653 0.26714648602878915 0.006944444444444444 0.01778154106689246
2 0.34066358024691357 0.27053344623200676 0.007716049382716049 0.014394580863674851
2 0.35050154320987653 0.2726502963590178 0.006558641975308642 0.01693480101608806
2 0.35204475308641975 0.2629127857747671 0.009645061728395061 0.016088060965283656
2 0.3597608024691358 0.2578323454699407 0.010416666666666666 0.01947502116850127
2 0.36940586419753085 0.25825571549534293 0.008873456790123456 0.013547840812870448
2 0.37461419753086417 0.27561388653683316 0.004629629629629629 0.012701100762066046
2 0.3786651234567901 0.2646062658763759 0.011959876543209876 0.021168501270110076
2 0.3967978395061728 0.25825571549534293 0.010416666666666666 0.027095681625740897
2 0.41628086419753085 0.25994919559695173 0.005401234567901234 0.013547840812870448
2 0.4195601851851852 0.2696867061812024 0.004243827160493827 0.016088060965283656
2 0.421875 0.2480948348856901 0.005787037037037037 0.018628281117696866
2 0.4386574074074074 0.26841659610499574 0.006944444444444444 0.023708721422523286
2 0.4430941358024691 0.32345469940728194 0.016589506172839504 0.060965283657917015
2 0.456983024691358 0.32514817950889074 0.013503086419753086 0.07281964436917866
2 0.46952160493827155 0.26502963590177814 0.008487654320987654 0.023708721422523286
2 0.46604938271604934 0.2497883149872989 0.008487654320987654 0.015241320914479254
2 0.4540895061728395 0.26502963590177814 0.008487654320987654 0.02032176121930567
2 0.43981481481481477 0.2497883149872989 0.008487654320987654 0.015241320914479254
2 0.4756944444444444 0.2502116850127011 0.007716049382716049 0.016088060965283656
2 0.4845679012345679 0.2679932260795935 0.006172839506172839 0.016088060965283656
2 0.4886188271604938 0.26037256562235395 0.008873456790123456 0.02286198137171888
2 0.4861111111111111 0.2497883149872989 0.008487654320987654 0.018628281117696866
2 0.4907407407407407 0.24767146486028788 0.007716049382716049 0.021168501270110076
2 0.49961419753086417 0.2455546147332769 0.011574074074074073 0.013547840812870448
2 0.5015432098765432 0.2764606265876376 0.013888888888888888 0.04149026248941575
2 0.4915123456790123 0.29085520745131244 0.013117283950617283 0.01947502116850127
2 0.5131172839506173 0.2785774767146486 0.010802469135802469 0.0558848433530906
2 0.5177469135802469 0.2548687552921253 0.006944444444444444 0.02032176121930567
2 0.5231481481481481 0.2527519051651143 0.006172839506172839 0.016088060965283656
2 0.5285493827160493 0.2548687552921253 0.007716049382716049 0.018628281117696866
2 0.5337577160493827 0.2552921253175275 0.005015432098765432 0.01778154106689246
2 0.5378086419753086 0.2514817950889077 0.006944444444444444 0.022015241320914477
2 0.5408950617283951 0.24216765453005926 0.006172839506172839 0.015241320914479254
2 0.5275848765432098 0.23793395427603725 0.005015432098765432 0.011854360711261643
2 0.5306712962962963 0.23412362404741743 0.006558641975308642 0.01778154106689246
2 0.5462962962962963 0.2679932260795935 0.011574074074074073 0.03640982218458933
2 0.5484182098765432 0.2535986452159187 0.0073302469135802465 0.014394580863674851
2 0.5542052469135802 0.2548687552921253 0.008873456790123456 0.02032176121930567
2 0.5630787037037037 0.23835732430143944 0.01273148148148148 0.021168501270110076
2 0.5625 0.2523285351397121 0.005401234567901234 0.02032176121930567
2 0.5597993827160493 0.27053344623200676 0.013888888888888888 0.024555461473327687
2 0.5746527777777778 0.24513124470787467 0.009645061728395061 0.01778154106689246
2 0.5771604938271605 0.2273497036409822 0.010030864197530864 0.01778154106689246
2 0.5844907407407407 0.2260795935647756 0.009259259259259259 0.018628281117696866
2 0.5846836419753086 0.2506350550381033 0.011188271604938271 0.022015241320914477
2 0.5943287037037037 0.2235393734123624 0.008873456790123456 0.018628281117696866
2 0.6024305555555555 0.2519051651143099 0.008101851851851851 0.016088060965283656
2 0.6188271604938271 0.24851820491109228 0.010030864197530864 0.0279424216765453
2 0.625 0.23962743437764605 0.008487654320987654 0.018628281117696866
2 0.6392746913580246 0.22988992379339543 0.012345679012345678 0.03302286198137172
2 0.6529706790123456 0.22692633361558 0.011959876543209876 0.03556308213378492
2 0.6662808641975309 0.2231160033869602 0.013888888888888888 0.029635901778154106
2 0.679591049382716 0.22184589331075358 0.01273148148148148 0.030482641828958507
2 0.6799768518518519 0.24428450465707027 0.011188271604938271 0.021168501270110076
2 0.689236111111111 0.2535986452159187 0.011188271604938271 0.02286198137171888
2 0.6967592592592592 0.22988992379339543 0.007716049382716049 0.014394580863674851
2 0.6983024691358024 0.2197290431837426 0.008487654320987654 0.01947502116850127
2 0.7112268518518519 0.21464860287891616 0.008873456790123456 0.0279424216765453
2 0.7220293209876543 0.21549534292972056 0.008873456790123456 0.02286198137171888
2 0.7334104938271605 0.2239627434377646 0.010802469135802469 0.01947502116850127
2 0.7386188271604938 0.20872142252328535 0.008873456790123456 0.024555461473327687
2 0.751929012345679 0.22819644369178663 0.006944444444444444 0.012701100762066046
2 0.7490354938271605 0.23581710414902624 0.009645061728395061 0.014394580863674851
2 0.7567515432098765 0.23031329381879762 0.008101851851851851 0.023708721422523286
2 0.7513503086419753 0.20787468247248095 0.0073302469135802465 0.014394580863674851
2 0.7474922839506173 0.21210838272650295 0.006558641975308642 0.01778154106689246
2 0.7579089506172839 0.21464860287891616 0.004243827160493827 0.01778154106689246
2 0.7663966049382716 0.2222692633361558 0.011188271604938271 0.0279424216765453
2 0.7710262345679012 0.2277730736663844 0.008873456790123456 0.022015241320914477
2 0.7771990740740741 0.21507197290431837 0.011188271604938271 0.018628281117696866
2 0.7827932098765432 0.22692633361558 0.009259259259259259 0.018628281117696866
2 0.7922453703703703 0.22099915325994918 0.0073302469135802465 0.018628281117696866
2 0.8101851851851851 0.21549534292972056 0.007716049382716049 0.01947502116850127
2 0.8150077160493827 0.2019475021168501 0.008101851851851851 0.021168501270110076
2 0.8260030864197531 0.21930567315834038 0.010802469135802469 0.023708721422523286
2 0.8462577160493827 0.21761219305673157 0.008101851851851851 0.018628281117696866
2 0.8663194444444444 0.21126164267569855 0.009645061728395061 0.01778154106689246
2 0.8759645061728395 0.20956816257408975 0.010416666666666666 0.024555461473327687
2 0.9116512345679012 0.21083827265029634 0.010030864197530864 0.018628281117696866
2 0.9386574074074073 0.21083827265029634 0.012345679012345678 0.018628281117696866
2 0.9564043209876543 0.2011007620660457 0.009259259259259259 0.024555461473327687
2 0.9714506172839505 0.21083827265029634 0.010030864197530864 0.02540220152413209
2 0.9953703703703703 0.21676545300592717 0.006172839506172839 0.03386960203217612
2 0.9932484567901234 0.1964436917866215 0.008873456790123456 0.02540220152413209
2 0.9658564814814814 0.29085520745131244 0.02044753086419753 0.07366638441998306
2 0.9191743827160493 0.2798475867908552 0.019675925925925923 0.07874682472480948
2 0.6880787037037037 0.3035563082133785 0.017361111111111112 0.07027942421676545
2 0.7025462962962963 0.29339542760372567 0.017746913580246913 0.06181202370872142
2 0.7197145061728395 0.290008467400508 0.013503086419753086 0.058425063505503805
