0 0.02666666666666667 0.7957393483709273 0.03666666666666667 0.13283208020050125
0 0.07583333333333334 0.7844611528822054 0.018333333333333333 0.07518796992481203
0 0.08333333333333334 0.8020050125313283 0.016666666666666666 0.06516290726817042
0 0.09833333333333334 0.7982456140350876 0.013333333333333334 0.047619047619047616
0 0.11583333333333334 0.7719298245614035 0.018333333333333333 0.07017543859649122
0 0.18583333333333335 0.7781954887218044 0.021666666666666667 0.08270676691729323
0 0.18916666666666668 0.7619047619047619 0.015000000000000001 0.06015037593984962
0 0.21666666666666667 0.7819548872180451 0.02 0.07518796992481203
0 0.23500000000000001 0.7844611528822054 0.016666666666666666 0.06516290726817042
0 0.29000000000000004 0.7932330827067668 0.016666666666666666 0.06766917293233082
0 0.37083333333333335 0.7180451127819548 0.028333333333333335 0.11278195488721804
0 0.3875 0.7192982456140351 0.03166666666666667 0.12030075187969924
0 0.4866666666666667 0.7243107769423558 0.030000000000000002 0.11528822055137844
0 0.5166666666666667 0.731829573934837 0.030000000000000002 0.11528822055137844
0 0.625 0.7305764411027569 0.030000000000000002 0.11278195488721804
0 0.6858333333333334 0.7305764411027569 0.03166666666666667 0.12280701754385964
0 0.785 0.7418546365914787 0.03333333333333333 0.12030075187969924
