0 0.9712500000000001 0.5579322638146167 0.055 0.2281639928698752
0 0.95625 0.4946524064171123 0.0325 0.1122994652406417
0 0.90125 0.4848484848484848 0.025 0.08912655971479501
0 0.915625 0.4750445632798574 0.01625 0.058823529411764705
0 0.878125 0.5133689839572192 0.03625 0.1283422459893048
0 0.835 0.48841354723707664 0.0275 0.09982174688057041
0 0.81625 0.48217468805704095 0.02 0.0730837789661319
0 0.80125 0.48039215686274506 0.015 0.0552584670231729
0 0.7831250000000001 0.47058823529411764 0.00875 0.0320855614973262
0 0.765625 0.4652406417112299 0.01125 0.0392156862745098
0 0.748125 0.5383244206773619 0.04625 0.16042780748663102
0 0.7275 0.46969696969696967 0.0125 0.0481283422459893
0 0.7075 0.47326203208556145 0.0125 0.0481283422459893
0 0.695625 0.4759358288770053 0.01125 0.0427807486631016
0 0.681875 0.48128342245989303 0.01625 0.0606060606060606
0 0.664375 0.48930481283422456 0.02125 0.0766488413547237
0 0.6481250000000001 0.49999999999999994 0.02625 0.09803921568627451
0 0.6075 0.5222816399286987 0.0425 0.1461675579322638
0 0.565625 0.4946524064171123 0.02625 0.0909090909090909
0 0.553125 0.4857397504456328 0.01625 0.0552584670231729
0 0.58875 0.47326203208556145 0.01 0.0409982174688057
0 0.544375 0.47237076648841353 0.01375 0.0463458110516934
0 0.531875 0.4750445632798574 0.01625 0.058823529411764705
0 0.5025000000000001 0.5115864527629234 0.035 0.12477718360071301
0 0.455625 0.49108734402852044 0.01875 0.0659536541889483
0 0.47625 0.47326203208556145 0.01 0.0409982174688057
0 0.326875 0.6862745098039216 0.17625 0.6167557932263814
0 0.26875 0.4928698752228164 0.0175 0.062388591800356503
0 0.22062500000000002 0.47860962566844917 0.01125 0.0409982174688057
0 0.210625 0.4750445632798574 0.01125 0.044563279857397504
0 0.201875 0.48039215686274506 0.01375 0.0516934046345811
0 0.254375 0.47326203208556145 0.01125 0.0374331550802139
0 0.17 0.47147950089126556 0.0125 0.044563279857397504
0 0.113125 0.47237076648841353 0.01125 0.0427807486631016
0 0.10187500000000001 0.47326203208556145 0.01125 0.0374331550802139
0 0.08875 0.47147950089126556 0.01 0.0374331550802139
0 0.075 0.4830659536541889 0.0175 0.0606060606060606
0 0.03125 0.4848484848484848 0.0175 0.0606060606060606
0 0.01125 0.4830659536541889 0.0175 0.0641711229946524
0 0.02125 0.48039215686274506 0.0175 0.0659536541889483
0 0.038125 0.4839572192513369 0.01875 0.0659536541889483
0 0.12875 0.47147950089126556 0.01 0.0374331550802139
