0 0.06375358166189111 0.4388560157790927 0.01862464183381089 0.06903353057199212
0 0.07879656160458452 0.43984220907297833 0.020057306590257878 0.07495069033530573
0 0.08739255014326647 0.4388560157790927 0.017191977077363897 0.05719921104536489
0 0.0995702005730659 0.44181459566074954 0.02148997134670487 0.07495069033530573
0 0.10673352435530085 0.4358974358974359 0.01862464183381089 0.06706114398422092
0 0.12034383954154727 0.44280078895463515 0.022922636103151862 0.08086785009861934
0 0.1303724928366762 0.4378698224852071 0.020057306590257878 0.07100591715976332
0 0.14469914040114612 0.44082840236686394 0.025787965616045846 0.08875739644970415
0 0.15616045845272206 0.4467455621301775 0.025787965616045846 0.08875739644970415
0 0.16332378223495703 0.4477317554240631 0.025787965616045846 0.09072978303747535
0 0.17765042979942694 0.45266272189349116 0.025787965616045846 0.08481262327416174
0 0.1984240687679083 0.45956607495069035 0.024355300859598854 0.08678500986193294
0 0.21060171919770773 0.45364891518737677 0.022922636103151862 0.07889546351084813
0 0.22779369627507162 0.4447731755424063 0.022922636103151862 0.07692307692307693
0 0.22063037249283668 0.4467455621301775 0.020057306590257878 0.07297830374753451
0 0.24355300859598852 0.465483234714004 0.025787965616045846 0.09072978303747535
0 0.25859598853868193 0.4477317554240631 0.02148997134670487 0.07889546351084813
0 0.2693409742120344 0.4714003944773176 0.028653295128939826 0.09861932938856016
0 0.2815186246418338 0.46745562130177515 0.02148997134670487 0.07889546351084813
0 0.3030085959885387 0.4733727810650888 0.03008595988538682 0.10256410256410257
0 0.3159025787965616 0.4664694280078896 0.024355300859598854 0.08875739644970415
0 0.332378223495702 0.46252465483234717 0.025787965616045846 0.08875739644970415
0 0.35816618911174786 0.480276134122288 0.03151862464183381 0.11242603550295859
0 0.3853868194842407 0.4891518737672584 0.034383954154727794 0.11439842209072978
0 0.3982808022922636 0.4763313609467456 0.025787965616045846 0.08481262327416174
0 0.413323782234957 0.47928994082840237 0.03008595988538682 0.10256410256410257
0 0.4262177650429799 0.49901380670611445 0.0329512893982808 0.11045364891518739
0 0.44340974212034384 0.4743589743589744 0.027220630372492834 0.09664694280078896
0 0.4606017191977077 0.490138067061144 0.03008595988538682 0.10059171597633136
0 0.48782234957020054 0.5009861932938856 0.03868194842406877 0.1301775147928994
0 0.5093123209169055 0.5 0.03008595988538682 0.10848126232741617
0 0.5343839541547277 0.49704142011834324 0.03724928366762178 0.126232741617357
0 0.5580229226361031 0.4891518737672584 0.0329512893982808 0.11439842209072978
0 0.5759312320916905 0.485207100591716 0.03151862464183381 0.11045364891518739
0 0.5974212034383954 0.4832347140039448 0.028653295128939826 0.10256410256410257
0 0.6210601719197708 0.5216962524654832 0.04154727793696275 0.14398422090729784
0 0.6303724928366762 0.5108481262327417 0.040114613180515755 0.13412228796844183
0 0.6497134670487106 0.504930966469428 0.03581661891117478 0.1222879684418146
0 0.6640401146131805 0.5256410256410257 0.03581661891117478 0.1203155818540434
0 0.6862464183381088 0.5147928994082841 0.034383954154727794 0.11439842209072978
0 0.7005730659025787 0.5355029585798817 0.045845272206303724 0.15581854043392507
0 0.7206303724928367 0.5305719921104537 0.034383954154727794 0.1222879684418146
0 0.7478510028653295 0.5345167652859961 0.03724928366762178 0.1301775147928994
0 0.7693409742120344 0.5276134122287969 0.03724928366762178 0.12820512820512822
0 0.7908309455587392 0.5364891518737673 0.04297994269340974 0.14990138067061146
0 0.8030085959885387 0.5502958579881657 0.050143266475644696 0.17357001972386588
0 0.8373925501432664 0.5473372781065089 0.04154727793696275 0.14003944773175542
0 0.8524355300859598 0.5384615384615384 0.03724928366762178 0.1301775147928994
0 0.8696275071633237 0.5256410256410257 0.03724928366762178 0.12820512820512822
0 0.8954154727793696 0.5483234714003945 0.045845272206303724 0.15779092702169625
0 0.9212034383954154 0.5690335305719921 0.05157593123209169 0.1755424063116371
0 0.9555873925501432 0.5601577909270217 0.04871060171919771 0.16173570019723868
0 0.9763610315186246 0.5404339250493096 0.044412607449856735 0.14990138067061146
0 0.8273638968481375 0.519723865877712 0.03868194842406877 0.13214990138067062
0 0.815186246418338 0.5276134122287969 0.040114613180515755 0.13609467455621302
2 0.7041547277936963 0.44280078895463515 0.012893982808022923 0.02958579881656805
2 0.6891117478510028 0.44280078895463515 0.011461318051575931 0.01775147928994083
2 0.670487106017192 0.4467455621301775 0.011461318051575931 0.021696252465483234
2 0.6439828080229226 0.4299802761341223 0.012893982808022923 0.027613412228796846
2 0.6153295128939827 0.4260355029585799 0.01862464183381089 0.027613412228796846
2 0.8918338108882521 0.45956607495069035 0.012893982808022923 0.02366863905325444
2 0.91189111747851 0.4743589743589744 0.01862464183381089 0.037475345167652864
2 0.9240687679083094 0.46942800788954636 0.011461318051575931 0.03944773175542406
2 0.9355300859598854 0.46055226824457596 0.014326647564469913 0.04142011834319527
2 0.9426934097421203 0.45167652859960555 0.014326647564469913 0.03155818540433925
2 0.9520057306590257 0.44280078895463515 0.012893982808022923 0.02958579881656805
2 0.9627507163323782 0.44181459566074954 0.014326647564469913 0.03155818540433925
2 0.9763610315186246 0.4467455621301775 0.01862464183381089 0.037475345167652864
2 0.9899713467048711 0.45857988165680474 0.011461318051575931 0.02958579881656805
2 0.9040114613180515 0.4270216962524655 0.028653295128939826 0.025641025641025644
2 0.8760744985673352 0.4358974358974359 0.012893982808022923 0.01972386587771203
2 0.8581661891117478 0.4447731755424063 0.014326647564469913 0.021696252465483234
2 0.7793696275071633 0.4457593688362919 0.022922636103151862 0.02366863905325444
2 0.7585959885386819 0.45069033530571995 0.010028653295128939 0.021696252465483234
2 0.7521489971346704 0.45660749506903353 0.017191977077363897 0.025641025641025644
2 0.7356733524355301 0.45266272189349116 0.01862464183381089 0.025641025641025644
4 0.44412607449856734 0.39349112426035504 0.30945558739255014 0.0650887573964497
4 0.7213467048710601 0.4003944773175543 0.2851002865329513 0.09072978303747535
4 0.9305157593123209 0.4240631163708087 0.1361031518624642 0.126232741617357
