0 0.06159420289855073 0.7233115468409587 0.12318840579710146 0.5054466230936819
0 0.015942028985507246 0.5152505446623095 0.03188405797101449 0.11546840958605666
0 0.4210144927536232 0.6372549019607844 0.08260869565217391 0.30718954248366015
0 0.9043478260869565 0.6982570806100219 0.16231884057971013 0.5947712418300655
0 0.9746376811594203 0.5610021786492375 0.04782608695652174 0.28104575163398693
0 0.941304347826087 0.5533769063180829 0.07971014492753624 0.2919389978213508
1 0.47391304347826085 0.49891067538126366 0.028985507246376812 0.11328976034858389
1 0.5217391304347826 0.6492374727668846 0.06956521739130435 0.26143790849673204
2 0.6391304347826087 0.7178649237472767 0.1246376811594203 0.39869281045751637
2 0.7108695652173913 0.6666666666666667 0.07681159420289856 0.1917211328976035
2 0.7666666666666667 0.6470588235294118 0.06666666666666667 0.20479302832244012
2 0.7934782608695652 0.4967320261437909 0.04492753623188406 0.12200435729847496
2 0.8521739130434782 0.48039215686274517 0.03768115942028986 0.07189542483660132
2 0.8471014492753624 0.5206971677559913 0.03333333333333333 0.06535947712418301
2 0.18405797101449275 0.8431372549019609 0.22608695652173913 0.2832244008714597
2 0.36231884057971014 0.49782135076252726 0.057971014492753624 0.12854030501089325
2 0.413768115942029 0.48039215686274517 0.03333333333333333 0.06753812636165578
2 0.5659420289855073 0.5708061002178649 0.03333333333333333 0.10457516339869283
2 0.050724637681159424 0.44880174291939 0.026086956521739132 0.02178649237472767
