0 0.052083333333333336 0.42474489795918363 0.075 0.23214285714285712
0 0.08229166666666667 0.41326530612244894 0.07708333333333334 0.23979591836734693
0 0.10416666666666667 0.3966836734693877 0.0625 0.19642857142857142
0 0.11666666666666667 0.3737244897959183 0.05 0.15561224489795916
0 0.15416666666666667 0.41326530612244894 0.07916666666666666 0.2346938775510204
0 0.221875 0.4107142857142857 0.07708333333333334 0.2346938775510204
0 0.290625 0.4068877551020408 0.07708333333333334 0.23214285714285712
0 0.321875 0.4081632653061224 0.08125 0.24999999999999997
0 0.2739583333333333 0.3839285714285714 0.06458333333333333 0.19642857142857142
0 0.26145833333333335 0.37499999999999994 0.05625 0.17346938775510204
0 0.3875 0.3558673469387755 0.05 0.15051020408163265
0 0.3989583333333333 0.34056122448979587 0.035416666666666666 0.1096938775510204
0 0.4395833333333333 0.3482142857142857 0.04583333333333333 0.14030612244897958
0 0.4864583333333333 0.34056122448979587 0.04375 0.1301020408163265
0 0.5208333333333334 0.3380102040816326 0.04583333333333333 0.14540816326530612
0 0.54375 0.32653061224489793 0.041666666666666664 0.12755102040816327
0 0.503125 0.3329081632653061 0.035416666666666666 0.1096938775510204
0 0.5635416666666666 0.3329081632653061 0.04375 0.13520408163265304
0 0.5791666666666666 0.3239795918367347 0.03333333333333333 0.10714285714285714
0 0.5989583333333334 0.3290816326530612 0.03958333333333333 0.12755102040816327
0 0.6177083333333333 0.31887755102040816 0.035416666666666666 0.10714285714285714
0 0.634375 0.35331632653061223 0.06041666666666667 0.18622448979591835
0 0.7166666666666667 0.3086734693877551 0.1 0.3010204081632653
0 0.740625 0.2895408163265306 0.07708333333333334 0.23214285714285712
0 0.7572916666666667 0.2704081632653061 0.06041666666666667 0.18877551020408162
0 0.88125 0.30484693877551017 0.1 0.298469387755102
0 0.8624999999999999 0.2844387755102041 0.075 0.2270408163265306
0 0.853125 0.26530612244897955 0.06041666666666667 0.18877551020408162
0 0.796875 0.7308673469387754 0.10625 0.3239795918367347
0 0.7395833333333334 0.7640306122448979 0.08333333333333333 0.2576530612244898
0 0.6552083333333333 0.7614795918367346 0.09375 0.2831632653061224
0 0.6864583333333333 0.7538265306122448 0.08541666666666667 0.2576530612244898
0 0.8770833333333333 0.7232142857142857 0.12083333333333333 0.3647959183673469
0 0.6208333333333333 0.760204081632653 0.0625 0.19387755102040816
0 0.5958333333333333 0.7653061224489796 0.058333333333333334 0.18367346938775508
0 0.565625 0.7627551020408163 0.052083333333333336 0.16326530612244897
0 0.55625 0.7691326530612245 0.04583333333333333 0.14540816326530612
0 0.54375 0.7678571428571428 0.05 0.14795918367346939
0 0.5291666666666667 0.7755102040816326 0.041666666666666664 0.12244897959183673
0 0.5104166666666666 0.7691326530612245 0.041666666666666664 0.1301020408163265
0 0.4583333333333333 0.7257653061224489 0.04583333333333333 0.14030612244897958
0 0.4125 0.7257653061224489 0.04583333333333333 0.14030612244897958
0 0.371875 0.7270408163265305 0.04791666666666666 0.14285714285714285
0 0.340625 0.7193877551020408 0.052083333333333336 0.1530612244897959
0 0.303125 0.7181122448979591 0.052083333333333336 0.15561224489795916
0 0.26875 0.7257653061224489 0.04583333333333333 0.14030612244897958
0 0.23854166666666665 0.7193877551020408 0.04791666666666666 0.14795918367346939
0 0.19895833333333332 0.7283163265306122 0.04375 0.14030612244897958
0 0.16875 0.7283163265306122 0.04583333333333333 0.13520408163265304
0 0.134375 0.7244897959183673 0.04791666666666666 0.14285714285714285
0 0.10208333333333333 0.7244897959183673 0.04583333333333333 0.1377551020408163
0 0.07291666666666667 0.7308673469387754 0.041666666666666664 0.1301020408163265
2 0.09895833333333333 0.7525510204081632 0.035416666666666666 0.08673469387755102
2 0.13229166666666667 0.7563775510204082 0.035416666666666666 0.11479591836734693
2 0.17395833333333333 0.7525510204081632 0.03958333333333333 0.09693877551020408
2 0.21145833333333333 0.7525510204081632 0.03958333333333333 0.1020408163265306
2 0.24791666666666667 0.7487244897959183 0.04583333333333333 0.10459183673469387
2 0.29270833333333335 0.7525510204081632 0.03958333333333333 0.07653061224489795
2 0.33541666666666664 0.7525510204081632 0.0375 0.09183673469387754
2 0.3770833333333333 0.7551020408163265 0.041666666666666664 0.08163265306122448
2 0.4197916666666667 0.7563775510204082 0.035416666666666666 0.08418367346938775
4 0.203125 0.29591836734693877 0.25625 0.07653061224489795
4 0.490625 0.2818877551020408 0.2604166666666667 0.05357142857142857
4 0.8822916666666667 0.20790816326530612 0.14791666666666667 0.09438775510204081
