0 0.18666294642857142 0.5147804054054054 0.13039434523809523 0.4822635135135135
0 0.22721354166666666 0.5008445945945946 0.12667410714285712 0.46734234234234234
0 0.29771205357142855 0.5053490990990991 0.12481398809523808 0.4617117117117117
0 0.3462611607142857 0.48367117117117114 0.12109375 0.44707207207207206
0 0.3991815476190476 0.4953547297297297 0.12313988095238095 0.45467342342342343
0 0.4567522321428571 0.47353603603603606 0.12072172619047618 0.44650900900900903
0 0.5141369047619048 0.48001126126126126 0.12462797619047618 0.4600225225225225
0 0.5678013392857143 0.46269707207207206 0.11997767857142856 0.4439752252252252
0 0.6181175595238095 0.4732545045045045 0.12090773809523808 0.44707207207207206
0 0.679501488095238 0.44721283783783783 0.12574404761904762 0.4642454954954955
0 0.7228422619047619 0.47353603603603606 0.12276785714285714 0.45326576576576577
0 0.7819940476190476 0.45171734234234234 0.11979166666666666 0.4428490990990991
