0 0.2725 0.5337500000000001 0.058333333333333334 0.2225
0 0.32083333333333336 0.5525 0.07500000000000001 0.28
0 0.3541666666666667 0.545 0.07833333333333334 0.28500000000000003
0 0.36583333333333334 0.57375 0.08166666666666667 0.2975
0 0.3916666666666667 0.56625 0.09666666666666668 0.3575
0 0.455 0.5387500000000001 0.06666666666666667 0.2525
0 0.49250000000000005 0.50625 0.03833333333333334 0.14250000000000002
0 0.5391666666666667 0.57625 0.095 0.3525
0 0.6075 0.54125 0.07833333333333334 0.2925
0 0.6383333333333334 0.55625 0.09000000000000001 0.3375
0 0.9666666666666667 0.51 0.04666666666666667 0.18
0 0.9066666666666667 0.505 0.043333333333333335 0.165
0 0.8625 0.50375 0.045000000000000005 0.17250000000000001
0 0.8058333333333334 0.5075000000000001 0.045000000000000005 0.165
0 0.7658333333333334 0.50375 0.045000000000000005 0.17250000000000001
0 0.7275 0.50875 0.04166666666666667 0.1575
0 0.7033333333333334 0.50875 0.043333333333333335 0.1575
0 0.6783333333333333 0.51375 0.03666666666666667 0.14250000000000002
2 0.022500000000000003 0.45 0.028333333333333335 0.04
2 0.010833333333333334 0.42375 0.015000000000000001 0.0275
2 0.029166666666666667 0.41625 0.015000000000000001 0.0275
2 0.04916666666666667 0.44 0.025 0.04
2 0.06416666666666668 0.43 0.011666666666666667 0.025
2 0.060833333333333336 0.40750000000000003 0.015000000000000001 0.02
2 0.07500000000000001 0.44875 0.016666666666666666 0.0325
2 0.08833333333333333 0.445 0.013333333333333334 0.035
2 0.10250000000000001 0.45 0.015000000000000001 0.035
2 0.12000000000000001 0.45125 0.016666666666666666 0.0275
2 0.1391666666666667 0.4475 0.018333333333333333 0.035
2 0.10166666666666667 0.42125 0.013333333333333334 0.0175
2 0.12250000000000001 0.42125 0.015000000000000001 0.0175
2 0.1575 0.4425 0.015000000000000001 0.04
2 0.17250000000000001 0.44875 0.018333333333333333 0.0325
2 0.19166666666666668 0.44625000000000004 0.016666666666666666 0.0325
2 0.18500000000000003 0.42 0.016666666666666666 0.025
2 0.14666666666666667 0.41125 0.02 0.0225
2 0.20583333333333334 0.4425 0.015000000000000001 0.03
2 0.2041666666666667 0.4175 0.015000000000000001 0.02
2 0.225 0.44625000000000004 0.02 0.0325
2 0.22166666666666668 0.42375 0.016666666666666666 0.0275
2 0.22833333333333336 0.40375 0.016666666666666666 0.0275
2 0.5733333333333334 0.44625000000000004 0.02 0.0375
2 0.6008333333333333 0.4475 0.021666666666666667 0.045
