0 0.0776 0.580335731414868 0.1552 0.5755395683453237
0 0.18080000000000002 0.6079136690647482 0.1376 0.5059952038369304
0 0.2848 0.5707434052757794 0.1408 0.5131894484412469
0 0.388 0.5887290167865707 0.1264 0.46282973621103113
0 0.4632 0.579136690647482 0.1232 0.4532374100719424
0 0.5536 0.5875299760191847 0.11520000000000001 0.4268585131894484
0 0.6512 0.592326139088729 0.1184 0.4412470023980815
0 0.744 0.5935251798561151 0.112 0.4148681055155875
0 0.8256 0.5863309352517985 0.1184 0.43405275779376495
0 0.9752000000000001 0.5587529976019184 0.046400000000000004 0.22062350119904076
0 0.9568000000000001 0.5443645083932853 0.0512 0.1870503597122302
2 0.4264 0.4304556354916067 0.04 0.1079136690647482
