0 0.11956521739130435 0.7293577981651377 0.1 0.38990825688073394
0 0.1681159420289855 0.7213302752293579 0.10434782608695653 0.41055045871559637
0 0.2398550724637681 0.7144495412844037 0.10869565217391304 0.41972477064220187
0 0.3094202898550725 0.7213302752293579 0.10289855072463769 0.3967889908256881
0 0.3739130434782609 0.7052752293577982 0.10434782608695653 0.40137614678899086
0 0.44420289855072465 0.694954128440367 0.10579710144927536 0.41284403669724773
0 0.4963768115942029 0.6823394495412844 0.10869565217391304 0.41972477064220187
0 0.5557971014492754 0.6915137614678899 0.10579710144927536 0.4151376146788991
0 0.6275362318840579 0.6857798165137615 0.1072463768115942 0.42201834862385323
0 0.6840579710144927 0.698394495412844 0.10144927536231885 0.3967889908256881
0 0.7659420289855072 0.7029816513761469 0.10579710144927536 0.4151376146788991
0 0.8369565217391305 0.7201834862385321 0.1 0.3944954128440367
