0 0.16833333333333333 0.7265258215962441 0.14333333333333334 0.4906103286384977
0 0.055 0.7323943661971831 0.11 0.511737089201878
0 0.2725 0.6631455399061033 0.14166666666666666 0.4953051643192488
0 0.2791666666666667 0.5751173708920188 0.12833333333333335 0.4413145539906103
0 0.3975 0.2887323943661972 0.10833333333333334 0.3755868544600939
0 0.42500000000000004 0.6126760563380281 0.14333333333333334 0.49295774647887325
0 0.5125000000000001 0.710093896713615 0.14833333333333334 0.5093896713615024
0 0.5775 0.6349765258215962 0.12833333333333335 0.4483568075117371
0 0.6816666666666668 0.727699530516432 0.13333333333333333 0.4647887323943662
0 0.755 0.8075117370892019 0.10666666666666667 0.36619718309859156
0 0.8083333333333333 0.6607981220657277 0.14 0.4859154929577465
0 0.88 0.647887323943662 0.1366666666666667 0.47417840375586856
0 0.9575 0.6338028169014085 0.08166666666666667 0.4460093896713615
2 0.060000000000000005 0.4307511737089202 0.08 0.12441314553990611
2 0.12833333333333335 0.8838028169014085 0.15666666666666668 0.18544600938967137
2 0.49083333333333334 0.33685446009389675 0.04166666666666667 0.08215962441314555
2 0.5341666666666667 0.3755868544600939 0.04166666666666667 0.07042253521126761
2 0.5391666666666667 0.31220657276995306 0.05166666666666667 0.08450704225352113
2 0.5975 0.28286384976525825 0.04833333333333334 0.09154929577464789
2 0.64 0.3967136150234742 0.04666666666666667 0.09389671361502347
2 0.6525000000000001 0.3251173708920188 0.058333333333333334 0.11032863849765258
2 0.6975 0.31690140845070425 0.05166666666666667 0.09859154929577466
2 0.6916666666666668 0.24882629107981222 0.05666666666666667 0.09859154929577466
2 0.7583333333333334 0.24061032863849766 0.043333333333333335 0.06338028169014084
2 0.78 0.3145539906103286 0.04 0.0892018779342723
2 0.7758333333333334 0.397887323943662 0.04166666666666667 0.11032863849765258
2 0.8416666666666667 0.3826291079812207 0.04 0.0892018779342723
2 0.935 0.31220657276995306 0.05 0.09859154929577466
2 0.8650000000000001 0.25938967136150237 0.043333333333333335 0.10093896713615023
2 0.8166666666666668 0.20305164319248828 0.03666666666666667 0.09154929577464789
2 0.8441666666666667 0.1784037558685446 0.03833333333333334 0.10328638497652583
2 0.8833333333333334 0.12323943661971831 0.04 0.1056338028169014
2 0.9341666666666667 0.11267605633802817 0.045000000000000005 0.09859154929577466
2 0.9575 0.20305164319248828 0.03833333333333334 0.06338028169014084
2 0.9800000000000001 0.38967136150234744 0.03333333333333333 0.0892018779342723
2 0.8866666666666667 0.01995305164319249 0.05 0.03990610328638498
2 0.7758333333333334 0.0903755868544601 0.04833333333333334 0.09624413145539906
2 0.6208333333333333 0.13732394366197184 0.045000000000000005 0.10093896713615023
2 0.5841666666666667 0.05868544600938967 0.028333333333333335 0.11737089201877934
2 0.5341666666666667 0.15375586854460094 0.04833333333333334 0.11502347417840376
2 0.16583333333333333 0.07511737089201878 0.04166666666666667 0.07981220657276995
2 0.06833333333333334 0.0539906103286385 0.05 0.09859154929577466
