0 0.21500000000000002 0.08867924528301886 0.006666666666666667 0.023899371069182388
0 0.20333333333333334 0.09056603773584905 0.006666666666666667 0.027672955974842765
0 0.2566666666666667 0.11823899371069181 0.008333333333333333 0.03522012578616352
0 0.2541666666666667 0.1641509433962264 0.01 0.03647798742138365
0 0.18916666666666668 0.1811320754716981 0.011666666666666667 0.042767295597484274
0 0.10583333333333333 0.18679245283018867 0.01 0.04150943396226415
0 0.03958333333333334 0.17547169811320754 0.010833333333333334 0.0389937106918239
0 0.016666666666666666 0.18050314465408804 0.01 0.03647798742138365
0 0.31 0.18490566037735848 0.011666666666666667 0.042767295597484274
0 0.35000000000000003 0.18742138364779873 0.01 0.04025157232704402
0 0.3804166666666667 0.19245283018867923 0.009166666666666667 0.03522012578616352
0 0.3875 0.1830188679245283 0.01 0.04150943396226415
0 0.42833333333333334 0.14528301886792452 0.008333333333333333 0.033962264150943396
0 0.4166666666666667 0.14339622641509434 0.01 0.03773584905660377
0 0.40958333333333335 0.14465408805031446 0.009166666666666667 0.03270440251572327
0 0.255 0.5691823899371069 0.028333333333333335 0.10440251572327043
0 0.29708333333333337 0.5735849056603773 0.0275 0.1031446540880503
0 0.34833333333333333 0.5937106918238994 0.030000000000000002 0.11320754716981131
0 0.4079166666666667 0.610691823899371 0.029166666666666667 0.10943396226415093
0 0.4816666666666667 0.6289308176100629 0.03166666666666667 0.11572327044025156
0 0.535 0.6496855345911949 0.03166666666666667 0.11949685534591194
0 0.6025 0.6597484276729559 0.03333333333333333 0.12452830188679245
0 0.6841666666666667 0.690566037735849 0.03333333333333333 0.12327044025157233
0 0.8154166666666667 0.7314465408805031 0.037500000000000006 0.1421383647798742
0 0.8241666666666667 0.6176100628930817 0.03166666666666667 0.11823899371069181
0 0.8533333333333334 0.5415094339622641 0.028333333333333335 0.10691823899371068
0 0.9062500000000001 0.750314465408805 0.037500000000000006 0.1421383647798742
0 0.8975000000000001 0.6289308176100629 0.035 0.13081761006289308
0 0.9029166666666667 0.5446540880503145 0.0275 0.10062893081761005
0 0.3166666666666667 0.5119496855345912 0.02666666666666667 0.0981132075471698
0 0.3579166666666667 0.5182389937106918 0.025833333333333337 0.09559748427672955
0 0.4033333333333334 0.5238993710691824 0.023333333333333334 0.08679245283018867
0 0.46166666666666667 0.5383647798742138 0.023333333333333334 0.09056603773584905
0 0.5166666666666667 0.5534591194968553 0.025 0.0930817610062893
0 0.5820833333333334 0.5710691823899371 0.0275 0.10566037735849056
0 0.6395833333333334 0.5811320754716981 0.030833333333333334 0.11320754716981131
0 0.7175 0.6081761006289308 0.030000000000000002 0.11446540880503144
0 0.7395833333333334 0.5163522012578616 0.025833333333333337 0.09937106918238993
0 0.7683333333333334 0.44402515723270436 0.021666666666666667 0.0830188679245283
0 0.77375 0.3981132075471698 0.022500000000000003 0.08427672955974842
0 0.7920833333333334 0.36477987421383645 0.020833333333333336 0.08050314465408805
0 0.7987500000000001 0.33584905660377357 0.022500000000000003 0.0830188679245283
0 0.81125 0.3113207547169811 0.01916666666666667 0.07169811320754717
0 0.6229166666666667 0.49937106918238994 0.02416666666666667 0.0880503144654088
0 0.5608333333333334 0.48553459119496856 0.023333333333333334 0.0880503144654088
0 0.5025000000000001 0.46918238993710687 0.023333333333333334 0.08553459119496855
0 0.45083333333333336 0.45786163522012574 0.018333333333333333 0.06792452830188679
0 0.4029166666666667 0.4572327044025157 0.02416666666666667 0.08930817610062892
0 0.3591666666666667 0.4433962264150943 0.021666666666666667 0.08176100628930817
0 0.4104166666666667 0.3974842767295597 0.020833333333333336 0.0779874213836478
0 0.4470833333333334 0.4012578616352201 0.020833333333333336 0.07547169811320754
0 0.5375000000000001 0.420125786163522 0.02 0.0779874213836478
0 0.5891666666666667 0.4245283018867924 0.023333333333333334 0.08679245283018867
0 0.6370833333333333 0.4314465408805031 0.01916666666666667 0.07044025157232704
0 0.7083333333333334 0.44276729559748423 0.021666666666666667 0.0830188679245283
0 0.72875 0.39496855345911946 0.020833333333333336 0.0779874213836478
0 0.675 0.5056603773584906 0.025 0.09559748427672955
0 0.7350000000000001 0.3654088050314465 0.021666666666666667 0.08427672955974842
0 0.7495833333333334 0.3270440251572327 0.0175 0.06792452830188679
0 0.7579166666666667 0.3050314465408805 0.0175 0.06666666666666667
0 0.49125 0.4125786163522012 0.01916666666666667 0.07044025157232704
0 0.44833333333333336 0.3660377358490566 0.02 0.07547169811320754
0 0.47708333333333336 0.36289308176100626 0.0175 0.06918238993710692
0 0.5204166666666667 0.36666666666666664 0.0175 0.06666666666666667
0 0.5637500000000001 0.37484276729559746 0.01916666666666667 0.07044025157232704
0 0.6112500000000001 0.380503144654088 0.020833333333333336 0.07924528301886792
0 0.6670833333333334 0.38679245283018865 0.01916666666666667 0.07169811320754717
0 0.6820833333333334 0.35471698113207545 0.020833333333333336 0.08050314465408805
0 0.7041666666666667 0.33081761006289306 0.018333333333333333 0.07044025157232704
0 0.7145833333333333 0.3031446540880503 0.015833333333333335 0.05786163522012578
0 0.4791666666666667 0.330188679245283 0.018333333333333333 0.07169811320754717
0 0.5008333333333334 0.30754716981132074 0.016666666666666666 0.061635220125786164
0 0.52125 0.2849056603773585 0.0175 0.06415094339622641
0 0.5316666666666667 0.31069182389937106 0.016666666666666666 0.06289308176100629
0 0.5583333333333333 0.28867924528301886 0.016666666666666666 0.061635220125786164
0 0.5750000000000001 0.30943396226415093 0.018333333333333333 0.06792452830188679
0 0.5479166666666667 0.3371069182389937 0.01916666666666667 0.0729559748427673
0 0.5916666666666667 0.2893081761006289 0.015000000000000001 0.05786163522012578
0 0.5941666666666667 0.34088050314465407 0.018333333333333333 0.07044025157232704
0 0.6116666666666667 0.31949685534591193 0.016666666666666666 0.06540880503144654
0 0.6266666666666667 0.2962264150943396 0.018333333333333333 0.07169811320754717
0 0.6587500000000001 0.31886792452830187 0.0175 0.06666666666666667
0 0.6362500000000001 0.3490566037735849 0.01916666666666667 0.07169811320754717
0 0.6787500000000001 0.29559748427672955 0.015833333333333335 0.05786163522012578
0 0.8387500000000001 0.45283018867924524 0.022500000000000003 0.08553459119496855
0 0.8558333333333333 0.40566037735849053 0.023333333333333334 0.08930817610062892
0 0.8662500000000001 0.3754716981132075 0.022500000000000003 0.08176100628930817
0 0.8725 0.34088050314465407 0.02 0.0779874213836478
0 0.88 0.3119496855345912 0.016666666666666666 0.06540880503144654
0 0.49000000000000005 0.18742138364779873 0.011666666666666667 0.047798742138364776
0 0.5012500000000001 0.18993710691823898 0.0125 0.047798742138364776
0 0.5116666666666667 0.1880503144654088 0.013333333333333334 0.05157232704402515
0 0.5245833333333334 0.18742138364779873 0.0125 0.047798742138364776
0 0.6245833333333334 0.1861635220125786 0.0125 0.05031446540880503
0 0.6012500000000001 0.16729559748427672 0.0125 0.05031446540880503
0 0.6108333333333333 0.16792452830188678 0.013333333333333334 0.0490566037735849
0 0.6379166666666667 0.16540880503144653 0.014166666666666668 0.05157232704402515
0 0.6691666666666667 0.16729559748427672 0.015000000000000001 0.05534591194968553
0 0.6816666666666668 0.16477987421383647 0.013333333333333334 0.05283018867924528
0 0.70625 0.1691823899371069 0.0125 0.0490566037735849
0 0.5583333333333333 0.17861635220125785 0.011666666666666667 0.047798742138364776
0 0.5375000000000001 0.1761006289308176 0.013333333333333334 0.05283018867924528
0 0.5420833333333334 0.17169811320754716 0.0125 0.04654088050314465
0 0.53125 0.18238993710691823 0.0125 0.047798742138364776
2 0.009583333333333334 0.1830188679245283 0.014166666666666668 0.023899371069182388
2 0.09208333333333334 0.18679245283018867 0.014166666666666668 0.023899371069182388
2 0.29458333333333336 0.18742138364779873 0.009166666666666667 0.01509433962264151
2 0.28833333333333333 0.17044025157232703 0.01 0.011320754716981131
2 0.33916666666666667 0.18930817610062892 0.01 0.016352201257861635
2 0.5125000000000001 0.31069182389937106 0.018333333333333333 0.03522012578616352
2 0.07125000000000001 0.6723270440251572 0.01916666666666667 0.0389937106918239
2 0.09875 0.6767295597484276 0.022500000000000003 0.04025157232704402
2 0.12333333333333334 0.6886792452830188 0.021666666666666667 0.0440251572327044
2 0.14958333333333335 0.70062893081761 0.022500000000000003 0.042767295597484274
2 0.2004166666666667 0.7220125786163522 0.020833333333333336 0.04025157232704402
2 0.22333333333333336 0.7333333333333333 0.018333333333333333 0.045283018867924525
2 0.24541666666666667 0.7383647798742138 0.0175 0.03522012578616352
2 0.27458333333333335 0.740880503144654 0.02416666666666667 0.05283018867924528
2 0.30291666666666667 0.761006289308176 0.020833333333333336 0.042767295597484274
2 0.335 0.7729559748427672 0.021666666666666667 0.054088050314465404
2 0.36750000000000005 0.7779874213836477 0.025 0.04654088050314465
2 0.4 0.7943396226415094 0.021666666666666667 0.0490566037735849
2 0.4291666666666667 0.8081761006289307 0.021666666666666667 0.04150943396226415
2 0.4658333333333334 0.8138364779874213 0.018333333333333333 0.042767295597484274
2 0.5066666666666667 0.8226415094339622 0.023333333333333334 0.045283018867924525
2 0.042083333333333334 0.7050314465408805 0.022500000000000003 0.0389937106918239
2 0.06541666666666666 0.7182389937106918 0.01916666666666667 0.045283018867924525
2 0.08750000000000001 0.7339622641509433 0.016666666666666666 0.04654088050314465
2 0.11416666666666668 0.7339622641509433 0.021666666666666667 0.0440251572327044
2 0.14125000000000001 0.7377358490566037 0.01916666666666667 0.0440251572327044
2 0.1691666666666667 0.7471698113207547 0.02 0.04025157232704402
2 0.19125 0.760377358490566 0.01916666666666667 0.04654088050314465
2 0.22125 0.770440251572327 0.025833333333333337 0.03647798742138365
2 0.24541666666666667 0.7874213836477987 0.0175 0.047798742138364776
2 0.2783333333333334 0.7955974842767295 0.025 0.04654088050314465
2 0.3066666666666667 0.8113207547169811 0.023333333333333334 0.05031446540880503
2 0.34 0.8245283018867924 0.025 0.0389937106918239
2 0.3720833333333334 0.8283018867924528 0.020833333333333336 0.033962264150943396
2 0.037083333333333336 0.7415094339622641 0.022500000000000003 0.04150943396226415
2 0.05708333333333334 0.7584905660377358 0.015833333333333335 0.04025157232704402
2 0.07916666666666668 0.7698113207547169 0.018333333333333333 0.04025157232704402
2 0.16416666666666668 0.80062893081761 0.023333333333333334 0.04654088050314465
2 0.19208333333333336 0.8150943396226414 0.01916666666666667 0.04025157232704402
2 0.2275 0.820754716981132 0.02666666666666667 0.0389937106918239
2 0.008333333333333333 0.740251572327044 0.015000000000000001 0.04654088050314465
2 0.012916666666666668 0.7949685534591194 0.020833333333333336 0.047798742138364776
2 0.04833333333333334 0.7974842767295597 0.023333333333333334 0.05031446540880503
2 0.07333333333333333 0.8194968553459119 0.030000000000000002 0.054088050314465404
2 0.74875 0.19371069182389936 0.015833333333333335 0.027672955974842765
2 0.8645833333333334 0.19937106918238992 0.015833333333333335 0.02893081761006289
2 0.13708333333333333 0.43081761006289304 0.010833333333333334 0.023899371069182388
2 0.15458333333333335 0.4194968553459119 0.015833333333333335 0.021383647798742137
2 0.10208333333333335 0.45408805031446536 0.0125 0.025157232704402514
2 0.08791666666666667 0.47421383647798737 0.015833333333333335 0.022641509433962263
2 0.065 0.4880503144654088 0.018333333333333333 0.022641509433962263
2 0.04666666666666667 0.5025157232704403 0.018333333333333333 0.021383647798742137
2 0.024583333333333336 0.5176100628930818 0.020833333333333336 0.02641509433962264
2 0.18416666666666667 0.3981132075471698 0.018333333333333333 0.018867924528301886
2 0.1991666666666667 0.3924528301886792 0.011666666666666667 0.027672955974842765
2 0.21208333333333335 0.37798742138364777 0.0125 0.02641509433962264
2 0.22833333333333336 0.36792452830188677 0.013333333333333334 0.023899371069182388
2 0.23875000000000002 0.3559748427672956 0.014166666666666668 0.022641509433962263
2 0.25333333333333335 0.34779874213836476 0.011666666666666667 0.031446540880503145
2 0.2625 0.33270440251572325 0.015000000000000001 0.016352201257861635
2 0.2833333333333333 0.3182389937106918 0.011666666666666667 0.02012578616352201
2 0.29500000000000004 0.31383647798742137 0.011666666666666667 0.02641509433962264
2 0.3045833333333334 0.3119496855345912 0.009166666666666667 0.022641509433962263
2 0.315 0.3012578616352201 0.011666666666666667 0.021383647798742137
2 0.32208333333333333 0.2918238993710692 0.010833333333333334 0.01761006289308176
2 0.335 0.2849056603773585 0.011666666666666667 0.021383647798742137
2 0.3425 0.27735849056603773 0.01 0.016352201257861635
2 0.35208333333333336 0.2660377358490566 0.007500000000000001 0.013836477987421382
2 0.3691666666666667 0.2540880503144654 0.013333333333333334 0.02012578616352201
2 0.3816666666666667 0.24654088050314465 0.011666666666666667 0.02012578616352201
2 0.3875 0.24088050314465406 0.006666666666666667 0.023899371069182388
2 0.39458333333333334 0.24276729559748428 0.005833333333333334 0.02012578616352201
2 0.40125000000000005 0.22955974842767293 0.005833333333333334 0.016352201257861635
2 0.41250000000000003 0.2232704402515723 0.01 0.016352201257861635
2 0.42083333333333334 0.21698113207547168 0.01 0.021383647798742137
2 0.4316666666666667 0.21383647798742136 0.008333333333333333 0.027672955974842765
2 0.4354166666666667 0.20503144654088049 0.009166666666666667 0.02012578616352201
2 0.11791666666666667 0.44213836477987417 0.01916666666666667 0.02641509433962264
2 0.16541666666666668 0.40691823899371066 0.015833333333333335 0.02641509433962264
2 0.5316666666666667 0.22641509433962262 0.01 0.01761006289308176
2 0.5479166666666667 0.22767295597484274 0.014166666666666668 0.01761006289308176
2 0.5575 0.2251572327044025 0.013333333333333334 0.02012578616352201
2 0.5758333333333334 0.22641509433962262 0.011666666666666667 0.012578616352201257
2 0.5883333333333334 0.23396226415094337 0.011666666666666667 0.027672955974842765
2 0.6029166666666667 0.23396226415094337 0.0125 0.022641509433962263
2 0.6179166666666667 0.2333333333333333 0.010833333333333334 0.021383647798742137
2 0.6345833333333334 0.23459119496855343 0.014166666666666668 0.02893081761006289
2 0.6466666666666667 0.23773584905660375 0.01 0.01761006289308176
2 0.6641666666666667 0.240251572327044 0.015000000000000001 0.025157232704402514
2 0.68125 0.23647798742138362 0.010833333333333334 0.022641509433962263
2 0.6979166666666667 0.23396226415094337 0.0175 0.022641509433962263
2 0.7108333333333334 0.23962264150943394 0.013333333333333334 0.023899371069182388
2 0.7312500000000001 0.23962264150943394 0.015833333333333335 0.023899371069182388
2 0.74875 0.2383647798742138 0.0125 0.02893081761006289
2 0.7629166666666667 0.23962264150943394 0.010833333333333334 0.02641509433962264
2 0.7833333333333334 0.24654088050314465 0.013333333333333334 0.025157232704402514
2 0.8004166666666667 0.24339622641509434 0.015833333333333335 0.023899371069182388
2 0.81625 0.24088050314465406 0.022500000000000003 0.033962264150943396
2 0.8375 0.24339622641509434 0.013333333333333334 0.018867924528301886
2 0.8550000000000001 0.24213836477987422 0.013333333333333334 0.02641509433962264
2 0.8762500000000001 0.24213836477987422 0.015833333333333335 0.021383647798742137
2 0.8983333333333334 0.2459119496855346 0.016666666666666666 0.021383647798742137
2 0.8075000000000001 0.20880503144654086 0.013333333333333334 0.02012578616352201
2 0.8287500000000001 0.210062893081761 0.007500000000000001 0.01509433962264151
2 0.8441666666666667 0.21257861635220124 0.01 0.01761006289308176
4 0.09958333333333334 0.3 0.18916666666666668 0.19999999999999998
4 0.06458333333333334 0.4566037735849056 0.12416666666666668 0.10817610062893081
4 0.2366666666666667 0.28553459119496855 0.07666666666666667 0.18364779874213835
4 0.3016666666666667 0.2559748427672956 0.04666666666666667 0.12955974842767295
4 0.34375 0.24276729559748428 0.037500000000000006 0.1031446540880503
4 0.3754166666666667 0.230188679245283 0.0275 0.08050314465408805
4 0.4154166666666667 0.21572327044025155 0.04916666666666667 0.0490566037735849
4 0.7233333333333334 0.24465408805031447 0.37333333333333335 0.08679245283018867
