0 0.44083333333333335 0.5658333333333334 0.21166666666666667 0.515
0 0.060833333333333336 0.55 0.12166666666666667 0.38333333333333336
0 0.10916666666666668 0.5291666666666667 0.13166666666666668 0.325
0 0.165 0.5175000000000001 0.12333333333333334 0.305
0 0.2025 0.5033333333333334 0.11833333333333335 0.29333333333333333
0 0.28583333333333333 0.45083333333333336 0.085 0.20833333333333334
0 0.24750000000000003 0.4758333333333334 0.09833333333333334 0.24500000000000002
0 0.3066666666666667 0.4366666666666667 0.08 0.19666666666666668
0 0.32916666666666666 0.4216666666666667 0.06833333333333334 0.17
0 0.9400000000000001 0.5725 0.11666666666666667 0.5683333333333334
0 0.8958333333333334 0.5408333333333334 0.15833333333333335 0.38833333333333336
0 0.8366666666666667 0.5183333333333333 0.1366666666666667 0.33666666666666667
0 0.8175 0.5 0.125 0.31
0 0.7725000000000001 0.4766666666666667 0.10833333333333334 0.27
0 0.7225 0.4525 0.09166666666666667 0.22833333333333336
0 0.6833333333333333 0.42000000000000004 0.07666666666666667 0.18666666666666668
2 0.11333333333333334 0.3491666666666667 0.03333333333333333 0.045000000000000005
2 0.16 0.3458333333333334 0.03333333333333333 0.04833333333333334
2 0.3275 0.35000000000000003 0.025 0.03666666666666667
2 0.37833333333333335 0.3458333333333334 0.02666666666666667 0.04166666666666667
2 0.5316666666666667 0.4133333333333334 0.05666666666666667 0.06666666666666667
2 0.5233333333333333 0.36000000000000004 0.030000000000000002 0.05
2 0.5458333333333334 0.3566666666666667 0.015000000000000001 0.060000000000000005
2 0.5625 0.36333333333333334 0.018333333333333333 0.04
2 0.5850000000000001 0.37583333333333335 0.02666666666666667 0.045000000000000005
2 0.7075 0.33416666666666667 0.03166666666666667 0.03833333333333334
2 0.8 0.35833333333333334 0.03333333333333333 0.06333333333333334
2 0.9500000000000001 0.3416666666666667 0.02666666666666667 0.03666666666666667
2 0.9700000000000001 0.33416666666666667 0.023333333333333334 0.035
