0 0.6950000000000001 0.15512048192771086 0.034 0.13554216867469882
2 0.12 0.9277108433734941 0.1 0.13855421686746988
2 0.198 0.8945783132530121 0.088 0.13855421686746988
2 0.511 0.8765060240963856 0.094 0.19879518072289157
2 0.6900000000000001 0.8132530120481928 0.08 0.16867469879518074
2 0.8240000000000001 0.875 0.092 0.15963855421686748
2 0.96 0.8825301204819278 0.068 0.14457831325301207
2 0.756 0.5737951807228916 0.068 0.08132530120481928
2 0.732 0.49397590361445787 0.048 0.07228915662650603
2 0.6990000000000001 0.4427710843373494 0.046 0.07228915662650603
2 0.649 0.4593373493975904 0.054 0.08132530120481928
2 0.55 0.45783132530120485 0.064 0.09036144578313253
2 0.49 0.411144578313253 0.044 0.08132530120481928
2 0.47500000000000003 0.46837349397590367 0.03 0.08734939759036145
2 0.437 0.4623493975903615 0.034 0.07530120481927711
2 0.394 0.4608433734939759 0.048 0.09036144578313253
2 0.31 0.4292168674698795 0.044 0.06325301204819278
2 0.28700000000000003 0.4728915662650603 0.046 0.08433734939759037
2 0.314 0.5617469879518072 0.06 0.08734939759036145
2 0.211 0.4668674698795181 0.05 0.07228915662650603
2 0.149 0.4819277108433735 0.058 0.10240963855421688
2 0.066 0.49397590361445787 0.048 0.08433734939759037
2 0.08600000000000001 0.44578313253012053 0.056 0.06626506024096386
2 0.039 0.5 0.038 0.09036144578313253
2 0.012 0.5 0.016 0.08433734939759037
2 0.9390000000000001 0.47138554216867473 0.042 0.06325301204819278
2 0.962 0.4051204819277109 0.036000000000000004 0.06927710843373494
2 0.972 0.3629518072289157 0.036000000000000004 0.06325301204819278
2 0.883 0.3885542168674699 0.038 0.0783132530120482
2 0.8270000000000001 0.3930722891566265 0.038 0.07530120481927711
2 0.79 0.3795180722891566 0.036000000000000004 0.0783132530120482
2 0.756 0.36596385542168675 0.036000000000000004 0.06325301204819278
2 0.6900000000000001 0.3569277108433735 0.052000000000000005 0.06927710843373494
2 0.586 0.375 0.04 0.07530120481927711
2 0.597 0.3057228915662651 0.046 0.057228915662650606
2 0.544 0.35240963855421686 0.032 0.05421686746987952
2 0.507 0.25903614457831325 0.03 0.05421686746987952
2 0.498 0.2063253012048193 0.032 0.0391566265060241
2 0.452 0.2530120481927711 0.028 0.05421686746987952
2 0.444 0.20933734939759038 0.028 0.045180722891566265
2 0.055 0.23493975903614459 0.038 0.07228915662650603
2 0.06 0.355421686746988 0.036000000000000004 0.060240963855421686
2 0.088 0.266566265060241 0.028 0.05120481927710844
2 0.113 0.28313253012048195 0.022 0.060240963855421686
2 0.134 0.27560240963855426 0.02 0.06927710843373494
2 0.188 0.2605421686746988 0.032 0.06927710843373494
2 0.155 0.286144578313253 0.026000000000000002 0.06626506024096386
2 0.013000000000000001 0.23343373493975905 0.026000000000000002 0.06927710843373494
2 0.252 0.18072289156626506 0.044 0.06626506024096386
2 0.343 0.2786144578313253 0.034 0.05120481927710844
2 0.356 0.2424698795180723 0.032 0.06325301204819278
2 0.304 0.23192771084337352 0.028 0.0783132530120482
2 0.392 0.22590361445783133 0.032 0.06626506024096386
2 0.417 0.16566265060240964 0.03 0.06626506024096386
2 0.591 0.13704819277108435 0.026000000000000002 0.03313253012048193
2 0.596 0.23343373493975905 0.028 0.0391566265060241
2 0.561 0.2274096385542169 0.034 0.06325301204819278
2 0.65 0.26506024096385544 0.036000000000000004 0.05421686746987952
2 0.679 0.25903614457831325 0.03 0.05421686746987952
2 0.706 0.2680722891566265 0.024 0.060240963855421686
2 0.741 0.2635542168674699 0.042 0.06325301204819278
2 0.779 0.26506024096385544 0.026000000000000002 0.05421686746987952
2 0.779 0.19126506024096387 0.03 0.057228915662650606
2 0.836 0.2876506024096386 0.032 0.057228915662650606
2 0.895 0.2605421686746988 0.034 0.045180722891566265
2 0.872 0.25903614457831325 0.024 0.04819277108433735
2 0.923 0.18072289156626506 0.038 0.05421686746987952
2 0.964 0.2545180722891566 0.024 0.045180722891566265
2 0.978 0.21987951807228917 0.028 0.042168674698795185
2 0.806 0.2063253012048193 0.028 0.05120481927710844
2 0.8290000000000001 0.21234939759036145 0.022 0.05120481927710844
