0 0.111 0.6583629893238434 0.146 0.6334519572953736
0 0.487 0.6832740213523132 0.14200000000000002 0.6192170818505338
0 0.354 0.5836298932384342 0.124 0.5409252669039145
0 0.194 0.597864768683274 0.108 0.4768683274021352
0 0.75 0.6405693950177935 0.136 0.5907473309608541
0 0.27 0.43416370106761565 0.044 0.199288256227758
0 0.5670000000000001 0.43238434163701067 0.066 0.2882562277580071
0 0.602 0.4679715302491103 0.056 0.25266903914590744
0 0.634 0.48398576512455516 0.064 0.2846975088967971
0 0.673 0.494661921708185 0.074 0.32028469750889677
0 0.71 0.5444839857651246 0.076 0.3416370106761566
0 0.405 0.43238434163701067 0.042 0.18861209964412812
0 0.423 0.4448398576512455 0.042 0.18505338078291814
0 0.8310000000000001 0.695729537366548 0.134 0.5871886120996441
0 0.903 0.6672597864768683 0.146 0.6441281138790035
2 0.358 0.3185053380782918 0.02 0.046263345195729534
2 0.379 0.3558718861209964 0.018000000000000002 0.0498220640569395
2 0.446 0.36476868327402134 0.016 0.05338078291814946
2 0.47300000000000003 0.3558718861209964 0.018000000000000002 0.0498220640569395
2 0.504 0.35409252669039143 0.028 0.05338078291814946
2 0.52 0.40213523131672596 0.024 0.07117437722419928
2 0.542 0.41459074733096085 0.024 0.06761565836298931
2 0.65 0.3362989323843416 0.02 0.046263345195729534
2 0.6880000000000001 0.3309608540925267 0.036000000000000004 0.07117437722419928
2 0.72 0.39679715302491103 0.032 0.0889679715302491
2 0.812 0.31494661921708184 0.048 0.0889679715302491
2 0.798 0.3683274021352313 0.036000000000000004 0.08185053380782918
3 0.882 0.31494661921708184 0.07200000000000001 0.08185053380782918
