0 0.8409090909090909 0.42385786802030456 0.06 0.20304568527918782
0 0.9636363636363636 0.3959390862944162 0.03272727272727273 0.11675126903553298
0 0.9381818181818182 0.39213197969543145 0.03636363636363636 0.12436548223350252
0 0.8190909090909091 0.4175126903553299 0.056363636363636366 0.19035532994923857
0 0.7745454545454545 0.4213197969543147 0.05454545454545454 0.19289340101522842
0 0.38272727272727275 0.41370558375634514 0.045454545454545456 0.16243654822335024
0 0.32 0.41370558375634514 0.05090909090909091 0.18274111675126903
0 0.21363636363636362 0.4022842639593908 0.045454545454545456 0.1548223350253807
0 0.25727272727272726 0.4111675126903553 0.04181818181818182 0.14213197969543145
0 0.2381818181818182 0.4022842639593908 0.04 0.13959390862944163
0 0.8718181818181818 0.4098984771573604 0.034545454545454546 0.12436548223350252
0 0.8572727272727273 0.40609137055837563 0.045454545454545456 0.15736040609137056
2 0.17363636363636364 0.3642131979695431 0.023636363636363636 0.06852791878172589
2 0.28454545454545455 0.3527918781725888 0.023636363636363636 0.04568527918781726
2 0.44181818181818183 0.33502538071065985 0.04 0.050761421319796954
2 0.49363636363636365 0.3439086294416243 0.03090909090909091 0.06852791878172589
2 0.6990909090909091 0.3769035532994924 0.02 0.05837563451776649
2 0.7081818181818181 0.36167512690355325 0.016363636363636365 0.03807106598984771
2 0.7527272727272727 0.348984771573604 0.01818181818181818 0.03807106598984771
