0 0.26625 0.7883333333333333 0.0625 0.20333333333333334
0 0.29875 0.8 0.0575 0.18666666666666668
0 0.33375 0.78 0.0625 0.21333333333333335
0 0.37125 0.795 0.0575 0.19666666666666668
0 0.4475 0.7916666666666667 0.065 0.21000000000000002
0 0.49125 0.77 0.0625 0.2066666666666667
0 0.53625 0.7916666666666667 0.0625 0.20333333333333334
0 0.5525 0.7716666666666667 0.06 0.20333333333333334
0 0.6 0.79 0.06 0.2
0 0.67 0.7966666666666667 0.055 0.18000000000000002
0 0.69625 0.7766666666666667 0.0625 0.2
0 0.76125 0.785 0.0825 0.27
0 0.78625 0.7766666666666667 0.0775 0.25333333333333335
0 0.8725 0.7383333333333334 0.04 0.13
0 0.89875 0.7416666666666667 0.0275 0.09000000000000001
0 0.9875 0.7350000000000001 0.02 0.11666666666666667
0 0.12125 0.76 0.0225 0.08
0 0.06125 0.7683333333333334 0.0175 0.05666666666666667
0 0.9275 0.7383333333333334 0.03 0.11
0 0.96375 0.7566666666666667 0.0225 0.08
0 0.83125 0.7466666666666667 0.0275 0.09333333333333334
2 0.395 0.6916666666666668 0.035 0.06333333333333334
2 0.61125 0.6983333333333334 0.0225 0.06333333333333334
