0 0.06 0.6708185053380783 0.052000000000000005 0.22419928825622776
0 0.085 0.6548042704626335 0.042 0.18505338078291814
0 0.132 0.7241992882562277 0.076 0.3309608540925267
0 0.229 0.6779359430604982 0.054 0.2384341637010676
0 0.27 0.6725978647686832 0.04 0.18505338078291814
0 0.339 0.6441281138790035 0.034 0.1494661921708185
0 0.37 0.6565836298932384 0.04 0.17437722419928825
0 0.418 0.701067615658363 0.06 0.26334519572953735
0 0.46900000000000003 0.6601423487544483 0.034 0.15302491103202845
0 0.508 0.6743772241992882 0.044 0.19572953736654802
0 0.549 0.6601423487544483 0.034 0.16014234875444838
0 0.5750000000000001 0.6850533807829181 0.054 0.24555160142348753
0 0.619 0.6637010676156583 0.038 0.16725978647686832
0 0.601 0.6459074733096085 0.026000000000000002 0.11032028469750889
0 0.641 0.6565836298932384 0.026000000000000002 0.12455516014234874
0 0.677 0.7170818505338078 0.074 0.3309608540925267
0 0.711 0.6548042704626335 0.022 0.10676156583629892
0 0.757 0.6708185053380783 0.042 0.18149466192170818
0 0.744 0.6583629893238434 0.028 0.13523131672597863
0 0.8180000000000001 0.6494661921708185 0.028 0.13167259786476868
0 0.8170000000000001 0.6743772241992882 0.034 0.15302491103202845
0 0.882 0.6690391459074733 0.028 0.13523131672597863
0 0.9430000000000001 0.6832740213523132 0.042 0.18505338078291814
2 0.429 0.5854092526690391 0.022 0.06761565836298931
