0 0.06141522029372497 0.5195729537366548 0.12016021361815754 0.39145907473309605
0 0.205607476635514 0.5266903914590747 0.12283044058744993 0.398576512455516
0 0.2570093457943925 0.5204626334519573 0.11081441922563418 0.36476868327402134
0 0.40854472630173566 0.547153024911032 0.11214953271028037 0.3683274021352313
0 0.14419225634178906 0.5097864768683273 0.11214953271028037 0.36476868327402134
0 0.022029372496662217 0.2686832740213523 0.044058744993324434 0.1494661921708185
0 0.1542056074766355 0.27313167259786475 0.044058744993324434 0.14412811387900354
0 0.5307076101468625 0.2918149466192171 0.04672897196261682 0.15302491103202845
0 0.664886515353805 0.27402135231316727 0.042723631508678236 0.1387900355871886
0 0.7363150867823764 0.29270462633451955 0.0520694259012016 0.17259786476868327
0 0.7656875834445928 0.28291814946619215 0.03871829105473965 0.13167259786476868
0 0.7082777036048064 0.2900355871886121 0.04672897196261682 0.15658362989323843
0 0.8170894526034713 0.28291814946619215 0.042723631508678236 0.14234875444839856
0 0.9499332443257676 0.298932384341637 0.03871829105473965 0.12455516014234874
0 0.9819759679572764 0.2766903914590747 0.03337783711615487 0.12277580071174377
0 0.9299065420560747 0.10676156583629892 0.03337783711615487 0.10676156583629892
0 0.8978638184245661 0.07473309608540925 0.030707610146862484 0.10320284697508897
2 0.14218958611481974 0.3274021352313167 0.04672897196261682 0.07473309608540925
2 0.11481975967957277 0.20551601423487542 0.037383177570093455 0.06227758007117437
2 0.06275033377837116 0.2001779359430605 0.032042723631508674 0.09430604982206406
2 0.22029372496662217 0.20284697508896796 0.029372496662216287 0.05338078291814946
2 0.2643524699599466 0.20729537366548043 0.029372496662216287 0.051601423487544484
2 0.33377837116154874 0.22153024911032027 0.032042723631508674 0.055160142348754444
2 0.4612817089452603 0.2944839857651245 0.036048064085447265 0.10854092526690391
2 0.5700934579439252 0.2179715302491103 0.02403204272363151 0.051601423487544484
2 0.965954606141522 0.04181494661921708 0.030707610146862484 0.07295373665480427
2 0.1542056074766355 0.18327402135231316 0.025367156208277702 0.028469750889679714
2 0.9646194926568759 0.1494661921708185 0.020026702269692925 0.08185053380782918
2 0.9032042723631508 0.2846975088967971 0.028037383177570093 0.07473309608540925
2 0.050734312416555405 0.029359430604982206 0.029372496662216287 0.04092526690391459
2 0.019359145527369826 0.07206405693950177 0.020026702269692925 0.037366548042704624
2 0.015353805073431242 0.099644128113879 0.020026702269692925 0.042704626334519574
2 0.17222963951935913 0.09341637010676156 0.02403204272363151 0.030249110320284697
2 0.16889185580774366 0.11120996441281138 0.020026702269692925 0.037366548042704624
2 0.20627503337783712 0.12366548042704625 0.022696929238985312 0.055160142348754444
2 0.21428571428571427 0.03202846975088968 0.020026702269692925 0.042704626334519574
2 0.2376502002670227 0.045373665480427046 0.02403204272363151 0.02669039145907473
2 0.23698264352469958 0.07295373665480427 0.020026702269692925 0.02491103202846975
2 0.2303070761014686 0.09697508896797152 0.020026702269692925 0.030249110320284697
2 0.205607476635514 0.06761565836298931 0.018691588785046728 0.028469750889679714
2 0.27036048064085444 0.06316725978647686 0.025367156208277702 0.030249110320284697
2 0.23431241655540722 0.1298932384341637 0.020026702269692925 0.042704626334519574
2 0.26568758344459276 0.11032028469750889 0.016021361815754337 0.03558718861209964
2 0.28905206942590117 0.11120996441281138 0.020026702269692925 0.04092526690391459
2 0.3144192256341789 0.09074733096085409 0.020026702269692925 0.03558718861209964
2 0.3377837116154873 0.09163701067615658 0.018691588785046728 0.03380782918149466
2 0.36248331108144194 0.021352313167259787 0.036048064085447265 0.03914590747330961
2 0.3584779706275033 0.06583629893238434 0.028037383177570093 0.03914590747330961
2 0.3885180240320427 0.08274021352313167 0.0267022696929239 0.02669039145907473
2 0.3891855807743658 0.11032028469750889 0.017356475300400534 0.03202846975088968
2 0.40053404539385845 0.13256227758007116 0.021361815754339118 0.04092526690391459
2 0.4252336448598131 0.12633451957295372 0.012016021361815754 0.021352313167259787
2 0.4445927903871829 0.1307829181494662 0.016021361815754337 0.03380782918149466
2 0.4185580774365821 0.0898576512455516 0.020026702269692925 0.02669039145907473
2 0.45861148197596796 0.023131672597864767 0.022696929238985312 0.03202846975088968
2 0.4412550066755674 0.0596085409252669 0.028037383177570093 0.037366548042704624
2 0.45794392523364486 0.06316725978647686 0.016021361815754337 0.030249110320284697
2 0.4692923898531375 0.12722419928825623 0.014686248331108143 0.030249110320284697
2 0.4959946595460614 0.15391459074733096 0.020026702269692925 0.04804270462633452
2 0.5166889185580774 0.13345195729537365 0.02403204272363151 0.03202846975088968
2 0.562082777036048 0.12010676156583629 0.0267022696929239 0.051601423487544484
2 0.5934579439252337 0.15391459074733096 0.028037383177570093 0.051601423487544484
2 0.6335113484646194 0.13167259786476868 0.022696929238985312 0.05693950177935943
2 0.6475300400534045 0.1494661921708185 0.021361815754339118 0.03558718861209964
2 0.678237650200267 0.1396797153024911 0.04005340453938585 0.03380782918149466
2 0.7036048064085447 0.14234875444839856 0.018691588785046728 0.03202846975088968
2 0.7369826435246996 0.12811387900355872 0.021361815754339118 0.03914590747330961
2 0.7676902536715621 0.13523131672597863 0.0267022696929239 0.028469750889679714
2 0.7102803738317757 0.021352313167259787 0.0267022696929239 0.03914590747330961
2 0.6748998664886515 0.019572953736654804 0.025367156208277702 0.03914590747330961
2 0.6361815754339119 0.01601423487544484 0.020026702269692925 0.03202846975088968
2 0.5874499332443257 0.022241992882562275 0.02403204272363151 0.04448398576512455
2 0.5574098798397864 0.014234875444839857 0.017356475300400534 0.028469750889679714
2 0.5387182910547397 0.015124555160142349 0.020026702269692925 0.030249110320284697
2 0.5233644859813084 0.08362989323843416 0.02403204272363151 0.0498220640569395
2 0.5514018691588785 0.08274021352313167 0.029372496662216287 0.030249110320284697
