0 0.16561181434599154 0.5401929260450161 0.22995780590717296 0.8617363344051446
0 0.24472573839662445 0.3858520900321543 0.0970464135021097 0.3665594855305466
0 0.3132911392405063 0.35691318327974275 0.08649789029535865 0.3215434083601286
0 0.5580168776371307 0.3327974276527331 0.06540084388185653 0.24115755627009647
0 0.6360759493670886 0.342443729903537 0.07383966244725738 0.2797427652733119
0 0.6888185654008439 0.34887459807073956 0.07383966244725738 0.2733118971061093
0 0.7362869198312235 0.3504823151125402 0.07172995780590717 0.27009646302250806
0 0.7858649789029535 0.3842443729903537 0.056962025316455694 0.22186495176848875
0 0.9251054852320675 0.33440514469453375 0.09071729957805906 0.3472668810289389
0 0.9430379746835442 0.4758842443729904 0.10970464135021096 0.4437299035369775
2 0.4187763713080168 0.23472668810289388 0.06540084388185653 0.0707395498392283
2 0.3713080168776371 0.33762057877813506 0.050632911392405056 0.10932475884244373
2 0.4261603375527426 0.3311897106109325 0.0590717299578059 0.10932475884244373
2 0.4535864978902953 0.32636655948553056 0.03797468354430379 0.0932475884244373
2 0.47573839662447254 0.3183279742765273 0.035864978902953586 0.12861736334405144
2 0.5137130801687764 0.36816720257234725 0.044303797468354424 0.14469453376205788
