0 0.06333333333333334 0.3875912408759124 0.11666666666666667 0.5007299270072992
0 0.39333333333333337 0.5883211678832116 0.14166666666666666 0.6072992700729927
0 0.47750000000000004 0.7116788321167883 0.08333333333333334 0.3576642335766423
0 0.6570833333333334 0.6408759124087591 0.11916666666666667 0.5080291970802919
0 0.8220833333333334 0.6145985401459854 0.12583333333333335 0.5401459854014599
0 0.69625 0.45912408759124085 0.15416666666666667 0.6583941605839415
0 0.5295833333333334 0.26934306569343064 0.06416666666666668 0.27883211678832115
0 0.28250000000000003 0.25401459854014596 0.065 0.2773722627737226
0 0.10083333333333334 0.1627737226277372 0.05666666666666667 0.24671532846715327
0 0.19 0.2817518248175182 0.085 0.36496350364963503
0 0.47458333333333336 0.1627737226277372 0.06416666666666668 0.27883211678832115
0 0.5391666666666667 0.13284671532846715 0.058333333333333334 0.2510948905109489
0 0.5945833333333334 0.11459854014598539 0.052500000000000005 0.22919708029197078
0 0.57125 0.09999999999999999 0.04583333333333334 0.19999999999999998
0 0.47708333333333336 0.5773722627737226 0.14583333333333334 0.6233576642335766
2 0.02291666666666667 0.07737226277372262 0.0275 0.072992700729927
2 0.04833333333333334 0.041605839416058395 0.02666666666666667 0.06861313868613138
2 0.08166666666666667 0.06131386861313868 0.02 0.05255474452554744
2 0.15708333333333335 0.05328467153284671 0.029166666666666667 0.05401459854014598
2 0.17416666666666666 0.03503649635036496 0.023333333333333334 0.058394160583941604
2 0.20625000000000002 0.031386861313868614 0.020833333333333336 0.04817518248175182
2 0.23708333333333334 0.04306569343065693 0.029166666666666667 0.059854014598540145
2 0.26916666666666667 0.05620437956204379 0.02666666666666667 0.06277372262773723
2 0.2991666666666667 0.03284671532846715 0.025 0.05693430656934306
2 0.32875000000000004 0.05547445255474452 0.025833333333333337 0.04671532846715328
2 0.35583333333333333 0.04598540145985401 0.030000000000000002 0.0656934306569343
2 0.39208333333333334 0.0751824817518248 0.030833333333333334 0.07153284671532846
2 0.4091666666666667 0.15766423357664233 0.04 0.09343065693430656
2 0.35583333333333333 0.3014598540145985 0.043333333333333335 0.11240875912408758
2 0.38708333333333333 0.345985401459854 0.0475 0.15766423357664233
2 0.88875 0.22262773722627735 0.0425 0.1386861313868613
2 0.8954166666666667 0.09708029197080291 0.037500000000000006 0.12700729927007298
2 0.8408333333333334 0.1291970802919708 0.04166666666666667 0.0948905109489051
2 0.6341666666666667 0.12554744525547445 0.030000000000000002 0.06131386861313868
2 0.49875 0.024817518248175182 0.029166666666666667 0.049635036496350364
2 0.4216666666666667 0.04744525547445255 0.023333333333333334 0.04817518248175182
2 0.44333333333333336 0.02627737226277372 0.025 0.04671532846715328
2 0.8058333333333334 0.0437956204379562 0.035 0.07007299270072992
2 0.7704166666666667 0.07591240875912408 0.030833333333333334 0.08467153284671532
2 0.7291666666666667 0.10437956204379562 0.04166666666666667 0.07445255474452554
2 0.6737500000000001 0.08102189781021897 0.029166666666666667 0.07153284671532846
2 0.6191666666666668 0.029197080291970802 0.02666666666666667 0.0437956204379562
2 0.6379166666666667 0.02627737226277372 0.025833333333333337 0.03795620437956204
