0 0.8391666666666667 0.8074534161490683 0.065 0.3043478260869565
0 0.8016666666666667 0.7919254658385093 0.06666666666666667 0.3105590062111801
0 0.7508333333333334 0.7950310559006211 0.06833333333333334 0.3105590062111801
0 0.7033333333333334 0.7872670807453416 0.06666666666666667 0.3012422360248447
0 0.6591666666666667 0.7903726708074533 0.06833333333333334 0.3136645962732919
0 0.6133333333333334 0.7872670807453416 0.06666666666666667 0.3012422360248447
0 0.5758333333333334 0.7841614906832297 0.06833333333333334 0.3136645962732919
0 0.5283333333333333 0.7903726708074533 0.06333333333333334 0.2950310559006211
0 0.48250000000000004 0.7826086956521738 0.065 0.2981366459627329
0 0.4416666666666667 0.7748447204968943 0.07333333333333333 0.3322981366459627
0 0.38833333333333336 0.781055900621118 0.06666666666666667 0.3074534161490683
0 0.34500000000000003 0.7903726708074533 0.060000000000000005 0.2826086956521739
0 0.2891666666666667 0.7826086956521738 0.065 0.3043478260869565
0 0.20333333333333334 0.7841614906832297 0.06666666666666667 0.3012422360248447
0 0.12000000000000001 0.7748447204968943 0.06666666666666667 0.3136645962732919
0 0.04166666666666667 0.75 0.060000000000000005 0.2826086956521739
0 0.9083333333333334 0.7406832298136645 0.023333333333333334 0.10869565217391304
2 0.17750000000000002 0.6459627329192547 0.03166666666666667 0.06832298136645962
2 0.22583333333333336 0.6599378881987578 0.035 0.06521739130434782
2 0.3691666666666667 0.6273291925465838 0.028333333333333335 0.049689440993788817
2 0.42083333333333334 0.6413043478260869 0.021666666666666667 0.05279503105590062
2 0.505 0.6568322981366459 0.016666666666666666 0.05279503105590062
2 0.8841666666666668 0.6785714285714285 0.03166666666666667 0.07763975155279502
