0 0.045000000000000005 0.5384615384615385 0.05 0.20329670329670332
0 0.925 0.532967032967033 0.07 0.29120879120879123
0 0.9733333333333334 0.5192307692307693 0.05 0.27472527472527475
0 0.9441666666666667 0.4986263736263737 0.058333333333333334 0.23351648351648355
2 0.11833333333333335 0.4010989010989011 0.05333333333333334 0.1043956043956044
2 0.13416666666666668 0.631868131868132 0.055 0.18131868131868134
2 0.19583333333333336 0.6002747252747254 0.03833333333333334 0.12362637362637363
2 0.24750000000000003 0.6208791208791209 0.04833333333333334 0.1263736263736264
2 0.315 0.6112637362637363 0.04666666666666667 0.10714285714285715
2 0.3741666666666667 0.6126373626373627 0.04166666666666667 0.09890109890109891
2 0.4525 0.5728021978021979 0.035 0.09615384615384616
2 0.5675 0.5782967032967034 0.045000000000000005 0.09065934065934067
2 0.6358333333333334 0.5851648351648352 0.06166666666666667 0.1208791208791209
2 0.7000000000000001 0.5947802197802198 0.04666666666666667 0.10164835164835166
2 0.7925000000000001 0.5892857142857143 0.05166666666666667 0.13461538461538464
2 0.8683333333333334 0.614010989010989 0.060000000000000005 0.11813186813186814
2 0.8283333333333334 0.37362637362637363 0.05 0.14285714285714288
2 0.7516666666666667 0.3942307692307693 0.060000000000000005 0.11813186813186814
2 0.6533333333333333 0.3763736263736264 0.05333333333333334 0.13186813186813187
2 0.5675 0.396978021978022 0.03833333333333334 0.12362637362637363
2 0.48333333333333334 0.3818681318681319 0.03333333333333333 0.08791208791208792
2 0.42000000000000004 0.37500000000000006 0.04666666666666667 0.12362637362637363
2 0.35500000000000004 0.39148351648351654 0.05333333333333334 0.09615384615384616
2 0.2966666666666667 0.41483516483516486 0.030000000000000002 0.09890109890109891
2 0.23583333333333334 0.38324175824175827 0.045000000000000005 0.09615384615384616
2 0.21250000000000002 0.44642857142857145 0.065 0.10164835164835166
2 0.2725 0.4945054945054945 0.04166666666666667 0.08791208791208792
2 0.3416666666666667 0.4986263736263737 0.043333333333333335 0.09065934065934067
2 0.42083333333333334 0.49313186813186816 0.04166666666666667 0.10164835164835166
2 0.4766666666666667 0.5013736263736264 0.04 0.09065934065934067
2 0.5383333333333333 0.5041208791208791 0.043333333333333335 0.09615384615384616
2 0.6341666666666667 0.5013736263736264 0.055 0.09065934065934067
2 0.8791666666666668 0.40659340659340665 0.04166666666666667 0.09340659340659341
