0 0.8425 0.7275 0.14500000000000002 0.535
0 0.3775 0.7175 0.15166666666666667 0.56
0 0.5700000000000001 0.59 0.11 0.405
0 0.4733333333333334 0.45875 0.05666666666666667 0.20750000000000002
0 0.20333333333333334 0.61 0.12666666666666668 0.465
0 0.1675 0.535 0.09166666666666667 0.335
0 0.14666666666666667 0.4825 0.07666666666666667 0.28
0 0.3066666666666667 0.44 0.05 0.185
0 0.275 0.41500000000000004 0.04 0.145
0 0.2575 0.40125 0.035 0.1375
0 0.9208333333333334 0.5325 0.08166666666666667 0.3
0 0.7775000000000001 0.55 0.09166666666666667 0.34
0 0.6016666666666667 0.4825 0.07 0.26
0 0.6391666666666667 0.41500000000000004 0.03833333333333334 0.145
0 0.7083333333333334 0.4225 0.04666666666666667 0.17
0 0.7191666666666667 0.4025 0.03833333333333334 0.14
0 0.7483333333333334 0.46875 0.05666666666666667 0.2125
0 0.9516666666666668 0.44625000000000004 0.04666666666666667 0.17250000000000001
0 0.35250000000000004 0.4625 0.065 0.245
0 0.08916666666666667 0.34875 0.021666666666666667 0.0775
0 0.12166666666666667 0.44625000000000004 0.05666666666666667 0.2125
0 0.2366666666666667 0.3625 0.023333333333333334 0.085
0 0.37833333333333335 0.38125000000000003 0.02666666666666667 0.0975
0 0.5008333333333334 0.39 0.028333333333333335 0.11
0 0.52 0.37375 0.023333333333333334 0.0925
0 0.5416666666666667 0.42 0.04 0.15
0 0.6183333333333334 0.43625 0.05 0.1875
2 0.8766666666666667 0.36375 0.023333333333333334 0.0675
2 0.8250000000000001 0.37875000000000003 0.016666666666666666 0.0475
2 0.8291666666666667 0.35625 0.018333333333333333 0.0425
2 0.4266666666666667 0.41250000000000003 0.05 0.1
4 0.3225 0.32125 0.5683333333333334 0.0675
