0 0.039 0.5421686746987953 0.042 0.1566265060240964
0 0.147 0.5316265060240964 0.042 0.1536144578313253
0 0.183 0.6204819277108434 0.062 0.23493975903614459
0 0.226 0.6144578313253012 0.068 0.24698795180722893
0 0.261 0.6174698795180723 0.066 0.2530120481927711
0 0.29 0.6189759036144579 0.064 0.23795180722891568
0 0.326 0.6234939759036144 0.068 0.24698795180722893
0 0.361 0.6204819277108434 0.066 0.24096385542168675
0 0.852 0.6009036144578314 0.07200000000000001 0.2740963855421687
0 0.839 0.5647590361445783 0.07 0.2560240963855422
0 0.795 0.6114457831325302 0.066 0.2530120481927711
0 0.741 0.6159638554216867 0.066 0.25
0 0.6890000000000001 0.6099397590361446 0.07 0.2560240963855422
0 0.638 0.608433734939759 0.07200000000000001 0.26506024096385544
0 0.603 0.6204819277108434 0.066 0.2530120481927711
0 0.5650000000000001 0.6144578313253012 0.07 0.26506024096385544
0 0.518 0.6189759036144579 0.068 0.25
0 0.47900000000000004 0.625 0.07 0.2560240963855422
0 0.439 0.6295180722891567 0.062 0.22891566265060243
0 0.398 0.6189759036144579 0.064 0.24397590361445784
2 0.19 0.48945783132530124 0.024 0.045180722891566265
2 0.212 0.4743975903614458 0.02 0.045180722891566265
2 0.219 0.44427710843373497 0.018000000000000002 0.03313253012048193
2 0.234 0.4774096385542169 0.016 0.0391566265060241
2 0.244 0.44728915662650603 0.016 0.0391566265060241
2 0.275 0.4849397590361446 0.018000000000000002 0.03614457831325302
2 0.266 0.4623493975903615 0.016 0.02710843373493976
2 0.263 0.44427710843373497 0.018000000000000002 0.0391566265060241
2 0.292 0.4382530120481928 0.016 0.0391566265060241
2 0.303 0.4623493975903615 0.014 0.03313253012048193
2 0.314 0.4819277108433735 0.02 0.03614457831325302
2 0.34800000000000003 0.46385542168674704 0.016 0.042168674698795185
2 0.363 0.48343373493975905 0.018000000000000002 0.03313253012048193
2 0.334 0.45180722891566266 0.016 0.042168674698795185
2 0.324 0.45030120481927716 0.016 0.0391566265060241
2 0.373 0.4487951807228916 0.018000000000000002 0.03614457831325302
2 0.388 0.4382530120481928 0.016 0.03313253012048193
2 0.395 0.46987951807228917 0.018000000000000002 0.042168674698795185
2 0.41200000000000003 0.4849397590361446 0.016 0.042168674698795185
2 0.436 0.46536144578313254 0.016 0.045180722891566265
2 0.418 0.4412650602409639 0.016 0.045180722891566265
2 0.455 0.4819277108433735 0.022 0.04819277108433735
2 0.462 0.4292168674698795 0.02 0.045180722891566265
2 0.45 0.4382530120481928 0.016 0.03313253012048193
2 0.481 0.45180722891566266 0.022 0.04819277108433735
2 0.501 0.46987951807228917 0.022 0.042168674698795185
2 0.546 0.4728915662650603 0.016 0.03614457831325302
2 0.527 0.44578313253012053 0.018000000000000002 0.042168674698795185
2 0.5 0.4382530120481928 0.016 0.0391566265060241
2 0.548 0.4427710843373494 0.02 0.03614457831325302
2 0.5660000000000001 0.4292168674698795 0.024 0.045180722891566265
2 0.5710000000000001 0.4623493975903615 0.018000000000000002 0.0391566265060241
2 0.588 0.4954819277108434 0.016 0.0391566265060241
2 0.584 0.4352409638554217 0.02 0.0391566265060241
2 0.61 0.4548192771084338 0.02 0.04819277108433735
2 0.63 0.4412650602409639 0.016 0.045180722891566265
2 0.602 0.4246987951807229 0.016 0.042168674698795185
2 0.656 0.47138554216867473 0.024 0.045180722891566265
2 0.654 0.41867469879518077 0.016 0.04819277108433735
2 0.678 0.4593373493975904 0.02 0.0391566265060241
2 0.711 0.46837349397590367 0.022 0.045180722891566265
2 0.768 0.4819277108433735 0.024 0.042168674698795185
2 0.86 0.4367469879518073 0.02 0.060240963855421686
2 0.84 0.41867469879518077 0.02 0.042168674698795185
2 0.801 0.4563253012048193 0.018000000000000002 0.0391566265060241
2 0.79 0.4171686746987952 0.024 0.045180722891566265
2 0.808 0.43373493975903615 0.024 0.04819277108433735
2 0.756 0.45030120481927716 0.02 0.03313253012048193
2 0.767 0.43373493975903615 0.014 0.042168674698795185
2 0.721 0.427710843373494 0.014 0.03614457831325302
2 0.687 0.43373493975903615 0.014 0.042168674698795185
2 0.707 0.41566265060240964 0.018000000000000002 0.03614457831325302
2 0.748 0.42168674698795183 0.016 0.03614457831325302
