0 0.0475 0.594047619047619 0.095 0.6071428571428572
0 0.07833333333333334 0.5857142857142857 0.15000000000000002 0.5285714285714286
0 0.19 0.49523809523809526 0.14333333333333334 0.5
0 0.30000000000000004 0.5833333333333334 0.16 0.5666666666666668
0 0.35083333333333333 0.5488095238095239 0.14500000000000002 0.511904761904762
0 0.4783333333333334 0.567857142857143 0.15000000000000002 0.530952380952381
0 0.5391666666666667 0.455952380952381 0.09833333333333334 0.3452380952380953
0 0.635 0.4547619047619048 0.10333333333333335 0.3666666666666667
0 0.7050000000000001 0.5583333333333333 0.15666666666666668 0.5452380952380953
0 0.7983333333333333 0.5595238095238095 0.15333333333333335 0.5428571428571429
0 0.8475 0.555952380952381 0.165 0.5833333333333334
0 0.9591666666666667 0.48809523809523814 0.07833333333333334 0.4571428571428572
0 0.9183333333333334 0.4785714285714286 0.12333333333333334 0.43809523809523815
2 0.055 0.3642857142857143 0.04666666666666667 0.09047619047619049
2 0.2566666666666667 0.3166666666666667 0.03666666666666667 0.10952380952380954
2 0.39416666666666667 0.3404761904761905 0.05166666666666667 0.09523809523809525
2 0.445 0.3273809523809524 0.043333333333333335 0.07857142857142858
2 0.7675000000000001 0.3273809523809524 0.045000000000000005 0.09761904761904763
2 0.6816666666666668 0.3023809523809524 0.05 0.10952380952380954
