0 0.21150971599402094 0.578 0.2047832585949178 0.672
0 0.39686098654708524 0.631 0.2257100149476831 0.734
0 0.5082212257100149 0.589 0.21823617339312407 0.714
0 0.7593423019431988 0.5710000000000001 0.17040358744394618 0.562
0 0.6367713004484306 0.555 0.14947683109118087 0.49
0 0.4402092675635277 0.5750000000000001 0.16591928251121077 0.546
0 0.289237668161435 0.76 0.14200298953662183 0.464
0 0.1031390134529148 0.599 0.19133034379671152 0.626
0 0.052316890881913304 0.624 0.10463378176382661 0.41600000000000004
0 0.8542600896860987 0.428 0.09118086696562033 0.304
0 0.8146487294469358 0.483 0.10164424514200299 0.338
0 0.9028400597907325 0.386 0.06278026905829596 0.212
0 0.929745889387145 0.378 0.05082212257100149 0.168
0 0.9760837070254111 0.441 0.044843049327354265 0.20600000000000002
2 0.3116591928251121 0.542 0.04932735426008969 0.116
2 0.7331838565022422 0.341 0.043348281016442454 0.078
2 0.57847533632287 0.323 0.05979073243647235 0.15
4 0.9013452914798207 0.319 0.17638266068759342 0.162
