0 0.07777777777777778 0.3216666666666667 0.08888888888888889 0.33
0 0.15666666666666668 0.34833333333333333 0.1 0.36333333333333334
0 0.23777777777777778 0.38333333333333336 0.12 0.4466666666666667
0 0.42 0.34 0.07555555555555556 0.2733333333333334
0 0.5033333333333333 0.34833333333333333 0.09111111111111111 0.33666666666666667
0 0.6266666666666667 0.4966666666666667 0.14222222222222222 0.52
0 0.86 0.37833333333333335 0.08888888888888889 0.33
0 0.9444444444444444 0.455 0.10666666666666666 0.45
0 0.7822222222222223 0.3383333333333334 0.06222222222222222 0.2366666666666667
0 0.7188888888888889 0.35000000000000003 0.08222222222222222 0.3066666666666667
0 0.6088888888888889 0.335 0.07111111111111111 0.26333333333333336
