0 0.21416666666666667 0.605 0.055 0.2
0 0.25583333333333336 0.605 0.04833333333333334 0.17500000000000002
0 0.28833333333333333 0.635 0.06333333333333334 0.23500000000000001
0 0.35250000000000004 0.635 0.055 0.21
0 0.39333333333333337 0.62625 0.05333333333333334 0.1975
0 0.4391666666666667 0.61375 0.05166666666666667 0.1975
0 0.49333333333333335 0.61375 0.05333333333333334 0.1975
0 0.5191666666666667 0.6062500000000001 0.05166666666666667 0.1875
0 0.5333333333333333 0.605 0.04666666666666667 0.18
0 0.5975 0.595 0.045000000000000005 0.165
0 0.6358333333333334 0.5962500000000001 0.045000000000000005 0.1675
0 0.6716666666666667 0.56375 0.03333333333333333 0.1275
0 0.6991666666666667 0.57125 0.035 0.1275
0 0.7308333333333333 0.585 0.04833333333333334 0.17500000000000002
0 0.7725000000000001 0.57875 0.035 0.1375
0 0.7533333333333334 0.55625 0.03666666666666667 0.1325
0 0.8300000000000001 0.60875 0.05333333333333334 0.2025
0 0.8083333333333333 0.59375 0.04666666666666667 0.17250000000000001
0 0.8641666666666667 0.5650000000000001 0.04166666666666667 0.15
0 0.9133333333333334 0.59375 0.04666666666666667 0.17250000000000001
0 0.9400000000000001 0.6075 0.060000000000000005 0.225
0 0.9833333333333334 0.5625 0.030000000000000002 0.17500000000000002
2 0.195 0.5275 0.023333333333333334 0.035
2 0.5991666666666667 0.505 0.018333333333333333 0.04
