0 0.09666666666666668 0.55 0.16666666666666669 0.62
0 0.2316666666666667 0.6275000000000001 0.17 0.625
0 0.32833333333333337 0.62 0.18333333333333335 0.67
0 0.38833333333333336 0.585 0.17 0.62
0 0.45833333333333337 0.5825 0.15666666666666668 0.585
0 0.5033333333333334 0.605 0.16666666666666669 0.62
0 0.6566666666666667 0.58 0.17333333333333334 0.64
0 0.8283333333333334 0.6325000000000001 0.19 0.6950000000000001
0 0.9433333333333334 0.595 0.10666666666666667 0.4
0 0.7483333333333334 0.555 0.11 0.42
0 0.5850000000000001 0.47250000000000003 0.09000000000000001 0.325
0 0.5750000000000001 0.445 0.09666666666666668 0.36
2 0.9566666666666668 0.3225 0.05333333333333334 0.155
2 0.7833333333333334 0.3375 0.03333333333333333 0.055
4 0.325 0.3 0.6233333333333334 0.18
