0 0.1537037037037037 0.5876543209876544 0.16666666666666669 0.5481481481481482
0 0.3101851851851852 0.5333333333333333 0.17222222222222222 0.5679012345679012
0 0.40740740740740744 0.5061728395061729 0.14444444444444446 0.4691358024691358
0 0.5231481481481481 0.5074074074074074 0.1462962962962963 0.4765432098765432
0 0.6296296296296297 0.4925925925925926 0.11481481481481481 0.37777777777777777
0 0.7935185185185185 0.3135802469135802 0.09444444444444444 0.3111111111111111
0 0.9111111111111111 0.3962962962962963 0.06296296296296297 0.20987654320987653
0 0.9648148148148149 0.4246913580246913 0.06666666666666667 0.2765432098765432
0 0.6166666666666667 0.3172839506172839 0.0925925925925926 0.3037037037037037
0 0.8851851851851852 0.37160493827160496 0.06296296296296297 0.20987654320987653
2 0.3740740740740741 0.854320987654321 0.12592592592592594 0.28641975308641976
2 0.4916666666666667 0.7703703703703704 0.09444444444444444 0.23209876543209876
2 0.6018518518518519 0.6975308641975309 0.10740740740740741 0.22962962962962963
2 0.7361111111111112 0.6728395061728395 0.08703703703703704 0.17530864197530863
2 0.8027777777777778 0.6679012345679012 0.07592592592592592 0.25925925925925924
2 0.7101851851851853 0.5049382716049383 0.10185185185185186 0.14074074074074075
2 0.6277777777777778 0.5123456790123456 0.07037037037037037 0.13580246913580246
2 0.549074074074074 0.49876543209876545 0.06481481481481481 0.1580246913580247
2 0.4759259259259259 0.5604938271604938 0.10740740740740741 0.1728395061728395
2 0.32685185185185184 0.6049382716049383 0.09444444444444444 0.1925925925925926
2 0.23611111111111113 0.745679012345679 0.10925925925925926 0.4246913580246913
2 0.1824074074074074 0.18888888888888888 0.1277777777777778 0.19999999999999998
