0 0.6113333333333333 0.75 0.13733333333333334 0.4466192170818505
0 0.38866666666666666 0.7651245551601423 0.09466666666666666 0.31316725978647686
0 0.44066666666666665 0.75 0.08399999999999999 0.2793594306049822
0 0.7013333333333334 0.6992882562277579 0.10666666666666666 0.3487544483985765
0 0.8906666666666666 0.6583629893238434 0.08533333333333333 0.2775800711743772
0 0.9473333333333332 0.641459074733096 0.10266666666666667 0.3505338078291815
0 0.5353333333333333 0.6628113879003559 0.07866666666666666 0.2615658362989324
0 0.48866666666666664 0.6628113879003559 0.076 0.2473309608540925
0 0.346 0.7224199288256228 0.08666666666666667 0.28113879003558717
0 0.2753333333333333 0.7838078291814946 0.12933333333333333 0.42170818505338076
0 0.14666666666666667 0.7740213523131673 0.13599999999999998 0.4483985765124555
0 0.06133333333333333 0.7001779359430604 0.072 0.23665480427046262
0 0.43866666666666665 0.6565836298932384 0.06933333333333333 0.22419928825622776
2 0.3873333333333333 0.5791814946619217 0.022666666666666665 0.055160142348754444
2 0.418 0.5916370106761566 0.025333333333333333 0.04804270462633452
2 0.35866666666666663 0.5622775800711743 0.034666666666666665 0.03914590747330961
2 0.32066666666666666 0.5747330960854092 0.02 0.03202846975088968
2 0.012 0.6076512455516014 0.024 0.1298932384341637
2 0.23399999999999999 0.6183274021352313 0.03333333333333333 0.08718861209964412
