0 0.08281250000000001 0.6802083333333333 0.1 0.32708333333333334
0 0.1484375 0.6791666666666667 0.10312500000000001 0.3333333333333333
0 0.22968750000000002 0.6802083333333333 0.1 0.33125
0 0.29765625 0.6822916666666666 0.09531250000000001 0.3145833333333333
0 0.36250000000000004 0.6833333333333333 0.09375 0.3125
0 0.4390625 0.675 0.096875 0.3208333333333333
0 0.509375 0.6677083333333333 0.10312500000000001 0.33541666666666664
0 0.58203125 0.6614583333333334 0.1046875 0.34791666666666665
0 0.65625 0.678125 0.09375 0.30625
0 0.7210937500000001 0.6666666666666666 0.09843750000000001 0.325
0 0.796875 0.671875 0.09375 0.3104166666666667
0 0.87421875 0.675 0.09531250000000001 0.3125
2 0.61328125 0.534375 0.035937500000000004 0.05625
2 0.6828125 0.5364583333333334 0.021875000000000002 0.052083333333333336
2 0.75703125 0.5229166666666667 0.035937500000000004 0.05416666666666667
2 0.4734375 0.5125 0.034375 0.05416666666666667
2 0.39921875 0.5375 0.045312500000000006 0.075
