0 0.11015625000000001 0.1991657977059437 0.060937500000000006 0.20020855057351408
0 0.153125 0.1981230448383733 0.0546875 0.18143899895724713
0 0.19375 0.18091762252346194 0.046875 0.1553701772679875
0 0.24609375 0.18561001042752867 0.0484375 0.16058394160583941
0 0.207421875 0.15849843587069865 0.030468750000000003 0.10010427528675704
0 0.307421875 0.16266944734098018 0.039843750000000004 0.12930135557872785
0 0.349609375 0.20281543274244004 0.06328125 0.205422314911366
0 0.366796875 0.19499478623566216 0.05234375 0.17309697601668406
0 0.37890625 0.18873826903023982 0.045312500000000006 0.15015641293013557
0 0.39687500000000003 0.18091762252346194 0.043750000000000004 0.14494264859228365
0 0.412890625 0.17831074035453598 0.03515625 0.11470281543274244
0 0.4296875 0.17309697601668406 0.0328125 0.10636079249217936
0 0.44140625 0.17361835245046925 0.028125 0.09280500521376434
0 0.476171875 0.15119916579770595 0.025781250000000002 0.08550573514077164
0 0.494921875 0.15641293013555788 0.02890625 0.0959332638164755
0 0.57421875 0.11209593326381648 0.0234375 0.07612095933263817
0 0.7796875000000001 0.5203336809176226 0.05625 0.18561001042752867
0 0.8343750000000001 0.5093847758081335 0.053125000000000006 0.1762252346193952
0 0.8031250000000001 0.49582898852971846 0.0546875 0.18039624608967675
0 0.747265625 0.4854014598540146 0.04453125 0.14702815432742442
0 0.770703125 0.4562043795620438 0.041406250000000006 0.1386861313868613
0 0.6039062500000001 0.5005213764337852 0.046875 0.15641293013555788
0 0.5730468750000001 0.5156412930135558 0.06328125 0.20959332638164754
0 0.5359375000000001 0.49687174139728885 0.078125 0.2533889468196038
0 0.6394531250000001 0.513555787278415 0.049218750000000006 0.15954118873826903
0 0.6585937500000001 0.5078206465067779 0.051562500000000004 0.16684045881126175
0 0.6765625000000001 0.5203336809176226 0.0578125 0.191866527632951
0 0.9222656250000001 0.13138686131386862 0.06015625 0.1981230448383733
0 0.86640625 0.5307612095933264 0.0546875 0.17935349322210636
0 0.9148437500000001 0.5156412930135558 0.059375000000000004 0.1929092805005214
0 0.925 0.5312825860271115 0.0546875 0.18039624608967675
0 0.64609375 0.7518248175182481 0.040625 0.13555787278415016
0 0.6703125000000001 0.7617309697601669 0.046875 0.1553701772679875
0 0.70078125 0.778415015641293 0.05 0.16579770594369134
0 0.731640625 0.7992700729927007 0.05390625 0.17831074035453598
0 0.39570312500000004 0.87851929092805 0.03828125 0.12408759124087591
0 0.43359375 0.8435870698644421 0.040625 0.13138686131386862
0 0.44960937500000003 0.8175182481751825 0.03515625 0.11470281543274244
0 0.46132812500000003 0.799791449426486 0.03359375 0.11261730969760167
0 0.48125 0.7815432742440042 0.03125 0.10531803962460896
0 0.5171875 0.7737226277372263 0.028125 0.09384775808133472
0 0.413671875 0.8274244004171012 0.01953125 0.06360792492179354
2 0.15937500000000002 0.1251303441084463 0.010937500000000001 0.022940563086548488
2 0.16914062500000002 0.13660062565172054 0.00859375 0.018769551616266946
2 0.176171875 0.12043795620437957 0.00703125 0.021897810218978103
2 0.230859375 0.1178310740354536 0.014843750000000001 0.03962460896767466
2 0.27578125000000003 0.1616266944734098 0.021875000000000002 0.07299270072992702
2 0.099609375 0.10740354535974975 0.01171875 0.035453597497393116
2 0.569921875 0.16527632950990614 0.030468750000000003 0.1178310740354536
2 0.65234375 0.07142857142857142 0.026562500000000003 0.04692387904066736
2 0.765625 0.05474452554744526 0.029687500000000002 0.04483837330552659
2 0.8011718750000001 0.0959332638164755 0.022656250000000003 0.027111574556830033
2 0.7972656250000001 0.11730969760166841 0.01171875 0.021897810218978103
2 0.7953125000000001 0.15954118873826903 0.028125 0.05005213764337852
2 0.8453125 0.18821689259645463 0.021875000000000002 0.07194994786235662
2 0.8289062500000001 0.11991657977059438 0.0171875 0.03128258602711158
2 0.85703125 0.12721584984358708 0.0125 0.03128258602711158
2 0.898046875 0.15380604796663191 0.030468750000000003 0.08446298227320126
2 0.8718750000000001 0.10114702815432743 0.021875000000000002 0.043795620437956206
2 0.7523437500000001 0.15589155370177268 0.015625 0.059436913451511995
2 0.7296875 0.14077163712200208 0.0234375 0.045881126173096975
2 0.790625 0.24661105318039625 0.0703125 0.11991657977059438
2 0.66953125 0.24452554744525548 0.0421875 0.10531803962460896
2 0.63828125 0.1929092805005214 0.029687500000000002 0.06882168925964546
2 0.64609375 0.14285714285714285 0.0125 0.054223149113660066
2 0.6726562500000001 0.14546402502606884 0.0234375 0.05318039624608968
2 0.688671875 0.11522419186652763 0.02734375 0.04275286757038582
2 0.7273437500000001 0.09697601668404589 0.0203125 0.029197080291970802
2 0.7582031250000001 0.10531803962460896 0.02109375 0.03753910323253389
2 0.722265625 0.43065693430656937 0.01953125 0.035453597497393116
2 0.7289062500000001 0.4812304483837331 0.035937500000000004 0.07194994786235662
2 0.633984375 0.3993743482794578 0.013281250000000001 0.027111574556830033
2 0.673828125 0.40198123044838374 0.013281250000000001 0.021897810218978103
2 0.603515625 0.40719499478623566 0.013281250000000001 0.021897810218978103
2 0.5886718750000001 0.41501564129301355 0.01640625 0.02085505735140772
2 0.07734375 0.3962460896767466 0.0484375 0.07090719499478623
2 0.099609375 0.46558915537017725 0.04453125 0.061522419186652764
2 0.14296875 0.529718456725756 0.045312500000000006 0.16684045881126175
2 0.24570312500000002 0.5396246089676747 0.06796875000000001 0.14911366006256518
2 0.3125 0.4989572471324296 0.037500000000000006 0.13451511991657977
2 0.36250000000000004 0.537539103232534 0.060937500000000006 0.14911366006256518
2 0.37812500000000004 0.4275286757038582 0.0546875 0.08550573514077164
2 0.26796875000000003 0.38790406673618355 0.046875 0.11261730969760167
2 0.554296875 0.7481751824817519 0.02890625 0.09489051094890512
2 0.583203125 0.7200208550573515 0.01015625 0.06986444212721585
2 0.59921875 0.7372262773722628 0.0140625 0.0959332638164755
2 0.826171875 0.7956204379562044 0.047656250000000004 0.11261730969760167
2 0.8625 0.7737226277372263 0.0234375 0.07299270072992702
2 0.833984375 0.7257559958289885 0.02734375 0.029197080291970802
2 0.909765625 0.7455683003128258 0.04453125 0.08759124087591241
2 0.87890625 0.7434827945776851 0.0203125 0.058394160583941604
2 0.9617187500000001 0.8154327424400417 0.0734375 0.1251303441084463
4 0.68515625 0.397288842544317 0.09375 0.05213764337851929
