0 0.15731462925851702 0.607876712328767 0.14629258517034066 0.613013698630137
0 0.3637274549098196 0.6027397260273972 0.11422845691382764 0.48630136986301364
0 0.23847695390781562 0.5565068493150684 0.1002004008016032 0.4143835616438356
0 0.03607214428857715 0.5513698630136986 0.0721442885771543 0.3698630136986301
0 0.4949899799599198 0.648972602739726 0.156312625250501 0.6541095890410958
0 0.5761523046092184 0.6061643835616438 0.12625250501002003 0.5342465753424657
0 0.6222444889779558 0.547945205479452 0.08216432865731463 0.3424657534246575
0 0.6543086172344689 0.5410958904109588 0.07414829659318636 0.32191780821917804
0 0.7394789579158316 0.595890410958904 0.11222444889779558 0.4726027397260274
0 0.7975951903807614 0.6678082191780822 0.15230460921843686 0.636986301369863
0 0.876753507014028 0.6404109589041096 0.1342685370741483 0.5616438356164384
0 0.9368737474949899 0.607876712328767 0.1222444889779559 0.5376712328767123
0 0.06312625250501001 0.5068493150684932 0.07014028056112225 0.29452054794520544
0 0.2915831663326653 0.523972602739726 0.07414829659318636 0.3082191780821918
0 0.4108216432865731 0.5445205479452054 0.07615230460921843 0.3287671232876712
0 0.6863727454909819 0.5445205479452054 0.07014028056112225 0.29452054794520544
0 0.970941883767535 0.571917808219178 0.05410821643286573 0.3698630136986301
0 0.11523046092184368 0.5787671232876712 0.11422845691382764 0.4794520547945205
