0 0.11992385786802029 0.7126436781609196 0.06218274111675126 0.22988505747126436
0 0.15418781725888323 0.7116858237547893 0.05456852791878172 0.2011494252873563
0 0.17893401015228425 0.7308429118773946 0.06091370558375634 0.22413793103448273
0 0.20050761421319796 0.7021072796934865 0.053299492385786795 0.19731800766283525
0 0.23667512690355327 0.6973180076628352 0.05456852791878172 0.19923371647509577
0 0.26078680203045684 0.7068965517241379 0.06472081218274112 0.24137931034482757
0 0.2880710659898477 0.7078544061302682 0.055837563451776644 0.20498084291187738
0 0.3426395939086294 0.710727969348659 0.048223350253807105 0.1839080459770115
0 0.36167512690355325 0.7155172413793103 0.053299492385786795 0.2011494252873563
0 0.39340101522842635 0.7068965517241379 0.05837563451776649 0.2222222222222222
0 0.41878172588832485 0.7442528735632183 0.050761421319796954 0.1896551724137931
0 0.4631979695431472 0.7164750957854406 0.06345177664974619 0.2375478927203065
0 0.567258883248731 0.7346743295019157 0.05837563451776649 0.22030651340996169
0 0.5418781725888324 0.71455938697318 0.05837563451776649 0.2222222222222222
0 0.6027918781725888 0.7126436781609196 0.05837563451776649 0.2222222222222222
0 0.6256345177664974 0.7136015325670497 0.05837563451776649 0.22030651340996169
0 0.6643401015228426 0.7193486590038314 0.05710659898477157 0.2164750957854406
0 0.7258883248730964 0.728927203065134 0.06598984771573603 0.24712643678160917
0 0.782994923857868 0.7337164750957854 0.07360406091370558 0.27203065134099613
0 0.8642131979695431 0.7308429118773946 0.07106598984771573 0.2624521072796935
2 0.42703045685279184 0.6254789272030651 0.029187817258883246 0.05555555555555555
2 0.5203045685279187 0.6264367816091954 0.025380710659898477 0.06513409961685823
2 0.5012690355329948 0.75 0.03045685279187817 0.18199233716475094
2 0.022208121827411165 0.7404214559386972 0.031725888324873094 0.11685823754789272
2 0.07170050761421319 0.7375478927203065 0.024111675126903553 0.09195402298850575
2 0.09898477157360405 0.7404214559386972 0.02030456852791878 0.09770114942528735
