0 0.08482142857142856 0.7224080267558528 0.13839285714285712 0.5150501672240803
0 0.1763392857142857 0.7207357859531772 0.14285714285714285 0.5250836120401338
0 0.2857142857142857 0.7123745819397993 0.14732142857142858 0.5484949832775919
0 0.42075892857142855 0.7391304347826086 0.13616071428571427 0.5083612040133779
0 0.5424107142857143 0.7157190635451505 0.14732142857142858 0.5484949832775919
0 0.6752232142857143 0.7307692307692307 0.140625 0.5250836120401338
0 0.796875 0.7341137123745819 0.13839285714285712 0.5183946488294314
0 0.8638392857142857 0.725752508361204 0.125 0.4615384615384615
0 0.9587053571428571 0.7123745819397993 0.078125 0.46822742474916385
0 0.9107142857142857 0.6822742474916388 0.09821428571428571 0.36789297658862874
0 0.6428571428571428 0.6889632107023411 0.10714285714285714 0.4013377926421405
0 0.4977678571428571 0.717391304347826 0.125 0.4648829431438127
0 0.3671875 0.7240802675585284 0.12276785714285714 0.45819397993311034
0 0.2232142857142857 0.7140468227424749 0.12053571428571427 0.44481605351170567
0 0.05022321428571428 0.7123745819397993 0.10044642857142856 0.44816053511705684
0 0.6082589285714285 0.6588628762541806 0.08258928571428571 0.3010033444816054
0 0.7678571428571428 0.6872909698996655 0.08928571428571427 0.3311036789297659
2 0.013392857142857142 0.540133779264214 0.026785714285714284 0.09698996655518395
2 0.15066964285714285 0.5317725752508361 0.033482142857142856 0.08695652173913043
2 0.34375 0.5451505016722408 0.02232142857142857 0.07357859531772575
2 0.5948660714285714 0.5468227424749164 0.02901785714285714 0.08361204013377926
2 0.7064732142857143 0.5418060200668896 0.020089285714285712 0.06688963210702341
2 0.8292410714285714 0.5351170568561873 0.024553571428571428 0.06688963210702341
2 0.9419642857142857 0.5117056856187291 0.026785714285714284 0.06020066889632107
2 0.9564732142857142 0.5568561872909699 0.024553571428571428 0.043478260869565216
