0 0.26166666666666666 0.6889168765743073 0.15000000000000002 0.5516372795969773
0 0.3383333333333334 0.681360201511335 0.12000000000000001 0.45088161209068006
0 0.5041666666666667 0.7279596977329975 0.13166666666666668 0.4836272040302267
0 0.49583333333333335 0.6863979848866498 0.15166666666666667 0.5566750629722922
0 0.15583333333333335 0.6826196473551637 0.13166666666666668 0.4937027707808564
0 0.09166666666666667 0.7304785894206549 0.13 0.47858942065491183
0 0.05583333333333334 0.6687657430730478 0.11166666666666668 0.45591939546599497
0 0.445 0.48740554156171284 0.043333333333333335 0.16876574307304784
0 0.4241666666666667 0.48110831234256923 0.035 0.1309823677581864
0 0.41250000000000003 0.48614609571788414 0.03833333333333334 0.14105793450881612
0 0.38833333333333336 0.49496221662468515 0.03666666666666667 0.1385390428211587
0 0.5808333333333334 0.5151133501259446 0.055 0.20906801007556675
0 0.6416666666666667 0.5025188916876574 0.05666666666666667 0.2141057934508816
0 0.7083333333333334 0.5075566750629723 0.05 0.19395465994962216
0 0.6916666666666668 0.4659949622166247 0.03666666666666667 0.14105793450881612
0 0.8250000000000001 0.5214105793450882 0.06333333333333334 0.2317380352644836
0 0.7875000000000001 0.5012594458438288 0.045000000000000005 0.1712846347607053
0 0.8525 0.5113350125944585 0.05166666666666667 0.1964735516372796
0 0.8691666666666668 0.48992443324937024 0.04166666666666667 0.15365239294710328
0 0.8991666666666667 0.5025188916876574 0.045000000000000005 0.16876574307304784
0 0.9691666666666667 0.5025188916876574 0.04833333333333334 0.17884130982367757
0 0.925 0.44710327455919396 0.05 0.1889168765743073
0 0.31833333333333336 0.48992443324937024 0.043333333333333335 0.163727959697733
0 0.24750000000000003 0.49622166246851385 0.04166666666666667 0.1561712846347607
0 0.22583333333333336 0.49748110831234255 0.03833333333333334 0.1486146095717884
2 0.007500000000000001 0.44206549118387906 0.011666666666666667 0.06297229219143577
2 0.021666666666666667 0.43828715365239296 0.016666666666666666 0.055415617128463476
2 0.04166666666666667 0.4370277078085642 0.016666666666666666 0.042821158690176324
2 0.0625 0.4256926952141058 0.018333333333333333 0.055415617128463476
2 0.11916666666666667 0.43828715365239296 0.018333333333333333 0.060453400503778336
2 0.17583333333333334 0.42443324937027704 0.021666666666666667 0.04785894206549118
2 0.3725 0.43324937027707805 0.025 0.05037783375314861
2 0.48833333333333334 0.42191435768261965 0.016666666666666666 0.027707808564231738
2 0.5008333333333334 0.4093198992443325 0.018333333333333333 0.03778337531486146
2 0.7400000000000001 0.42947103274559195 0.02 0.09319899244332494
2 0.7941666666666667 0.42317380352644834 0.011666666666666667 0.05037783375314861
2 0.6858333333333334 0.24937027707808562 0.015000000000000001 0.04534005037783375
2 0.7041666666666667 0.24055415617128462 0.021666666666666667 0.03778337531486146
