0 0.234375 0.6384976525821596 0.12187500000000001 0.4460093896713615
0 0.41171875 0.681924882629108 0.1640625 0.6032863849765259
0 0.5765625 0.6032863849765259 0.09375 0.3474178403755869
0 0.63671875 0.5410798122065728 0.060937500000000006 0.22769953051643194
0 0.52734375 0.5434272300469484 0.0578125 0.2136150234741784
0 0.49843750000000003 0.511737089201878 0.040625 0.15492957746478875
0 0.34687500000000004 0.5598591549295775 0.06875 0.2511737089201878
0 0.278125 0.539906103286385 0.05625 0.2112676056338028
0 0.31953125000000004 0.5164319248826291 0.045312500000000006 0.1643192488262911
0 0.14609375 0.6009389671361502 0.1015625 0.37089201877934275
0 0.08984375 0.5727699530516432 0.0859375 0.3145539906103286
0 0.03359375 0.5551643192488263 0.0671875 0.2652582159624413
0 0.67734375 0.5199530516431925 0.0484375 0.17605633802816903
0 0.8695312500000001 0.5316901408450704 0.0484375 0.18544600938967137
0 0.8406250000000001 0.5211267605633803 0.043750000000000004 0.1643192488262911
0 0.92109375 0.5563380281690141 0.060937500000000006 0.22535211267605634
0 0.9625 0.5809859154929577 0.07187500000000001 0.33098591549295775
0 0.7125 0.47887323943661975 0.025 0.09389671361502347
0 0.61875 0.5046948356807511 0.03125 0.12206572769953052
0 0.3828125 0.5152582159624414 0.046875 0.17136150234741784
0 0.16718750000000002 0.5234741784037559 0.043750000000000004 0.16901408450704225
4 0.71796875 0.4495305164319249 0.5140625 0.04929577464788733
