0 0.0775 0.7966666666666667 0.06 0.19333333333333336
0 0.14250000000000002 0.7433333333333334 0.085 0.2866666666666667
0 0.19875 0.6266666666666667 0.0275 0.08666666666666667
0 0.42875 0.6433333333333334 0.0375 0.12666666666666668
0 0.3875 0.6216666666666667 0.03 0.10333333333333335
0 0.7975 0.655 0.045 0.15666666666666668
0 0.925 0.6533333333333333 0.05 0.16666666666666669
0 0.975 0.6533333333333333 0.045 0.19333333333333336
0 0.7212500000000001 0.635 0.0375 0.12333333333333334
0 0.34750000000000003 0.62 0.02 0.07333333333333333
0 0.03375 0.64 0.0325 0.11333333333333334
3 0.62 0.2733333333333334 0.09 0.28
3 0.69125 0.30000000000000004 0.0675 0.29333333333333333
3 0.2525 0.4366666666666667 0.065 0.18666666666666668
3 0.3275 0.43000000000000005 0.045 0.2
3 0.15875 0.4966666666666667 0.0275 0.08
3 0.1875 0.5166666666666667 0.035 0.09333333333333334
4 0.12125 0.5866666666666667 0.2325 0.060000000000000005
4 0.46375 0.5833333333333334 0.28750000000000003 0.04
4 0.8300000000000001 0.6000000000000001 0.255 0.09333333333333334
