0 0.12166666666666667 0.5665829145728644 0.13333333333333333 0.49497487437185933
0 0.025 0.5728643216080402 0.05 0.30150753768844224
0 0.25916666666666666 0.585427135678392 0.08166666666666667 0.30150753768844224
0 0.3458333333333334 0.5992462311557789 0.10500000000000001 0.3844221105527638
0 0.49000000000000005 0.5728643216080402 0.15666666666666668 0.577889447236181
0 0.615 0.6118090452261307 0.10666666666666667 0.3944723618090452
0 0.7050000000000001 0.6092964824120604 0.09000000000000001 0.32914572864321606
0 0.7400000000000001 0.6017587939698492 0.08333333333333334 0.30904522613065327
0 0.9 0.6155778894472362 0.04666666666666667 0.1708542713567839
0 0.9183333333333334 0.6193467336683417 0.043333333333333335 0.16331658291457288
