0 0.01916666666666667 0.5130952380952382 0.03833333333333334 0.17857142857142858
0 0.05583333333333334 0.5011904761904762 0.04166666666666667 0.15000000000000002
0 0.17500000000000002 0.5035714285714287 0.03666666666666667 0.13095238095238096
0 0.24750000000000003 0.5261904761904762 0.04166666666666667 0.14761904761904762
0 0.26833333333333337 0.5107142857142858 0.043333333333333335 0.15476190476190477
0 0.225 0.4904761904761905 0.02666666666666667 0.1
0 0.29500000000000004 0.49880952380952387 0.03333333333333333 0.12142857142857144
0 0.325 0.5357142857142858 0.05333333333333334 0.1904761904761905
0 0.3766666666666667 0.5047619047619049 0.03666666666666667 0.1285714285714286
0 0.4191666666666667 0.555952380952381 0.065 0.23095238095238096
0 0.4441666666666667 0.530952380952381 0.05166666666666667 0.18571428571428572
0 0.5283333333333333 0.4964285714285715 0.03333333333333333 0.11666666666666668
0 0.515 0.4833333333333334 0.03333333333333333 0.11904761904761905
0 0.49250000000000005 0.4678571428571429 0.021666666666666667 0.07857142857142858
0 0.5716666666666667 0.5666666666666668 0.06666666666666667 0.2380952380952381
0 0.6133333333333334 0.5285714285714286 0.05333333333333334 0.18571428571428572
0 0.6808333333333334 0.5071428571428572 0.04166666666666667 0.14285714285714288
0 0.7000000000000001 0.5142857142857143 0.04 0.1380952380952381
0 0.745 0.49404761904761907 0.030000000000000002 0.10238095238095239
0 0.7175 0.4797619047619048 0.028333333333333335 0.09761904761904763
0 0.7825000000000001 0.4714285714285715 0.025 0.08571428571428572
0 0.7591666666666668 0.45833333333333337 0.021666666666666667 0.07380952380952381
0 0.8758333333333334 0.49523809523809526 0.035 0.1285714285714286
0 0.9333333333333333 0.4892857142857143 0.030000000000000002 0.10714285714285715
0 0.6483333333333334 0.45833333333333337 0.023333333333333334 0.0880952380952381
0 0.6625000000000001 0.4714285714285715 0.018333333333333333 0.07142857142857144
2 0.15833333333333335 0.44761904761904764 0.02 0.03333333333333334
2 0.8575 0.4773809523809524 0.015000000000000001 0.10714285714285715
