0 0.13166666666666668 0.757537688442211 0.11333333333333334 0.42462311557788945
0 0.2816666666666667 0.7449748743718593 0.12333333333333334 0.45979899497487436
0 0.2 0.5866834170854272 0.02 0.0829145728643216
0 0.09083333333333334 0.6407035175879398 0.058333333333333334 0.22110552763819097
0 0.052500000000000005 0.5640703517587939 0.028333333333333335 0.11306532663316583
0 0.4191666666666667 0.6218592964824121 0.058333333333333334 0.2135678391959799
0 0.3741666666666667 0.5816582914572864 0.035 0.13316582914572864
0 0.35333333333333333 0.5841708542713568 0.043333333333333335 0.15829145728643215
0 0.45833333333333337 0.6306532663316583 0.05666666666666667 0.20603015075376885
0 0.5133333333333334 0.6432160804020101 0.06333333333333334 0.23115577889447236
0 0.5625 0.6319095477386935 0.06166666666666667 0.23366834170854273
0 0.6325000000000001 0.6092964824120604 0.055 0.2085427135678392
0 0.7308333333333333 0.5992462311557789 0.045000000000000005 0.17336683417085427
0 0.6758333333333334 0.6243718592964824 0.065 0.23869346733668342
0 0.7775000000000001 0.6545226130653267 0.06833333333333334 0.25879396984924624
0 0.9558333333333334 0.6482412060301508 0.085 0.33668341708542715
0 0.5958333333333333 0.6118090452261307 0.058333333333333334 0.2236180904522613
0 0.7116666666666667 0.5866834170854272 0.043333333333333335 0.16834170854271358
0 0.7991666666666667 0.6080402010050251 0.06166666666666667 0.23115577889447236
4 0.4591666666666667 0.5389447236180904 0.3983333333333334 0.08793969849246232
