0 0.48750000000000004 0.5328947368421052 0.17833333333333334 0.6921052631578947
0 0.5966666666666667 0.5092105263157894 0.16333333333333333 0.6289473684210526
0 0.7016666666666667 0.5447368421052632 0.15000000000000002 0.5842105263157895
0 0.7725000000000001 0.5328947368421052 0.13833333333333334 0.5394736842105263
0 0.32666666666666666 0.5105263157894737 0.14 0.5368421052631579
0 0.10750000000000001 0.5355263157894736 0.11833333333333335 0.46578947368421053
0 0.18166666666666667 0.5328947368421052 0.09333333333333334 0.3657894736842105
0 0.23833333333333334 0.5368421052631579 0.09333333333333334 0.3631578947368421
0 0.41500000000000004 0.5618421052631579 0.10666666666666667 0.4131578947368421
0 0.45333333333333337 0.5407894736842105 0.14 0.5394736842105263
2 0.23833333333333334 0.34342105263157896 0.030000000000000002 0.039473684210526314
2 0.14166666666666666 0.3644736842105263 0.043333333333333335 0.12894736842105262
2 0.18416666666666667 0.35 0.028333333333333335 0.05789473684210526
2 0.21416666666666667 0.3513157894736842 0.025 0.060526315789473685
2 0.8650000000000001 0.3539473684210526 0.10333333333333335 0.2763157894736842
2 0.9475 0.38289473684210523 0.095 0.48157894736842105
2 0.9191666666666667 0.7513157894736842 0.14833333333333334 0.48157894736842105
2 0.8466666666666667 0.6868421052631579 0.09666666666666668 0.38421052631578945
