0 0.151 0.6039603960396039 0.066 0.27722772277227725
0 0.24 0.5924092409240924 0.044 0.18151815181518152
0 0.312 0.6386138613861386 0.07200000000000001 0.30033003300330036
0 0.389 0.6072607260726073 0.058 0.24422442244224424
0 0.424 0.594059405940594 0.044 0.1782178217821782
0 0.47000000000000003 0.5693069306930694 0.036000000000000004 0.1485148514851485
0 0.543 0.6254125412541254 0.07 0.2871287128712871
0 0.584 0.6105610561056106 0.052000000000000005 0.21782178217821782
0 0.599 0.5825082508250825 0.042 0.18151815181518152
0 0.736 0.6122112211221122 0.06 0.24092409240924093
0 0.768 0.5973597359735974 0.044 0.18481848184818483
0 0.9380000000000001 0.599009900990099 0.052000000000000005 0.21452145214521454
0 0.28300000000000003 0.5775577557755776 0.042 0.1716171617161716
0 0.37 0.5643564356435644 0.032 0.13861386138613863
0 0.037 0.5577557755775577 0.014 0.066006600660066
