0 0.02 0.4809941520467836 0.032 0.11988304093567251
0 0.062 0.4941520467836257 0.028 0.1111111111111111
0 0.169 0.4722222222222222 0.018000000000000002 0.07309941520467836
0 0.12 0.5482456140350876 0.07200000000000001 0.2543859649122807
0 0.304 0.5073099415204678 0.036000000000000004 0.13742690058479531
0 0.382 0.5043859649122807 0.04 0.14912280701754385
0 0.359 0.48391812865497075 0.026000000000000002 0.09064327485380116
0 0.40700000000000003 0.4985380116959064 0.034 0.12573099415204678
0 0.438 0.489766081871345 0.028 0.10818713450292397
0 0.462 0.5014619883040935 0.04 0.14912280701754385
0 0.49 0.49122807017543857 0.028 0.10526315789473684
0 0.544 0.4926900584795321 0.028 0.10818713450292397
0 0.508 0.4678362573099415 0.024 0.0935672514619883
0 0.639 0.5014619883040935 0.03 0.11403508771929824
0 0.617 0.489766081871345 0.026000000000000002 0.1023391812865497
0 0.6980000000000001 0.48830409356725146 0.028 0.10526315789473684
0 0.672 0.49707602339181284 0.028 0.10526315789473684
0 0.763 0.4780701754385965 0.026000000000000002 0.1023391812865497
0 0.726 0.48245614035087714 0.032 0.11695906432748537
0 0.793 0.4853801169590643 0.022 0.08771929824561403
0 0.806 0.47953216374269003 0.024 0.0935672514619883
0 0.858 0.47953216374269003 0.032 0.12280701754385964
0 0.9500000000000001 0.49707602339181284 0.036000000000000004 0.13450292397660818
0 0.8300000000000001 0.4751461988304093 0.032 0.11988304093567251
0 0.5670000000000001 0.46637426900584794 0.018000000000000002 0.07309941520467836
0 0.521 0.4780701754385965 0.022 0.0847953216374269
0 0.243 0.4722222222222222 0.018000000000000002 0.07309941520467836
0 0.737 0.48245614035087714 0.03 0.11695906432748537
2 0.34600000000000003 0.75 0.124 0.2543859649122807
2 0.441 0.6330409356725146 0.078 0.14327485380116958
2 0.51 0.5921052631578947 0.07200000000000001 0.11403508771929824
2 0.5720000000000001 0.5614035087719298 0.044 0.0935672514619883
2 0.23800000000000002 0.533625730994152 0.06 0.13157894736842105
