0 0.32181818181818184 0.8383838383838383 0.05454545454545454 0.24915824915824913
0 0.3936363636363636 0.8400673400673401 0.04909090909090909 0.2255892255892256
0 0.519090909090909 0.8686868686868686 0.05272727272727273 0.23569023569023567
0 0.5645454545454546 0.8501683501683501 0.04909090909090909 0.2255892255892256
0 0.6863636363636364 0.8636363636363636 0.045454545454545456 0.2121212121212121
0 0.7181818181818181 0.8737373737373737 0.04727272727272727 0.2255892255892256
0 0.7672727272727272 0.8552188552188552 0.04363636363636364 0.20875420875420875
0 0.8281818181818181 0.8569023569023568 0.056363636363636366 0.265993265993266
0 0.980909090909091 0.7239057239057238 0.034545454545454546 0.19528619528619529
0 0.9490909090909091 0.7070707070707071 0.04363636363636364 0.19528619528619529
0 0.9127272727272727 0.7087542087542087 0.04 0.1919191919191919
0 0.042727272727272725 0.7323232323232323 0.038181818181818185 0.17845117845117844
0 0.022727272727272728 0.7138047138047138 0.034545454545454546 0.1616161616161616
0 0.5354545454545454 0.8333333333333333 0.05272727272727273 0.24579124579124578
0 0.5036363636363637 0.7491582491582491 0.06545454545454546 0.3063973063973064
2 0.4681818181818182 0.8804713804713804 0.07454545454545454 0.1919191919191919
2 0.19454545454545455 0.8737373737373737 0.05454545454545454 0.2255892255892256
2 0.25272727272727274 0.9309764309764309 0.07272727272727272 0.10437710437710437
2 0.30272727272727273 0.8569023569023568 0.056363636363636366 0.17845117845117844
2 0.2818181818181818 0.7070707070707071 0.05090909090909091 0.13468013468013468
3 0.02909090909090909 0.28619528619528617 0.04363636363636364 0.15488215488215487
3 0.09545454545454546 0.28619528619528617 0.04181818181818182 0.13468013468013468
3 0.28454545454545455 0.2727272727272727 0.05272727272727273 0.13468013468013468
3 0.39 0.28114478114478114 0.04909090909090909 0.1313131313131313
3 0.5836363636363636 0.29292929292929293 0.07636363636363637 0.1616161616161616
3 0.6618181818181819 0.27104377104377103 0.06545454545454546 0.18518518518518517
3 0.78 0.2744107744107744 0.04727272727272727 0.15824915824915825
3 0.8427272727272728 0.2441077441077441 0.045454545454545456 0.12457912457912457
3 0.9609090909090909 0.27104377104377103 0.05272727272727273 0.15151515151515152
4 0.056363636363636366 0.5404040404040403 0.10909090909090909 0.16498316498316498
4 0.4890909090909091 0.5505050505050505 0.72 0.1111111111111111
4 0.9209090909090909 0.531986531986532 0.15454545454545454 0.1616161616161616
4 0.4727272727272727 0.4898989898989899 0.4763636363636364 0.12457912457912457
