0 0.14330690298507462 0.0410814606741573 0.016091417910447763 0.06039325842696629
0 0.2259794776119403 0.049332865168539325 0.015391791044776119 0.056530898876404494
0 0.03649720149253731 0.2169943820224719 0.01842350746268657 0.06811797752808989
0 0.10459421641791045 0.590063202247191 0.2091884328358209 0.8156601123595505
0 0.13362873134328357 0.4043188202247191 0.041044776119402986 0.1506320224719101
0 0.2239972014925373 0.40115870786516855 0.04500932835820896 0.16537921348314608
0 0.06215018656716418 0.04178370786516854 0.01515858208955224 0.056179775280898875
0 0.3751166044776119 0.0586376404494382 0.01142723880597015 0.042837078651685394
0 0.3255597014925373 0.5846207865168539 0.18889925373134328 0.6945224719101123
0 0.36963619402985076 0.4060744382022472 0.04430970149253731 0.16257022471910113
0 0.44857742537313433 0.39975421348314605 0.050606343283582086 0.18714887640449437
0 0.43295242537313433 0.4041432584269663 0.046875 0.17275280898876405
0 0.6143889925373134 0.5944522471910112 0.171875 0.6313202247191011
0 0.6723414179104478 0.40396769662921345 0.05363805970149254 0.19768258426966293
0 0.6619636194029851 0.38026685393258425 0.05573694029850746 0.20435393258426965
0 0.5676305970149254 0.4027387640449438 0.05223880597014925 0.19311797752808987
0 0.5086287313432836 0.35252808988764045 0.017257462686567165 0.0646067415730337
0 0.5002332089552238 0.347436797752809 0.017723880597014924 0.06566011235955056
0 0.7196828358208955 0.40502106741573035 0.05970149253731343 0.21945224719101122
0 0.7376399253731343 0.4041432584269663 0.05550373134328358 0.2050561797752809
0 0.7846315298507462 0.37412219101123595 0.038479477611940295 0.14220505617977527
0 0.8656716417910447 0.4048455056179775 0.05876865671641791 0.21629213483146068
0 0.9060167910447761 0.4067766853932584 0.06063432835820896 0.22366573033707865
0 0.945429104477612 0.40396769662921345 0.06529850746268656 0.2405196629213483
0 0.9294542910447761 0.36464185393258425 0.04734141791044776 0.1738061797752809
0 0.9732975746268656 0.40572331460674155 0.05293843283582089 0.22577247191011235
0 0.9656016791044776 0.3572682584269663 0.050606343283582086 0.1857443820224719
0 0.9874067164179104 0.34480337078651685 0.024720149253731342 0.1601123595505618
2 0.02005597014925373 0.1853932584269663 0.015391791044776119 0.06039325842696629
2 0.03579757462686567 0.14764747191011235 0.013292910447761194 0.02914325842696629
2 0.021222014925373133 0.14782303370786518 0.015391791044776119 0.024578651685393256
2 0.03229944029850746 0.19417134831460672 0.010960820895522388 0.033707865168539325
2 0.05865205223880597 0.2191011235955056 0.01655783582089552 0.046348314606741575
2 0.057369402985074626 0.19030898876404495 0.013059701492537313 0.028792134831460675
2 0.1658115671641791 0.17082162921348315 0.015391791044776119 0.03195224719101124
2 0.18656716417910446 0.17064606741573032 0.013526119402985074 0.02598314606741573
2 0.15111940298507462 0.2052317415730337 0.014925373134328358 0.025632022471910113
2 0.1634794776119403 0.21155196629213482 0.012126865671641791 0.026334269662921347
2 0.17490671641791045 0.21927668539325842 0.013526119402985074 0.02914325842696629
2 0.12418376865671642 0.17240168539325842 0.010960820895522388 0.02949438202247191
2 0.17432369402985073 0.24315308988764045 0.014692164179104477 0.027036516853932584
2 0.27611940298507465 0.15993679775280897 0.014458955223880597 0.03686797752808989
2 0.28626399253731344 0.15589887640449437 0.010027985074626865 0.028089887640449437
2 0.36625466417910446 0.06039325842696629 0.012360074626865671 0.028792134831460675
2 0.26142723880597013 0.05530196629213483 0.013059701492537313 0.03195224719101124
4 0.37954757462686567 0.19680477528089887 0.1742070895522388 0.11622191011235955
4 0.6262826492537313 0.16116573033707865 0.38409514925373134 0.14957865168539325
4 0.7384561567164178 0.0586376404494382 0.24556902985074627 0.05056179775280899
4 0.5689132462686567 0.06197331460674157 0.09958022388059701 0.056530898876404494
4 0.9033348880597015 0.14922752808988762 0.1863339552238806 0.15660112359550563
4 0.9292210820895522 0.047050561797752806 0.12896455223880596 0.05266853932584269
