0 0.4751552795031056 0.4778481012658228 0.07660455486542443 0.2848101265822785
0 0.4472049689440994 0.4873417721518987 0.06625258799171843 0.25316455696202533
0 0.4089026915113872 0.4920886075949367 0.06832298136645963 0.2563291139240506
0 0.34679089026915116 0.5268987341772152 0.18840579710144928 0.6993670886075949
0 0.2463768115942029 0.4414556962025316 0.11180124223602485 0.41455696202531644
0 0.6687370600414079 0.49683544303797467 0.08695652173913045 0.3227848101265823
0 0.5227743271221532 0.4699367088607595 0.04761904761904762 0.18037974683544303
0 0.5828157349896481 0.4272151898734177 0.018633540372670808 0.06962025316455696
2 0.767080745341615 0.40348101265822783 0.04761904761904762 0.0981012658227848
2 0.9140786749482402 0.41455696202531644 0.06418219461697723 0.16455696202531644
2 0.9668737060041409 0.3971518987341772 0.04968944099378882 0.12341772151898733
2 0.04451345755693582 0.3813291139240506 0.04347826086956522 0.11708860759493671
2 0.09420289855072464 0.38924050632911394 0.02277432712215321 0.09493670886075949
2 0.3902691511387164 0.3401898734177215 0.035196687370600416 0.07278481012658228
