0 0.8025 0.7660194174757281 0.08750000000000001 0.3359223300970874
0 0.874375 0.7699029126213592 0.07625 0.29320388349514565
0 0.956875 0.7728155339805824 0.08375 0.3262135922330097
0 0.918125 0.7718446601941747 0.06375 0.24271844660194175
0 0.973125 0.7650485436893204 0.051250000000000004 0.2796116504854369
0 0.740625 0.7135922330097088 0.03875 0.14951456310679612
0 0.6481250000000001 0.7019417475728155 0.02875 0.11067961165048543
0 0.599375 0.6990291262135923 0.03125 0.11650485436893203
0 0.6125 0.7048543689320388 0.0225 0.08932038834951456
0 0.6275000000000001 0.7038834951456311 0.0275 0.1029126213592233
0 0.6743750000000001 0.7019417475728155 0.02875 0.1145631067961165
0 0.696875 0.6980582524271844 0.02625 0.1029126213592233
0 0.715 0.7019417475728155 0.03 0.11844660194174757
0 0.7625000000000001 0.7155339805825243 0.035 0.13398058252427184
0 0.845 0.7504854368932039 0.075 0.2854368932038835
