0 0.41836734693877553 0.6288343558282209 0.19183673469387758 0.7055214723926381
0 0.8234693877551021 0.39570552147239263 0.1979591836734694 0.7361963190184049
0 0.5673469387755102 0.4723926380368098 0.163265306122449 0.6073619631901841
0 0.13877551020408163 0.4846625766871166 0.1795918367346939 0.6687116564417178
0 0.06326530612244899 0.5153374233128835 0.12653061224489798 0.6196319018404908
0 0.3051020408163266 0.5352760736196319 0.1653061224489796 0.6165644171779141
0 0.20510204081632655 0.5199386503067485 0.16938775510204082 0.6226993865030676
0 0.6438775510204082 0.4049079754601227 0.18571428571428572 0.6809815950920246
0 0.48877551020408166 0.4616564417177914 0.15306122448979592 0.5674846625766872
0 0.42244897959183675 0.4601226993865031 0.18775510204081636 0.6932515337423313
0 0.9173469387755103 0.4171779141104295 0.16122448979591839 0.6748466257668712
0 0.9479591836734694 0.44785276073619634 0.1 0.6073619631901841
0 0.689795918367347 0.4447852760736196 0.1346938775510204 0.49693251533742333
2 0.2724489795918368 0.2791411042944785 0.09591836734693879 0.19631901840490798
2 0.2806122448979592 0.16717791411042945 0.0836734693877551 0.1441717791411043
2 0.7469387755102042 0.17331288343558282 0.0653061224489796 0.18098159509202455
