0 0.4733333333333334 0.7917847025495751 0.04666666666666667 0.1954674220963173
0 0.6691666666666667 0.8611898016997167 0.04833333333333334 0.2096317280453258
0 0.7200000000000001 0.9093484419263457 0.03666666666666667 0.1529745042492918
0 0.8066666666666668 0.886685552407932 0.05 0.2096317280453258
0 0.8858333333333334 0.8597733711048159 0.045000000000000005 0.18413597733711048
0 0.895 0.9235127478753542 0.03333333333333333 0.141643059490085
0 0.9208333333333334 0.7847025495750709 0.045000000000000005 0.18696883852691218
0 0.9641666666666667 0.7705382436260624 0.035 0.1529745042492918
0 0.9858333333333335 0.7847025495750709 0.025 0.13031161473087818
0 0.9 0.6912181303116147 0.04 0.16997167138810199
0 0.9491666666666667 0.6912181303116147 0.04833333333333334 0.2039660056657224
0 0.8433333333333334 0.6331444759206799 0.03333333333333333 0.14447592067988668
0 0.8825000000000001 0.594900849858357 0.035 0.1473087818696884
0 0.9083333333333334 0.5439093484419264 0.04 0.1643059490084986
0 0.8983333333333334 0.5368271954674221 0.03333333333333333 0.14447592067988668
0 0.7958333333333334 0.5453257790368272 0.03166666666666667 0.1331444759206799
0 0.7441666666666668 0.5453257790368272 0.035 0.14447592067988668
0 0.6833333333333333 0.8031161473087819 0.043333333333333335 0.18413597733711048
0 0.5483333333333333 0.6912181303116147 0.03333333333333333 0.141643059490085
0 0.5241666666666667 0.71671388101983 0.045000000000000005 0.18696883852691218
0 0.5025000000000001 0.7294617563739377 0.03833333333333334 0.1671388101983003
0 0.4866666666666667 0.7365439093484419 0.05 0.2096317280453258
0 0.39333333333333337 0.7620396600566572 0.043333333333333335 0.1813031161473088
0 0.42000000000000004 0.7563739376770539 0.04666666666666667 0.1926345609065156
0 0.32833333333333337 0.6019830028328612 0.030000000000000002 0.1274787535410765
0 0.3825 0.708215297450425 0.045000000000000005 0.1926345609065156
0 0.6716666666666667 0.5226628895184137 0.023333333333333334 0.09915014164305949
0 0.7091666666666667 0.4929178470254958 0.03166666666666667 0.1359773371104816
0 0.7266666666666667 0.4645892351274788 0.03333333333333333 0.1473087818696884
0 0.30083333333333334 0.48725212464589235 0.03166666666666667 0.13031161473087818
0 0.27166666666666667 0.5014164305949008 0.02666666666666667 0.11331444759206799
0 0.21916666666666668 0.5254957507082153 0.028333333333333335 0.12181303116147309
0 0.19166666666666668 0.5269121813031161 0.02666666666666667 0.11898016997167139
0 0.17 0.5056657223796034 0.030000000000000002 0.12181303116147309
0 0.14833333333333334 0.5042492917847026 0.030000000000000002 0.13031161473087818
0 0.05166666666666667 0.4631728045325779 0.023333333333333334 0.1048158640226629
0 0.06666666666666667 0.42209631728045327 0.023333333333333334 0.0963172804532578
0 0.03333333333333333 0.4050991501416431 0.023333333333333334 0.10764872521246459
0 0.26583333333333337 0.4107648725212465 0.025 0.11331444759206799
0 0.2341666666666667 0.39801699716713884 0.021666666666666667 0.0878186968838527
0 0.21750000000000003 0.4135977337110482 0.018333333333333333 0.0736543909348442
0 0.0825 0.3781869688385269 0.018333333333333333 0.0764872521246459
0 0.095 0.31728045325779036 0.016666666666666666 0.07932011331444759
0 0.058333333333333334 0.3286118980169972 0.02 0.08498583569405099
0 0.12416666666666668 0.32011331444759206 0.021666666666666667 0.0963172804532578
0 0.17083333333333334 0.3838526912181303 0.018333333333333333 0.0764872521246459
0 0.4108333333333334 0.3541076487252125 0.025 0.10764872521246459
0 0.39666666666666667 0.4178470254957507 0.02666666666666667 0.1161473087818697
0 0.3716666666666667 0.4079320113314448 0.023333333333333334 0.1019830028328612
0 0.43000000000000005 0.34277620396600567 0.023333333333333334 0.1019830028328612
0 0.4475 0.34702549575070823 0.025 0.1104815864022663
0 0.4566666666666667 0.3541076487252125 0.02 0.0906515580736544
0 0.48583333333333334 0.3611898016997167 0.025 0.1104815864022663
0 0.5075000000000001 0.3626062322946176 0.025 0.1019830028328612
4 0.3816666666666667 0.059490084985835696 0.23 0.1019830028328612
4 0.32 0.1784702549575071 0.32333333333333336 0.2322946175637394
4 0.6075 0.23654390934844194 0.16833333333333333 0.2181303116147309
4 0.14750000000000002 0.23087818696883855 0.09166666666666667 0.1558073654390935
