0 0.436 0.6184738955823292 0.056 0.20883534136546184
0 0.5373333333333333 0.642570281124498 0.06933333333333333 0.25301204819277107
0 0.714 0.6867469879518072 0.08666666666666667 0.321285140562249
0 0.5846666666666667 0.6676706827309237 0.08399999999999999 0.3072289156626506
0 0.64 0.6295180722891566 0.064 0.23493975903614456
0 0.6813333333333333 0.6736947791164658 0.06933333333333333 0.2550200803212851
0 0.7593333333333333 0.6857429718875502 0.07866666666666666 0.28714859437751
0 0.7973333333333333 0.6736947791164658 0.06933333333333333 0.25903614457831325
0 0.824 0.6666666666666666 0.07466666666666666 0.2771084337349397
0 0.9226666666666666 0.6787148594377509 0.088 0.3293172690763052
0 0.97 0.6827309236947791 0.05733333333333333 0.28112449799196787
0 0.8653333333333333 0.6546184738955823 0.05333333333333333 0.2008032128514056
0 0.8893333333333333 0.6275100401606425 0.048 0.17871485943775098
0 0.5553333333333333 0.5903614457831324 0.044 0.1606425702811245
0 0.6166666666666667 0.5763052208835341 0.04133333333333333 0.15261044176706826
0 0.46599999999999997 0.5662650602409638 0.036 0.1325301204819277
0 0.47866666666666663 0.5783132530120482 0.026666666666666665 0.09638554216867469
0 0.4973333333333333 0.5451807228915662 0.04 0.1465863453815261
0 0.566 0.5451807228915662 0.036 0.13453815261044175
0 0.5126666666666666 0.5491967871485943 0.030666666666666665 0.1144578313253012
0 0.522 0.539156626506024 0.036 0.13052208835341364
0 0.42066666666666663 0.535140562248996 0.036 0.13453815261044175
0 0.45066666666666666 0.5331325301204819 0.04 0.1465863453815261
0 0.9393333333333334 0.6475903614457831 0.04666666666666666 0.17469879518072287
0 0.8393333333333333 0.6234939759036144 0.04133333333333333 0.1506024096385542
2 0.012 0.4538152610441767 0.016 0.08032128514056225
2 0.05333333333333333 0.46084337349397586 0.024 0.07028112449799197
2 0.10333333333333333 0.4548192771084337 0.014666666666666666 0.05421686746987951
2 0.12933333333333333 0.46485943775100397 0.018666666666666665 0.06224899598393574
2 0.15533333333333332 0.47489959839357426 0.017333333333333333 0.06224899598393574
2 0.16999999999999998 0.4698795180722891 0.012 0.048192771084337345
2 0.18466666666666667 0.4759036144578313 0.012 0.040160642570281124
2 0.206 0.47489959839357426 0.025333333333333333 0.0502008032128514
2 0.288 0.4829317269076305 0.016 0.04618473895582329
2 0.242 0.465863453815261 0.028 0.06024096385542168
2 0.314 0.4829317269076305 0.022666666666666665 0.05421686746987951
2 0.4353333333333333 0.4879518072289156 0.025333333333333333 0.040160642570281124
2 0.5386666666666666 0.5010040160642569 0.021333333333333333 0.03413654618473895
2 0.6866666666666666 0.5170682730923695 0.016 0.022088353413654616
2 0.6966666666666667 0.5441767068273092 0.014666666666666666 0.040160642570281124
2 0.7726666666666666 0.5502008032128514 0.02 0.040160642570281124
2 0.7346666666666667 0.5481927710843373 0.018666666666666665 0.04417670682730923
2 0.476 0.48995983935742965 0.018666666666666665 0.05220883534136546
2 0.5866666666666667 0.49598393574297184 0.018666666666666665 0.040160642570281124
2 0.602 0.502008032128514 0.017333333333333333 0.056224899598393566
2 0.6526666666666666 0.5230923694779116 0.022666666666666665 0.06224899598393574
