0 0.73875 0.8766519823788547 0.0475 0.20264317180616742
0 0.8075 0.8700440528634362 0.05 0.2246696035242291
0 0.95125 0.5814977973568283 0.0425 0.19383259911894274
0 0.88125 0.5925110132158591 0.0425 0.18942731277533043
0 0.80125 0.5969162995594715 0.0425 0.18942731277533043
0 0.7375 0.5947136563876653 0.035 0.16740088105726875
0 0.75875 0.5726872246696035 0.0325 0.1497797356828194
0 0.8300000000000001 0.5660792951541851 0.04 0.17180616740088106
0 0.89875 0.5660792951541851 0.0375 0.17180616740088106
0 0.9725 0.5682819383259913 0.035 0.16740088105726875
0 0.93125 0.5660792951541851 0.0375 0.17180616740088106
0 0.7000000000000001 0.5770925110132159 0.035 0.15859030837004406
0 0.65375 0.5969162995594715 0.0425 0.18061674008810574
0 0.59375 0.5947136563876653 0.0375 0.1762114537444934
0 0.62375 0.5440528634361234 0.0325 0.15418502202643172
0 0.56125 0.5770925110132159 0.0325 0.1497797356828194
0 0.51125 0.5969162995594715 0.0425 0.18061674008810574
0 0.46625 0.5969162995594715 0.0425 0.18942731277533043
0 0.42 0.5991189427312776 0.045 0.19383259911894274
0 0.38 0.5837004405286345 0.035 0.15418502202643172
0 0.3425 0.5947136563876653 0.04 0.18502202643171808
0 0.28375 0.6035242290748899 0.0375 0.1762114537444934
0 0.215 0.6101321585903084 0.04 0.17180616740088106
0 0.15625 0.6057268722466961 0.0375 0.17180616740088106
0 0.0475 0.6123348017621146 0.035 0.15859030837004406
0 0.07125000000000001 0.5770925110132159 0.0325 0.1497797356828194
0 0.18 0.5748898678414097 0.035 0.1629955947136564
0 0.30875 0.5837004405286345 0.0375 0.17180616740088106
0 0.24125 0.5594713656387665 0.0375 0.16740088105726875
0 0.19625 0.5748898678414097 0.0425 0.18061674008810574
0 0.675 0.5484581497797357 0.04 0.18061674008810574
0 0.71625 0.5506607929515419 0.0425 0.19383259911894274
0 0.5337500000000001 0.5550660792951543 0.0375 0.15859030837004406
0 0.4325 0.5660792951541851 0.035 0.1629955947136564
0 0.335 0.5440528634361234 0.035 0.15418502202643172
0 0.95875 0.4405286343612335 0.0275 0.12334801762114539
0 0.9325 0.43171806167400884 0.025 0.10572687224669605
0 0.90625 0.4295154185022027 0.0225 0.11013215859030838
0 0.87375 0.4229074889867842 0.0275 0.13215859030837004
0 0.84125 0.43171806167400884 0.0275 0.11453744493392072
0 0.8225 0.4361233480176212 0.025 0.10572687224669605
0 0.79125 0.44493392070484583 0.0275 0.11453744493392072
0 0.76375 0.4405286343612335 0.0275 0.11453744493392072
0 0.72875 0.4229074889867842 0.0275 0.12334801762114539
0 0.69125 0.42511013215859034 0.0275 0.12775330396475773
0 0.66625 0.41850220264317184 0.0275 0.13215859030837004
0 0.6425 0.4295154185022027 0.025 0.11894273127753305
0 0.61875 0.4295154185022027 0.0275 0.11894273127753305
0 0.59875 0.4427312775330397 0.0225 0.11013215859030838
0 0.5775 0.447136563876652 0.025 0.11894273127753305
0 0.54625 0.43832599118942733 0.0275 0.12775330396475773
0 0.53125 0.4295154185022027 0.0325 0.15418502202643172
0 0.5025000000000001 0.4273127753303965 0.03 0.14096916299559473
0 0.45625 0.4405286343612335 0.0275 0.13215859030837004
0 0.42 0.447136563876652 0.03 0.12775330396475773
0 0.4425 0.4361233480176212 0.025 0.12334801762114539
0 0.39625 0.4427312775330397 0.0325 0.13656387665198239
0 0.36625 0.44493392070484583 0.0275 0.11453744493392072
0 0.34500000000000003 0.4405286343612335 0.025 0.11453744493392072
0 0.32 0.433920704845815 0.03 0.13656387665198239
0 0.295 0.4405286343612335 0.025 0.12334801762114539
0 0.27 0.5484581497797357 0.03 0.14537444933920707
0 0.2625 0.4515418502202644 0.02 0.10132158590308371
0 0.23750000000000002 0.447136563876652 0.02 0.08370044052863437
0 0.215 0.4493392070484582 0.025 0.10572687224669605
0 0.19 0.4493392070484582 0.025 0.12334801762114539
0 0.16875 0.44493392070484583 0.0275 0.12334801762114539
0 0.16125 0.4647577092511014 0.0225 0.10132158590308371
0 0.14625 0.4669603524229075 0.0175 0.0881057268722467
0 0.09125 0.4757709251101322 0.0275 0.12334801762114539
0 0.11875000000000001 0.4581497797356829 0.0375 0.15859030837004406
0 0.07625 0.4757709251101322 0.0175 0.0881057268722467
0 0.05625 0.4713656387665199 0.0275 0.13215859030837004
0 0.04125 0.4845814977973569 0.0275 0.13215859030837004
0 0.02125 0.49339207048458156 0.0225 0.10572687224669605
2 0.47875 0.5022026431718062 0.0225 0.052863436123348026
2 0.56 0.4911894273127754 0.03 0.05726872246696036
2 0.5875 0.4845814977973569 0.03 0.052863436123348026
2 0.9175 0.473568281938326 0.02 0.048458149779735685
2 0.96 0.4845814977973569 0.025 0.052863436123348026
2 0.16875 0.5132158590308371 0.0225 0.05726872246696036
2 0.3 0.49779735682819387 0.025 0.061674008810572695
4 0.0325 0.37224669603524235 0.06 0.17180616740088106
4 0.1875 0.30837004405286345 0.255 0.15859030837004406
4 0.45 0.2995594713656388 0.265 0.16740088105726875
4 0.6825 0.28634361233480177 0.195 0.14096916299559473
4 0.88625 0.29295154185022027 0.2125 0.18061674008810574
