0 0.176 0.6551204819277109 0.18 0.6656626506024097
0 0.043000000000000003 0.5873493975903614 0.08600000000000001 0.3674698795180723
0 0.253 0.5798192771084337 0.122 0.4548192771084338
0 0.35000000000000003 0.5978915662650602 0.128 0.4728915662650603
0 0.45 0.5783132530120483 0.112 0.41566265060240964
0 0.54 0.6204819277108434 0.116 0.427710843373494
0 0.61 0.5843373493975904 0.108 0.4036144578313253
0 0.712 0.5963855421686747 0.12 0.44578313253012053
0 0.797 0.5436746987951807 0.08600000000000001 0.32228915662650603
0 0.867 0.5828313253012049 0.126 0.4608433734939759
0 0.845 0.5120481927710844 0.08600000000000001 0.31927710843373497
0 0.732 0.5391566265060241 0.1 0.3734939759036145
0 0.774 0.5015060240963856 0.076 0.2801204819277109
0 0.655 0.5225903614457832 0.074 0.2801204819277109
0 0.492 0.5075301204819277 0.06 0.22590361445783133
0 0.402 0.5120481927710844 0.068 0.24698795180722893
0 0.259 0.5045180722891567 0.062 0.22590361445783133
0 0.314 0.49397590361445787 0.056 0.21084337349397592
0 0.061 0.572289156626506 0.10200000000000001 0.3734939759036145
0 0.297 0.4924698795180723 0.054 0.1957831325301205
0 0.5720000000000001 0.5075301204819277 0.064 0.23795180722891568
2 0.37 0.42018072289156627 0.024 0.045180722891566265
2 0.52 0.41867469879518077 0.032 0.07228915662650603
