0 0.5295918367346939 0.583596214511041 0.2142857142857143 0.807570977917981
0 0.7367346938775511 0.4700315457413249 0.1510204081632653 0.5678233438485805
0 0.8520408163265307 0.42113564668769715 0.1163265306122449 0.4384858044164038
0 0.9081632653061226 0.37223974763406936 0.08979591836734695 0.34069400630914826
0 0.9500000000000001 0.361198738170347 0.07551020408163266 0.2870662460567823
0 0.20204081632653062 0.4779179810725552 0.1306122448979592 0.4952681388012618
0 0.14183673469387756 0.4400630914826498 0.09183673469387756 0.3501577287066246
0 0.32244897959183677 0.3974763406940063 0.07755102040816328 0.2902208201892744
0 0.3928571428571429 0.43217665615141954 0.09591836734693879 0.37223974763406936
0 0.05816326530612245 0.3659305993690852 0.04285714285714286 0.1640378548895899
0 0.2622448979591837 0.3864353312302839 0.06326530612244899 0.23659305993690852
0 0.45102040816326533 0.3832807570977918 0.0653061224489796 0.24921135646687698
0 0.6673469387755102 0.361198738170347 0.07346938775510205 0.2744479495268139
0 0.613265306122449 0.35173501577287064 0.05510204081632654 0.21766561514195584
0 0.7877551020408164 0.33280757097791797 0.05306122448979592 0.19873817034700314
0 0.08775510204081634 0.3911671924290221 0.05306122448979592 0.20189274447949526
0 0.9775510204081633 0.34069400630914826 0.04081632653061225 0.24605678233438485
0 0.018367346938775512 0.36908517350157727 0.036734693877551024 0.138801261829653
0 0.06020408163265307 0.361198738170347 0.03877551020408164 0.15457413249211355
0 0.11938775510204083 0.41009463722397477 0.0673469387755102 0.25236593059936907
2 0.576530612244898 0.26813880126182965 0.0673469387755102 0.0694006309148265
4 0.28571428571428575 0.29968454258675076 0.0489795918367347 0.07570977917981073
4 0.42244897959183675 0.277602523659306 0.05306122448979592 0.044164037854889586
4 0.35000000000000003 0.27917981072555204 0.05102040816326531 0.05362776025236593
4 0.04387755102040817 0.3217665615141956 0.07551020408163266 0.07570977917981073
4 0.876530612244898 0.250788643533123 0.04285714285714286 0.06624605678233439
4 0.9622448979591838 0.2334384858044164 0.030612244897959186 0.03785488958990536
4 0.6377551020408164 0.26025236593059936 0.05918367346938776 0.05993690851735015
