0 0.06962025316455696 0.8573264781491002 0.05605786618444846 0.1928020565552699
0 0.283001808318264 0.87146529562982 0.05605786618444846 0.1953727506426735
0 0.5099457504520796 0.8611825192802056 0.054249547920433995 0.1953727506426735
0 0.7396021699819167 0.8663239074550128 0.05786618444846293 0.2005141388174807
0 0.9285714285714285 0.8598971722365037 0.05605786618444846 0.2030848329048843
0 0.860759493670886 0.7403598971722365 0.0433996383363472 0.15424164524421594
0 0.9466546112115732 0.7416452442159382 0.04159132007233273 0.15167095115681234
0 0.604882459312839 0.7455012853470436 0.045207956600361664 0.15424164524421594
0 0.7694394213381555 0.7442159383033419 0.04159132007233273 0.14652956298200512
0 0.8164556962025317 0.6863753213367608 0.0379746835443038 0.13881748071979433
0 0.7368896925858951 0.6863753213367608 0.0379746835443038 0.13881748071979433
0 0.4656419529837251 0.7506426735218509 0.04159132007233273 0.14395886889460152
0 0.3408679927667269 0.736503856041131 0.04159132007233273 0.15167095115681234
0 0.2070524412296564 0.7352185089974292 0.0379746835443038 0.13367609254498714
0 0.23417721518987342 0.7005141388174807 0.0379746835443038 0.13110539845758354
0 0.059674502712477394 0.7300771208226221 0.03616636528028933 0.13367609254498714
0 0.10307414104882459 0.6966580976863753 0.039783001808318265 0.13881748071979433
0 0.14556962025316456 0.6670951156812339 0.034358047016274866 0.12082262210796914
0 0.17721518987341772 0.6323907455012853 0.028933092224231464 0.10796915167095116
0 0.21157323688969257 0.6015424164524421 0.028933092224231464 0.10796915167095116
0 0.23508137432188064 0.5861182519280205 0.0325497287522604 0.11311053984575835
0 0.26220614828209765 0.5616966580976863 0.02531645569620253 0.09511568123393316
0 0.0433996383363472 0.6503856041131105 0.03616636528028933 0.12853470437017994
0 0.0162748643761302 0.6156812339331619 0.0325497287522604 0.11568123393316194
0 0.02531645569620253 0.5604113110539846 0.028933092224231464 0.10282776349614395
0 0.05515370705244123 0.589974293059126 0.03074141048824593 0.10539845758354754
0 0.09132007233273055 0.6221079691516709 0.034358047016274866 0.11825192802056554
0 0.1220614828209765 0.5976863753213367 0.03074141048824593 0.10539845758354754
0 0.15461121157323687 0.570694087403599 0.03074141048824593 0.10796915167095116
0 0.17992766726943943 0.5462724935732648 0.023508137432188065 0.08997429305912595
0 0.21157323688969257 0.5334190231362468 0.0216998191681736 0.07969151670951156
0 0.2613019891500904 0.6632390745501285 0.034358047016274866 0.11825192802056554
0 0.29294755877034356 0.6246786632390745 0.0325497287522604 0.11825192802056554
0 0.30922242314647375 0.6015424164524421 0.03616636528028933 0.12853470437017994
0 0.33001808318264014 0.5732647814910026 0.023508137432188065 0.08740359897172235
0 0.3426763110307414 0.5539845758354756 0.027124773960216998 0.10025706940874035
0 0.2802893309222423 0.5385604113110539 0.02531645569620253 0.09511568123393316
0 0.35804701627486435 0.5385604113110539 0.02531645569620253 0.08997429305912595
0 0.3688969258589512 0.5218508997429305 0.02531645569620253 0.09254498714652956
0 0.37974683544303794 0.659383033419023 0.03616636528028933 0.13110539845758354
0 0.35804701627486435 0.6979434447300771 0.03616636528028933 0.13110539845758354
0 0.39511754068716093 0.6221079691516709 0.03074141048824593 0.11311053984575835
0 0.4086799276672694 0.5951156812339331 0.028933092224231464 0.10539845758354754
0 0.4177215189873418 0.5719794344473007 0.028933092224231464 0.10025706940874035
0 0.42766726943942135 0.5578406169665809 0.027124773960216998 0.09254498714652956
0 0.5913200723327305 0.6979434447300771 0.039783001808318265 0.14138817480719792
0 0.47377938517179025 0.6966580976863753 0.039783001808318265 0.14395886889460152
0 0.48282097649186256 0.6619537275064267 0.039783001808318265 0.14652956298200512
0 0.48553345388788427 0.6246786632390745 0.027124773960216998 0.10282776349614395
0 0.581374321880651 0.6606683804627249 0.0379746835443038 0.13367609254498714
0 0.5777576853526221 0.6298200514138818 0.034358047016274866 0.12339331619537275
0 0.7070524412296564 0.6568123393316195 0.03616636528028933 0.12596401028277635
0 0.6962025316455696 0.6311053984575835 0.0325497287522604 0.11053984575835475
0 0.6844484629294756 0.6143958868894601 0.03074141048824593 0.10796915167095116
0 0.7875226039783002 0.6516709511568123 0.034358047016274866 0.12596401028277635
0 0.899638336347197 0.6825192802056554 0.0379746835443038 0.13110539845758354
0 0.8770343580470162 0.6503856041131105 0.0325497287522604 0.11311053984575835
0 0.8417721518987341 0.6233933161953727 0.034358047016274866 0.12082262210796914
0 0.9710669077757685 0.6491002570694087 0.0325497287522604 0.12082262210796914
0 0.984629294755877 0.5938303341902313 0.027124773960216998 0.10796915167095116
0 0.9367088607594937 0.6233933161953727 0.028933092224231464 0.10539845758354754
0 0.8987341772151899 0.6002570694087404 0.028933092224231464 0.10539845758354754
0 0.953887884267631 0.570694087403599 0.027124773960216998 0.10282776349614395
0 0.9195298372513562 0.5539845758354756 0.027124773960216998 0.10025706940874035
0 0.9285714285714285 0.5141388174807198 0.023508137432188065 0.08740359897172235
0 0.961121157323689 0.5385604113110539 0.027124773960216998 0.09511568123393316
0 0.9882459312839059 0.5462724935732648 0.019891500904159132 0.09511568123393316
0 0.9882459312839059 0.47943444730077117 0.019891500904159132 0.07969151670951156
0 0.9710669077757685 0.48329048843187655 0.0216998191681736 0.08226221079691516
0 0.945750452079566 0.47300771208226217 0.018083182640144666 0.07197943444730076
0 0.9620253164556962 0.4652956298200514 0.02531645569620253 0.08740359897172235
0 0.9204339963833634 0.4652956298200514 0.018083182640144666 0.07197943444730076
0 0.9376130198915009 0.46015424164524416 0.019891500904159132 0.07197943444730076
0 0.8969258589511754 0.45501285347043696 0.018083182640144666 0.07197943444730076
0 0.91500904159132 0.4447300771208226 0.0216998191681736 0.08226221079691516
0 0.8544303797468354 0.5539845758354756 0.023508137432188065 0.08997429305912595
0 0.8236889692585895 0.5938303341902313 0.027124773960216998 0.09254498714652956
0 0.7703435804701627 0.6233933161953727 0.0325497287522604 0.11568123393316194
0 0.7531645569620253 0.5989717223650385 0.027124773960216998 0.10282776349614395
0 0.7377938517179023 0.583547557840617 0.028933092224231464 0.10282776349614395
0 0.6672694394213381 0.5848329048843187 0.028933092224231464 0.10539845758354754
0 0.6582278481012658 0.5681233933161953 0.02531645569620253 0.09768637532133675
0 0.49276672694394213 0.5861182519280205 0.019891500904159132 0.07712082262210797
0 0.7956600361663653 0.5732647814910026 0.02531645569620253 0.08740359897172235
0 0.8236889692585895 0.5424164524421593 0.027124773960216998 0.10282776349614395
0 0.8065099457504521 0.5257069408740359 0.0216998191681736 0.08483290488431876
0 0.7830018083182639 0.5565552699228792 0.0216998191681736 0.08483290488431876
4 0.14556962025316456 0.31105398457583544 0.1717902350813743 0.06683804627249357
4 0.39511754068716093 0.32776349614395883 0.298372513562387 0.10025706940874035
4 0.6772151898734177 0.30848329048843187 0.2585895117540687 0.07712082262210797
4 0.352622061482821 0.390745501285347 0.3508137432188065 0.030848329048843187
4 0.10669077757685352 0.4395886889460154 0.20614828209764918 0.14395886889460152
4 0.3481012658227848 0.442159383033419 0.2694394213381555 0.13367609254498714
4 0.7622061482820977 0.422879177377892 0.20795660036166363 0.11053984575835475
4 0.5641952983725136 0.4640102827763496 0.18806509945750452 0.2030848329048843
4 0.7341772151898734 0.5282776349614395 0.12296564195298372 0.11568123393316194
