0 0.06583333333333334 0.72 0.058333333333333334 0.22
0 0.12583333333333335 0.67875 0.058333333333333334 0.2125
0 0.2366666666666667 0.7025 0.05666666666666667 0.21
0 0.27416666666666667 0.76875 0.08166666666666667 0.3025
0 0.31333333333333335 0.70625 0.060000000000000005 0.2275
0 0.3725 0.6675 0.05166666666666667 0.195
0 0.42333333333333334 0.60375 0.03333333333333333 0.1275
0 0.5908333333333333 0.8300000000000001 0.085 0.32
0 0.8008333333333334 0.76375 0.07833333333333334 0.28750000000000003
0 0.6883333333333334 0.69375 0.05666666666666667 0.2125
0 0.6458333333333334 0.665 0.04833333333333334 0.18
0 0.5408333333333334 0.765 0.07166666666666667 0.265
0 0.49750000000000005 0.6625 0.04833333333333334 0.185
0 0.6041666666666667 0.58875 0.025 0.0925
0 0.6191666666666668 0.595 0.025 0.1
0 0.5866666666666667 0.57625 0.023333333333333334 0.08750000000000001
0 0.7166666666666667 0.6275000000000001 0.04666666666666667 0.17
0 0.8375 0.6900000000000001 0.055 0.21
0 0.8666666666666667 0.6625 0.05 0.19
0 0.9383333333333334 0.62625 0.04666666666666667 0.1775
0 0.8975000000000001 0.61375 0.045000000000000005 0.17250000000000001
0 0.9658333333333334 0.68375 0.058333333333333334 0.2225
0 0.7725000000000001 0.6525 0.05166666666666667 0.195
0 0.35083333333333333 0.56875 0.018333333333333333 0.0725
2 0.22083333333333335 0.59875 0.021666666666666667 0.08750000000000001
2 0.49583333333333335 0.55125 0.03166666666666667 0.0425
2 0.53 0.615 0.030000000000000002 0.035
2 0.5716666666666667 0.60375 0.023333333333333334 0.0725
2 0.68 0.56875 0.023333333333333334 0.0825
2 0.655 0.5625 0.016666666666666666 0.06
2 0.7033333333333334 0.56125 0.023333333333333334 0.0675
2 0.8266666666666668 0.57125 0.02666666666666667 0.0425
2 0.8683333333333334 0.5375 0.03333333333333333 0.035
4 0.2941666666666667 0.58 0.11166666666666668 0.06
