0 0.3785714285714286 0.544959128065395 0.1326530612244898 0.4359673024523161
0 0.5295918367346939 0.5217983651226158 0.09183673469387756 0.30245231607629425
0 0.6816326530612246 0.6730245231607629 0.1836734693877551 0.5994550408719346
0 0.1816326530612245 0.4373297002724795 0.0489795918367347 0.16076294277929154
0 0.24387755102040817 0.4427792915531335 0.05102040816326531 0.17166212534059944
0 0.04591836734693878 0.444141689373297 0.04693877551020409 0.15258855585831063
0 0.06224489795918368 0.4087193460490463 0.03877551020408164 0.12534059945504086
0 0.0836734693877551 0.40054495912806537 0.02448979591836735 0.08719346049046321
0 0.1142857142857143 0.4019073569482289 0.02448979591836735 0.08991825613079019
0 0.12448979591836735 0.40463215258855584 0.02448979591836735 0.08446866485013624
0 0.1479591836734694 0.40326975476839233 0.030612244897959186 0.10354223433242507
0 0.16938775510204082 0.39509536784741145 0.02448979591836735 0.08719346049046321
0 0.21530612244897962 0.39373297002724794 0.030612244897959186 0.10081743869209808
0 0.276530612244898 0.4141689373297003 0.022448979591836737 0.08174386920980926
0 0.30000000000000004 0.4128065395095368 0.02448979591836735 0.08446866485013624
0 0.3336734693877551 0.42779291553133514 0.030612244897959186 0.10899182561307902
0 0.363265306122449 0.44005449591280654 0.04489795918367347 0.1553133514986376
0 0.4428571428571429 0.40054495912806537 0.028571428571428574 0.09264305177111716
0 0.4244897959183674 0.42370572207084467 0.02448979591836735 0.08446866485013624
0 0.5836734693877551 0.4754768392370572 0.05306122448979592 0.18256130790190736
0 0.6357142857142858 0.4659400544959128 0.05102040816326531 0.16348773841961853
0 0.6173469387755103 0.4536784741144414 0.04285714285714286 0.14986376021798364
0 0.7602040816326532 0.4863760217983651 0.06326530612244899 0.20435967302452315
0 0.8112244897959184 0.5149863760217983 0.05510204081632654 0.17983651226158037
0 0.8561224489795919 0.5149863760217983 0.07142857142857144 0.23433242506811988
0 0.8785714285714287 0.5 0.06326530612244899 0.20435967302452315
0 0.939795918367347 0.5354223433242506 0.07142857142857144 0.23705722070844687
0 0.7846938775510205 0.47411444141689374 0.05918367346938776 0.20163487738419617
