0 0.08646616541353383 0.7016666666666667 0.05263157894736842 0.18333333333333335
0 0.15789473684210525 0.7333333333333334 0.07518796992481203 0.24666666666666667
0 0.21052631578947367 0.7000000000000001 0.05012531328320802 0.17333333333333334
0 0.2832080200501253 0.7283333333333334 0.06516290726817042 0.21666666666666667
0 0.3182957393483709 0.6883333333333334 0.05513784461152882 0.17666666666666667
0 0.41478696741854637 0.7250000000000001 0.06766917293233082 0.22333333333333336
0 0.4849624060150376 0.6916666666666668 0.05263157894736842 0.17
0 0.5300751879699248 0.7233333333333334 0.06265664160401002 0.21333333333333335
0 0.5676691729323308 0.6966666666666667 0.047619047619047616 0.16666666666666669
0 0.6478696741854636 0.7200000000000001 0.07268170426065163 0.24000000000000002
0 0.7719298245614035 0.7150000000000001 0.07017543859649122 0.2366666666666667
0 0.8809523809523809 0.7116666666666667 0.06766917293233082 0.22333333333333336
2 0.3922305764411027 0.64 0.03258145363408521 0.07333333333333333
2 0.7456140350877193 0.625 0.03258145363408521 0.06333333333333334
