0 0.043333333333333335 0.4284511784511784 0.06222222222222222 0.234006734006734
0 0.08333333333333333 0.4898989898989899 0.051111111111111114 0.1919191919191919
0 0.11444444444444445 0.5042087542087542 0.051111111111111114 0.19360269360269358
0 0.12277777777777778 0.4419191919191919 0.08333333333333333 0.3114478114478114
0 0.165 0.4461279461279461 0.09444444444444444 0.35016835016835013
0 0.22166666666666668 0.4966329966329966 0.07222222222222222 0.265993265993266
0 0.2594444444444444 0.45707070707070707 0.10777777777777778 0.39898989898989895
0 0.32666666666666666 0.43686868686868685 0.1 0.372053872053872
0 0.34833333333333333 0.5244107744107744 0.08555555555555555 0.32154882154882153
0 0.39611111111111114 0.4823232323232323 0.11888888888888889 0.4393939393939394
0 0.47055555555555556 0.45370370370370366 0.11222222222222222 0.41919191919191917
0 0.5166666666666667 0.5900673400673401 0.09333333333333334 0.34848484848484845
0 0.5688888888888889 0.515993265993266 0.14888888888888888 0.5538720538720538
0 0.6155555555555555 0.46296296296296297 0.14888888888888888 0.5488215488215488
0 0.7127777777777777 0.4621212121212121 0.08555555555555555 0.3181818181818182
0 0.7816666666666666 0.4419191919191919 0.09666666666666666 0.35858585858585856
0 0.7394444444444445 0.45959595959595956 0.07666666666666666 0.28619528619528617
0 0.7983333333333333 0.6405723905723906 0.11222222222222222 0.4158249158249158
0 0.8911111111111111 0.5555555555555556 0.18222222222222223 0.6734006734006733
0 0.9277777777777778 0.48653198653198654 0.14222222222222222 0.5858585858585859
0 0.6777777777777778 0.4638047138047138 0.10444444444444445 0.39225589225589225
2 0.8427777777777777 0.2567340067340067 0.06555555555555556 0.16666666666666666
2 0.5377777777777778 0.30808080808080807 0.026666666666666665 0.06397306397306397
2 0.5272222222222223 0.38215488215488214 0.03222222222222222 0.05387205387205387
2 0.22444444444444445 0.30892255892255893 0.028888888888888888 0.06565656565656565
2 0.20055555555555554 0.3265993265993266 0.021111111111111112 0.050505050505050504
2 0.06444444444444444 0.3282828282828283 0.024444444444444446 0.04713804713804714
2 0.08944444444444444 0.3392255892255892 0.025555555555555557 0.045454545454545456
