0 0.5825617283950617 0.5983796296296297 0.18055555555555555 0.6597222222222222
0 0.7237654320987654 0.4247685185185185 0.07716049382716049 0.28935185185185186
0 0.7746913580246914 0.3900462962962963 0.08641975308641975 0.3171296296296296
0 0.8001543209876543 0.3819444444444444 0.07870370370370369 0.28703703703703703
0 0.8780864197530863 0.38888888888888884 0.08333333333333333 0.3055555555555555
0 0.9467592592592592 0.40856481481481477 0.06635802469135801 0.24305555555555555
0 0.9760802469135802 0.39814814814814814 0.044753086419753084 0.25
0 0.4853395061728395 0.5219907407407407 0.18055555555555555 0.6689814814814814
0 0.316358024691358 0.5162037037037037 0.15123456790123457 0.5555555555555556
0 0.4436728395061728 0.4884259259259259 0.14969135802469136 0.5509259259259259
0 0.41743827160493824 0.49189814814814814 0.14660493827160492 0.5439814814814814
0 0.17824074074074073 0.4907407407407407 0.11882716049382716 0.4351851851851852
0 0.11265432098765432 0.3414351851851852 0.040123456790123455 0.1550925925925926
2 0.3765432098765432 0.26967592592592593 0.043209876543209874 0.10416666666666666
2 0.8387345679012346 0.2986111111111111 0.020061728395061727 0.046296296296296294
2 0.9135802469135802 0.27546296296296297 0.015432098765432098 0.05555555555555555
2 0.9668209876543209 0.2881944444444444 0.020061728395061727 0.039351851851851846
