0 0.15789473684210525 0.49901380670611445 0.03684210526315789 0.14201183431952663
0 0.18947368421052632 0.49901380670611445 0.04473684210526316 0.16962524654832348
0 0.2006578947368421 0.5167652859960552 0.046052631578947366 0.17357001972386588
0 0.23421052631578948 0.5236686390532544 0.05263157894736842 0.1913214990138067
0 0.2598684210526316 0.5355029585798817 0.04868421052631579 0.18343195266272191
0 0.2993421052631579 0.5266272189349113 0.05921052631578947 0.22090729783037477
0 0.3506578947368421 0.5433925049309665 0.06973684210526315 0.25443786982248523
0 0.46249999999999997 0.5631163708086785 0.07763157894736841 0.2899408284023669
0 0.4342105263157895 0.5404339250493096 0.06842105263157895 0.252465483234714
0 0.475 0.49901380670611445 0.06842105263157895 0.25641025641025644
0 0.5499999999999999 0.576923076923077 0.06315789473684211 0.23471400394477318
0 0.5769736842105263 0.5315581854043393 0.07236842105263158 0.2702169625246548
0 0.6611842105263158 0.5739644970414202 0.09078947368421053 0.33925049309664695
0 0.7532894736842105 0.6035502958579883 0.09868421052631579 0.36686390532544383
0 0.8506578947368421 0.5759368836291914 0.10394736842105264 0.3826429980276134
0 0.9249999999999999 0.6005917159763314 0.11052631578947368 0.40433925049309666
0 0.9809210526315789 0.4309664694280079 0.017105263157894738 0.0650887573964497
0 0.04802631578947368 0.358974358974359 0.03289473684210526 0.1222879684418146
0 0.7855263157894736 0.4309664694280079 0.018421052631578946 0.06903353057199212
0 0.16644736842105262 0.1755424063116371 0.02236842105263158 0.08678500986193294
0 0.08486842105263158 0.16173570019723868 0.019736842105263157 0.07495069033530573
0 0.4230263157894737 0.24950690335305722 0.017105263157894738 0.0650887573964497
0 0.40789473684210525 0.23767258382643 0.018421052631578946 0.06903353057199212
0 0.44539473684210523 0.27416173570019725 0.017105263157894738 0.0631163708086785
2 0.008552631578947369 0.26824457593688367 0.017105263157894738 0.0591715976331361
2 0.023026315789473683 0.26528599605522685 0.014473684210526316 0.0611439842209073
2 0.04736842105263158 0.26824457593688367 0.015789473684210527 0.0591715976331361
2 0.07039473684210526 0.26528599605522685 0.019736842105263157 0.0611439842209073
2 0.09868421052631579 0.27317554240631164 0.02368421052631579 0.0650887573964497
2 0.20921052631578946 0.2879684418145957 0.018421052631578946 0.0591715976331361
2 0.2381578947368421 0.2889546351084813 0.021052631578947368 0.0611439842209073
2 0.2565789473684211 0.2869822485207101 0.010526315789473684 0.05719921104536489
2 0.2710526315789474 0.28500986193293887 0.018421052631578946 0.05719921104536489
2 0.28486842105263155 0.28007889546351084 0.011842105263157895 0.04733727810650888
2 0.35986842105263156 0.27416173570019725 0.014473684210526316 0.03550295857988166
2 0.38421052631578945 0.27416173570019725 0.015789473684210527 0.03155818540433925
2 0.15657894736842104 0.17357001972386588 0.015789473684210527 0.03944773175542406
2 0.4605263157894737 0.21499013806706116 0.018421052631578946 0.03155818540433925
2 0.44276315789473686 0.21893491124260356 0.009210526315789473 0.03550295857988166
2 0.6914473684210526 0.2692307692307692 0.011842105263157895 0.021696252465483234
2 0.718421052631579 0.2692307692307692 0.010526315789473684 0.01775147928994083
2 0.03355263157894737 0.22090729783037477 0.011842105263157895 0.02366863905325444
2 0.04736842105263158 0.21992110453648916 0.010526315789473684 0.025641025641025644
2 0.05855263157894737 0.21992110453648916 0.009210526315789473 0.01775147928994083
2 0.06842105263157895 0.22090729783037477 0.013157894736842105 0.02366863905325444
2 0.08092105263157895 0.22189349112426038 0.011842105263157895 0.021696252465483234
2 0.005263157894736842 0.20611439842209073 0.010526315789473684 0.025641025641025644
2 0.019736842105263157 0.19723865877712032 0.010526315789473684 0.02366863905325444
2 0.0375 0.19625246548323472 0.011842105263157895 0.013806706114398423
2 0.023026315789473683 0.1715976331360947 0.011842105263157895 0.02366863905325444
2 0.009868421052631578 0.17850098619329388 0.011842105263157895 0.01775147928994083
2 0.27499999999999997 0.2386587771203156 0.015789473684210527 0.04339250493096647
4 0.18092105263157895 0.20315581854043394 0.14605263157894738 0.10256410256410257
4 0.3401315789473684 0.21893491124260356 0.14342105263157895 0.08284023668639054
4 0.5434210526315789 0.27416173570019725 0.15789473684210525 0.08284023668639054
4 0.6552631578947369 0.28106508875739644 0.060526315789473685 0.06903353057199212
4 0.7407894736842106 0.33136094674556216 0.10526315789473684 0.09861932938856016
4 0.8940789473684211 0.3422090729783038 0.1986842105263158 0.1203155818540434
