0 0.0896436525612472 0.5423076923076923 0.07906458797327394 0.26615384615384613
0 0.15924276169265034 0.5507692307692308 0.07349665924276169 0.24615384615384617
0 0.44766146993318484 0.6292307692307693 0.17371937639198218 0.5907692307692307
0 0.5261692650334076 0.5584615384615385 0.10356347438752783 0.3507692307692308
0 0.5723830734966592 0.5430769230769231 0.0779510022271715 0.2676923076923077
0 0.6241648106904232 0.53 0.05902004454342984 0.19846153846153847
0 0.7099109131403117 0.5446153846153846 0.07015590200445435 0.23692307692307693
0 0.765033407572383 0.5046153846153846 0.035634743875278395 0.12307692307692308
0 0.7388641425389755 0.5007692307692307 0.036748329621380846 0.12461538461538461
0 0.8073496659242761 0.5153846153846153 0.051224944320712694 0.1753846153846154
0 0.8485523385300667 0.5353846153846153 0.06236080178173719 0.20923076923076922
0 0.9510022271714922 0.5361538461538462 0.05567928730512249 0.19230769230769232
0 0.9710467706013363 0.5546153846153846 0.05567928730512249 0.25384615384615383
0 0.29899777282850776 0.5215384615384615 0.043429844097995544 0.14769230769230768
0 0.3307349665924276 0.5169230769230769 0.03340757238307349 0.11384615384615385
0 0.24276169265033407 0.5107692307692308 0.026726057906458794 0.09230769230769231
0 0.2655902004454343 0.5076923076923077 0.021158129175946547 0.07076923076923076
0 0.19265033407572382 0.5 0.022271714922048998 0.07384615384615384
0 0.2216035634743875 0.5015384615384615 0.015590200445434297 0.05846153846153846
0 0.04175946547884187 0.5130769230769231 0.030066815144766147 0.10615384615384615
0 0.015590200445434297 0.5046153846153846 0.026726057906458794 0.09230769230769231
0 0.6664810690423162 0.5 0.021158129175946547 0.07692307692307693
0 0.8836302895322939 0.5076923076923077 0.04120267260579064 0.14153846153846153
0 0.37694877505567925 0.5123076923076924 0.027839643652561245 0.09230769230769231
