0 0.06583333333333334 0.7832512315270936 0.08833333333333333 0.3251231527093596
0 0.2066666666666667 0.8066502463054187 0.060000000000000005 0.22413793103448276
0 0.3066666666666667 0.8066502463054187 0.06666666666666667 0.2438423645320197
0 0.3775 0.8029556650246306 0.06166666666666667 0.22167487684729065
0 0.42833333333333334 0.8103448275862069 0.06666666666666667 0.2413793103448276
0 0.47500000000000003 0.7906403940886699 0.060000000000000005 0.22167487684729065
0 0.5408333333333334 0.8041871921182266 0.07500000000000001 0.2733990147783251
0 0.5808333333333334 0.7906403940886699 0.06833333333333334 0.2512315270935961
0 0.665 0.8054187192118226 0.08 0.29064039408866993
0 0.8016666666666667 0.8177339901477833 0.08 0.2955665024630542
0 0.9558333333333334 0.8189655172413793 0.085 0.33251231527093594
0 0.125 0.8041871921182266 0.060000000000000005 0.2142857142857143
0 0.4941666666666667 0.8017241379310345 0.06166666666666667 0.22413793103448276
0 0.7225 0.8078817733990148 0.06833333333333334 0.24630541871921183
