0 0.079375 0.7101851851851853 0.11375 0.4166666666666667
0 0.17250000000000001 0.6398148148148148 0.09 0.32407407407407407
0 0.268125 0.625925925925926 0.09375 0.34074074074074073
0 0.3025 0.6314814814814815 0.075 0.2740740740740741
0 0.366875 0.6583333333333333 0.10125 0.3648148148148148
0 0.39625 0.6277777777777778 0.085 0.3074074074074074
0 0.429375 0.6074074074074074 0.06875 0.2555555555555556
0 0.464375 0.6398148148148148 0.08625000000000001 0.312962962962963
0 0.5225 0.6574074074074074 0.1 0.3666666666666667
0 0.55375 0.6333333333333333 0.0975 0.35185185185185186
0 0.5975 0.6185185185185186 0.06 0.21851851851851853
0 0.629375 0.6435185185185185 0.07375 0.26851851851851855
0 0.675625 0.6166666666666667 0.07125000000000001 0.26296296296296295
0 0.71 0.6185185185185186 0.06 0.22222222222222224
0 0.7425 0.612037037037037 0.0625 0.22777777777777777
0 0.78 0.6092592592592593 0.0575 0.21481481481481482
0 0.829375 0.6083333333333334 0.05375 0.19814814814814816
0 0.8512500000000001 0.5990740740740741 0.05 0.18333333333333335
0 0.89875 0.6064814814814815 0.05 0.18333333333333335
0 0.923125 0.5907407407407408 0.04875 0.1814814814814815
0 0.954375 0.5842592592592593 0.043750000000000004 0.16481481481481483
0 0.983125 0.5861111111111111 0.03125 0.17222222222222222
0 0.81 0.5916666666666667 0.055 0.20185185185185187
