0 0.17969661610268375 0.726159230096238 0.08868144690781796 0.32720909886264216
0 0.23512252042006998 0.6955380577427822 0.07001166861143523 0.2572178477690289
0 0.2847141190198366 0.7038495188101488 0.07117852975495916 0.26159230096237973
0 0.3351808634772462 0.6977252843394576 0.07059509918319719 0.25809273840769903
0 0.38973162193698946 0.6876640419947507 0.06884480746791131 0.25196850393700787
0 0.44603267211201864 0.6920384951881015 0.06942823803967327 0.2537182852143482
0 0.5055425904317385 0.6885389326334208 0.06592765460910151 0.24321959755030623
0 0.5761376896149357 0.6854768153980753 0.06826137689614935 0.24934383202099739
0 0.6356476079346557 0.6889763779527559 0.06592765460910151 0.24059492563429571
0 0.6855309218203033 0.6846019247594051 0.0676779463243874 0.24759405074365706
0 0.7508751458576429 0.6951006124234471 0.06301050175029171 0.2335958005249344
0 0.8045507584597432 0.7279090113735783 0.0851808634772462 0.3132108486439195
2 0.6881563593932322 0.7191601049868767 0.07409568261376895 0.1452318460192476
2 0.34626604434072344 0.7187226596675416 0.06942823803967327 0.12335958005249344
