0 0.7585895117540687 0.6639871382636656 0.0922242314647378 0.4083601286173633
0 0.581374321880651 0.5868167202572347 0.08499095840867993 0.3697749196141479
0 0.5316455696202531 0.5321543408360129 0.05786618444846293 0.2604501607717042
0 0.42585895117540684 0.567524115755627 0.0705244122965642 0.3054662379421222
0 0.47468354430379744 0.48070739549839225 0.04159132007233273 0.18971061093247588
0 0.3652802893309222 0.5546623794212219 0.054249547920433995 0.23472668810289388
0 0.3164556962025316 0.5241157556270096 0.04701627486437613 0.21221864951768488
0 0.25406871609403253 0.5836012861736334 0.059674502712477394 0.2604501607717042
0 0.21880650994575043 0.5530546623794212 0.054249547920433995 0.2379421221864952
0 0.17902350813743217 0.5016077170418006 0.0433996383363472 0.19935691318327975
0 0.10849909584086799 0.5771704180064309 0.06148282097649186 0.2733118971061093
0 0.04792043399638336 0.4340836012861736 0.023508137432188065 0.10932475884244373
0 0.7314647377938517 0.4180064308681672 0.034358047016274866 0.14790996784565916
0 0.7034358047016275 0.4180064308681672 0.03616636528028933 0.1607717041800643
0 0.6681735985533453 0.4196141479099678 0.03074141048824593 0.13183279742765272
0 0.6338155515370705 0.41318327974276525 0.03074141048824593 0.1382636655948553
0 0.9773960216998191 0.41479099678456594 0.0379746835443038 0.16720257234726688
0 0.91500904159132 0.3762057877813505 0.02531645569620253 0.1157556270096463
0 0.8824593128390597 0.3762057877813505 0.028933092224231464 0.12861736334405144
0 0.7757685352622061 0.3954983922829582 0.0325497287522604 0.1414790996784566
0 0.7513562386980108 0.39228295819935693 0.03074141048824593 0.13504823151125403
0 0.1410488245931284 0.4662379421221865 0.03616636528028933 0.1607717041800643
0 0.16365280289330922 0.49196141479099675 0.0379746835443038 0.16720257234726688
0 0.15009041591320071 0.4678456591639871 0.0325497287522604 0.1382636655948553
0 0.9339963833634719 0.34565916398713825 0.027124773960216998 0.1189710610932476
0 0.2820976491862568 0.5032154340836013 0.039783001808318265 0.1832797427652733
4 0.048824593128390596 0.3617363344051447 0.0759493670886076 0.06109324758842444
4 0.3679927667269439 0.3408360128617363 0.4647377938517179 0.09003215434083602
4 0.7224231464737794 0.2717041800643087 0.21880650994575043 0.0932475884244373
