0 0.24333333333333335 0.5816666666666667 0.06444444444444444 0.24333333333333335
0 0.14 0.5516666666666667 0.04888888888888889 0.17666666666666667
0 0.034444444444444444 0.535 0.03333333333333333 0.12333333333333334
0 0.9122222222222223 0.5466666666666667 0.11333333333333333 0.4133333333333334
0 0.9522222222222222 0.3666666666666667 0.028888888888888888 0.11333333333333334
0 0.72 0.38833333333333336 0.026666666666666665 0.11
0 0.6911111111111111 0.395 0.03111111111111111 0.11666666666666667
2 0.6766666666666666 0.5983333333333334 0.06 0.19
2 0.7444444444444445 0.5816666666666667 0.057777777777777775 0.14333333333333334
2 0.5977777777777777 0.6050000000000001 0.04888888888888889 0.21000000000000002
2 0.5011111111111111 0.5850000000000001 0.03777777777777778 0.1366666666666667
2 0.43666666666666665 0.5716666666666667 0.03777777777777778 0.1366666666666667
2 0.39555555555555555 0.5716666666666667 0.035555555555555556 0.14333333333333334
2 0.36333333333333334 0.5683333333333334 0.024444444444444446 0.11
2 0.33666666666666667 0.5683333333333334 0.03333333333333333 0.1366666666666667
2 0.2877777777777778 0.5783333333333334 0.03333333333333333 0.11666666666666667
2 0.1988888888888889 0.5566666666666668 0.02 0.08666666666666667
2 0.1811111111111111 0.5700000000000001 0.015555555555555555 0.1
2 0.3877777777777778 0.4166666666666667 0.015555555555555555 0.03333333333333333
2 0.4011111111111111 0.41500000000000004 0.02 0.043333333333333335
2 0.42333333333333334 0.4116666666666667 0.015555555555555555 0.05
2 0.4588888888888889 0.4066666666666667 0.02 0.04666666666666667
2 0.47333333333333333 0.4116666666666667 0.017777777777777778 0.05
2 0.4988888888888889 0.4033333333333334 0.02 0.04666666666666667
2 0.5211111111111111 0.4066666666666667 0.02 0.04
2 0.5944444444444444 0.3916666666666667 0.02 0.03666666666666667
2 0.6188888888888889 0.3866666666666667 0.024444444444444446 0.04
2 0.6455555555555555 0.37333333333333335 0.02 0.04666666666666667
2 0.6677777777777778 0.38 0.02 0.04666666666666667
4 0.07888888888888888 0.5133333333333334 0.08222222222222222 0.18666666666666668
4 0.2011111111111111 0.4266666666666667 0.1622222222222222 0.05333333333333334
