0 0.05241935483870968 0.6910519951632406 0.10483870967741936 0.44619105199516323
0 0.12862903225806452 0.6819830713422007 0.13629032258064516 0.5030229746070133
0 0.2217741935483871 0.6729141475211607 0.12580645161290321 0.46311970979443773
0 0.2846774193548387 0.6813784764207981 0.12903225806451613 0.4727932285368803
0 0.32056451612903225 0.658403869407497 0.1217741935483871 0.4486094316807739
0 0.36774193548387096 0.6692865779927448 0.12903225806451613 0.4752116082224909
0 0.40524193548387094 0.6185006045949214 0.12983870967741937 0.47762998790810157
0 0.45 0.6644498186215235 0.13870967741935483 0.5066505441354292
0 0.5032258064516129 0.5912938331318016 0.11935483870967742 0.4353083434099153
0 0.5475806451612903 0.6644498186215235 0.13064516129032258 0.48004836759371217
0 0.5850806451612903 0.590689238210399 0.1153225806451613 0.42442563482466744
0 0.635483870967742 0.6837968561064087 0.13548387096774195 0.49697702539298666
0 0.6681451612903225 0.6469165659008465 0.12661290322580646 0.464328899637243
0 0.7278225806451613 0.683192261185006 0.1346774193548387 0.49576783555018133
0 0.7540322580645161 0.6680773881499396 0.12419354838709677 0.45828295042321643
0 0.7870967741935484 0.677750906892382 0.12580645161290321 0.4607013301088271
0 0.8306451612903226 0.6680773881499396 0.10967741935483871 0.40024183796856105
0 0.8842741935483871 0.6819830713422007 0.11209677419354838 0.4111245465538089
2 0.039112903225806454 0.45344619105199513 0.05725806451612903 0.06771463119709795
2 0.2508064516129032 0.46372430471584036 0.041935483870967745 0.10519951632406287
2 0.2770161290322581 0.43409915356711004 0.018548387096774192 0.03143893591293833
2 0.34516129032258064 0.4613059250302297 0.027419354838709678 0.05683192261185006
2 0.4729838709677419 0.3373639661426844 0.04596774193548387 0.06045949214026602
2 0.5395161290322581 0.39540507859733975 0.035483870967741936 0.07013301088270858
2 0.4790322580645161 0.40447400241837966 0.035483870967741936 0.06166868198307134
2 0.6971774193548387 0.4812575574365175 0.02661290322580645 0.0652962515114873
2 0.8133064516129033 0.45344619105199513 0.021774193548387097 0.04836759371221282
