0 0.020535714285714286 0.4916666666666667 0.04107142857142857 0.20714285714285716
0 0.05357142857142857 0.5297619047619048 0.05714285714285714 0.19285714285714287
0 0.06696428571428571 0.4773809523809524 0.055357142857142855 0.18809523809523812
0 0.10357142857142856 0.5440476190476191 0.06428571428571428 0.21190476190476193
0 0.11607142857142856 0.49880952380952387 0.04642857142857143 0.15952380952380954
0 0.15 0.580952380952381 0.06785714285714285 0.21904761904761907
0 0.16428571428571428 0.5404761904761906 0.06428571428571428 0.2142857142857143
0 0.17767857142857144 0.4630952380952381 0.055357142857142855 0.17857142857142858
0 0.21339285714285713 0.5988095238095239 0.0625 0.21190476190476193
0 0.25982142857142854 0.5488095238095239 0.055357142857142855 0.18333333333333335
0 0.27589285714285716 0.594047619047619 0.0625 0.2023809523809524
0 0.23839285714285713 0.4892857142857143 0.04821428571428571 0.15952380952380954
0 0.22232142857142856 0.5261904761904762 0.05178571428571428 0.1761904761904762
0 0.30089285714285713 0.6285714285714287 0.07678571428571428 0.25238095238095243
0 0.35714285714285715 0.6202380952380953 0.07142857142857142 0.23095238095238096
0 0.33214285714285713 0.5761904761904763 0.06428571428571428 0.20952380952380956
0 0.4232142857142857 0.6107142857142858 0.07142857142857142 0.23571428571428574
0 0.39107142857142857 0.5726190476190477 0.06428571428571428 0.21666666666666667
0 0.4705357142857143 0.6071428571428572 0.06607142857142857 0.2142857142857143
0 0.44285714285714284 0.5738095238095239 0.060714285714285714 0.2
0 0.5196428571428571 0.5892857142857143 0.06785714285714285 0.22142857142857145
0 0.56875 0.5714285714285715 0.06607142857142857 0.21904761904761907
0 0.5821428571428571 0.6761904761904762 0.06428571428571428 0.2142857142857143
0 0.65625 0.7464285714285714 0.0625 0.21190476190476193
0 0.7999999999999999 0.7190476190476192 0.08214285714285714 0.2761904761904762
0 0.7857142857142857 0.7166666666666668 0.06428571428571428 0.2142857142857143
0 0.9178571428571428 0.7797619047619049 0.06785714285714285 0.22619047619047622
0 0.49910714285714286 0.5523809523809524 0.055357142857142855 0.18095238095238098
2 0.10803571428571428 0.38928571428571435 0.044642857142857144 0.045238095238095244
2 0.22767857142857142 0.3952380952380953 0.023214285714285715 0.0380952380952381
2 0.31785714285714284 0.3797619047619048 0.039285714285714285 0.03571428571428572
2 0.2883928571428571 0.41785714285714287 0.030357142857142857 0.05
2 0.27499999999999997 0.43928571428571433 0.03214285714285714 0.05476190476190477
2 0.32053571428571426 0.4535714285714286 0.033928571428571426 0.03571428571428572
2 0.3267857142857143 0.4345238095238096 0.02142857142857143 0.04047619047619048
2 0.3526785714285714 0.4071428571428572 0.030357142857142857 0.05238095238095239
2 0.3919642857142857 0.4285714285714286 0.033928571428571426 0.06190476190476191
2 0.4544642857142857 0.4440476190476191 0.030357142857142857 0.05952380952380953
