0 0.0275 0.5487256371814093 0.055 0.29385307346326833
0 0.065 0.5389805097451275 0.068 0.24737631184407796
0 0.096 0.5284857571214393 0.058 0.21739130434782608
0 0.1335 0.5217391304347826 0.063 0.2338830584707646
0 0.1475 0.5067466266866567 0.061 0.22788605697151423
0 0.193 0.532983508245877 0.054 0.20239880059970014
0 0.216 0.5299850074962519 0.07200000000000001 0.2623688155922039
0 0.2575 0.5629685157421289 0.079 0.2893553223388306
0 0.28650000000000003 0.5847076461769115 0.083 0.3058470764617691
0 0.315 0.6071964017991004 0.1 0.36881559220389803
0 0.35150000000000003 0.5697151424287856 0.081 0.29985007496251875
0 0.386 0.6056971514242878 0.096 0.35082458770614694
0 0.421 0.6326836581709145 0.106 0.39280359820089955
0 0.497 0.6904047976011993 0.13 0.4752623688155922
0 0.5955 0.7128935532233883 0.153 0.5622188905547226
0 0.6985 0.7661169415292354 0.127 0.46476761619190404
0 0.793 0.7143928035982009 0.146 0.5352323838080959
0 0.902 0.7361319340329835 0.14200000000000002 0.5217391304347826
0 0.6890000000000001 0.5757121439280359 0.106 0.38980509745127434
0 0.17350000000000002 0.4880059970014992 0.055 0.20239880059970014
2 0.092 0.3980509745127436 0.018000000000000002 0.031484257871064465
2 0.109 0.38830584707646176 0.022 0.029985007496251874
2 0.1855 0.41454272863568215 0.027 0.031484257871064465
2 0.2255 0.396551724137931 0.033 0.046476761619190406
2 0.2625 0.39205397301349326 0.023 0.043478260869565216
2 0.3115 0.4085457271364318 0.027 0.04047976011994003
2 0.334 0.41454272863568215 0.022 0.06146926536731634
2 0.362 0.41529235382308843 0.026000000000000002 0.047976011994003
2 0.3825 0.396551724137931 0.023 0.034482758620689655
2 0.35100000000000003 0.37256371814092953 0.022 0.031484257871064465
2 0.40700000000000003 0.4160419790104947 0.022 0.05247376311844078
2 0.4355 0.43103448275862066 0.021 0.043478260869565216
2 0.452 0.4295352323838081 0.022 0.07646176911544228
2 0.467 0.38905547226386805 0.024 0.034482758620689655
2 0.437 0.3793103448275862 0.014 0.03298350824587706
2 0.425 0.3913043478260869 0.024 0.05397301349325337
2 0.5505 0.41454272863568215 0.031 0.07346326836581708
2 0.5285 0.37631184407796103 0.019 0.04497751124437781
2 0.495 0.4160419790104947 0.026000000000000002 0.06146926536731634
2 0.5335 0.4490254872563718 0.029 0.0704647676161919
2 0.5925 0.4025487256371814 0.033 0.04947526236881559
2 0.627 0.39730134932533734 0.024 0.029985007496251874
2 0.6505 0.383808095952024 0.027 0.03298350824587706
2 0.65 0.4325337331334333 0.026000000000000002 0.06146926536731634
2 0.76 0.4085457271364318 0.02 0.07946026986506746
2 0.8065 0.383808095952024 0.011 0.03298350824587706
2 0.848 0.4070464767616192 0.02 0.046476761619190406
2 0.784 0.42728635682158916 0.034 0.05697151424287856
2 0.9325 0.41454272863568215 0.039 0.0704647676161919
2 0.9695 0.4340329835082459 0.035 0.034482758620689655
2 0.8795000000000001 0.5089955022488756 0.043000000000000003 0.08245877061469264
2 0.738 0.4955022488755622 0.06 0.09745127436281859
2 0.28450000000000003 0.3980509745127436 0.021 0.034482758620689655
2 0.0685 0.3958020989505247 0.031 0.026986506746626684
2 0.028 0.38980509745127434 0.038 0.041979010494752625
2 0.1805 0.38530734632683655 0.027 0.029985007496251874
