0 0.9079166666666667 0.69125 0.11916666666666667 0.4375
0 0.8833333333333334 0.675625 0.11666666666666667 0.42625
0 0.83625 0.649375 0.11750000000000001 0.43125
0 0.7708333333333334 0.645 0.1 0.3675
0 0.7466666666666667 0.625625 0.10333333333333335 0.37875000000000003
0 0.70875 0.62 0.0975 0.3575
0 0.6766666666666667 0.61375 0.08666666666666667 0.3175
0 0.655 0.6075 0.08166666666666667 0.3025
0 0.6241666666666668 0.588125 0.08 0.29625
0 0.5904166666666667 0.5775 0.08083333333333334 0.3
0 0.5675 0.57375 0.07333333333333333 0.2675
0 0.5395833333333334 0.5493750000000001 0.06416666666666668 0.23625000000000002
0 0.52 0.545625 0.06333333333333334 0.23125
0 0.5025000000000001 0.535625 0.06666666666666667 0.24375
0 0.4783333333333334 0.533125 0.05666666666666667 0.20875
0 0.4608333333333334 0.520625 0.058333333333333334 0.21625
0 0.4466666666666667 0.515 0.05333333333333334 0.195
0 0.4291666666666667 0.510625 0.055 0.20375000000000001
0 0.41708333333333336 0.504375 0.052500000000000005 0.19375
0 0.40125000000000005 0.4975 0.0475 0.1775
0 0.38708333333333333 0.49625 0.04416666666666667 0.1625
0 0.36333333333333334 0.48 0.043333333333333335 0.16
0 0.3458333333333334 0.4825 0.03833333333333334 0.14
0 0.33458333333333334 0.48 0.037500000000000006 0.14
0 0.32 0.465625 0.03333333333333333 0.12375
0 0.3070833333333334 0.468125 0.0325 0.11875000000000001
0 0.29541666666666666 0.460625 0.030833333333333334 0.11625
0 0.2804166666666667 0.45875 0.030833333333333334 0.115
0 0.27166666666666667 0.45937500000000003 0.02666666666666667 0.10125
0 0.2629166666666667 0.45437500000000003 0.025833333333333337 0.09875
0 0.24291666666666667 0.448125 0.022500000000000003 0.08125
0 0.2329166666666667 0.45 0.020833333333333336 0.0775
0 0.22416666666666668 0.445625 0.02 0.07375
0 0.21458333333333335 0.443125 0.01916666666666667 0.07125000000000001
0 0.20625000000000002 0.444375 0.0175 0.06375
0 0.1991666666666667 0.4425 0.016666666666666666 0.065
0 0.19416666666666668 0.44375000000000003 0.015000000000000001 0.0575
0 0.12416666666666668 0.435 0.011666666666666667 0.045
0 0.11416666666666668 0.435625 0.013333333333333334 0.04875
0 0.060000000000000005 0.435625 0.011666666666666667 0.04625
0 0.04041666666666667 0.43125 0.0125 0.05
0 0.03125 0.43125 0.0125 0.05
0 0.026250000000000002 0.43 0.014166666666666668 0.0525
0 0.017083333333333336 0.43125 0.014166666666666668 0.0525
0 0.5495833333333334 0.435 0.0125 0.0475
0 0.57625 0.369375 0.009166666666666667 0.03625
0 0.6904166666666667 0.4325 0.010833333333333334 0.04
0 0.7204166666666667 0.44625000000000004 0.020833333333333336 0.08
0 0.775 0.44375000000000003 0.02 0.0775
0 0.7904166666666668 0.4425 0.01916666666666667 0.0725
0 0.7987500000000001 0.448125 0.020833333333333336 0.07625
0 0.8079166666666667 0.44375000000000003 0.020833333333333336 0.075
0 0.06208333333333334 0.26687500000000003 0.009166666666666667 0.03375
0 0.08 0.26125 0.01 0.04
2 0.7037500000000001 0.42375 0.0125 0.025
2 0.82625 0.414375 0.020833333333333336 0.01875
2 0.83625 0.403125 0.010833333333333334 0.01875
2 0.8558333333333333 0.436875 0.015000000000000001 0.043750000000000004
2 0.86875 0.42875 0.014166666666666668 0.0275
2 0.8958333333333334 0.435625 0.015000000000000001 0.03875
2 0.8841666666666668 0.435 0.013333333333333334 0.0175
2 0.8845833333333334 0.4025 0.010833333333333334 0.015
2 0.8941666666666668 0.4025 0.01 0.0175
2 0.8600000000000001 0.400625 0.01 0.02125
2 0.8508333333333334 0.39687500000000003 0.01 0.01875
2 0.7620833333333333 0.419375 0.005833333333333334 0.02375
2 0.7558333333333334 0.420625 0.011666666666666667 0.03375
2 0.7475 0.42312500000000003 0.011666666666666667 0.03625
2 0.73875 0.41500000000000004 0.009166666666666667 0.0175
2 0.5158333333333334 0.414375 0.008333333333333333 0.02375
2 0.53 0.415625 0.015000000000000001 0.01875
2 0.49375 0.42 0.010833333333333334 0.0275
2 0.1325 0.279375 0.013333333333333334 0.02875
2 0.12208333333333334 0.2725 0.010833333333333334 0.0325
2 0.125 0.24125 0.008333333333333333 0.02
2 0.13458333333333333 0.245625 0.0125 0.02375
2 0.10916666666666668 0.260625 0.01 0.02625
2 0.10250000000000001 0.25875 0.008333333333333333 0.0175
2 0.09541666666666668 0.25875 0.007500000000000001 0.02
2 0.035416666666666666 0.259375 0.015833333333333335 0.02375
2 0.024583333333333336 0.26125 0.009166666666666667 0.0275
2 0.015000000000000001 0.26 0.008333333333333333 0.0225
2 0.009166666666666667 0.26 0.008333333333333333 0.0225
2 0.0033333333333333335 0.25875 0.006666666666666667 0.02
2 0.006666666666666667 0.27625 0.006666666666666667 0.015
2 0.01375 0.28 0.009166666666666667 0.01
2 0.022083333333333333 0.28 0.007500000000000001 0.01
2 0.03291666666666667 0.280625 0.0125 0.01125
2 0.043750000000000004 0.280625 0.010833333333333334 0.01375
2 0.10333333333333335 0.29375 0.01 0.0225
2 0.10541666666666667 0.31875000000000003 0.0125 0.025
2 0.09541666666666668 0.34625 0.0125 0.025
2 0.09083333333333334 0.29375 0.01 0.025
2 0.08375 0.29625 0.010833333333333334 0.0225
2 0.07458333333333333 0.295 0.007500000000000001 0.02
2 0.06666666666666667 0.29625 0.01 0.025
2 0.05458333333333334 0.295625 0.0125 0.01875
2 0.08333333333333334 0.350625 0.011666666666666667 0.01875
2 0.07291666666666667 0.346875 0.007500000000000001 0.01625
2 0.06458333333333334 0.348125 0.009166666666666667 0.02125
2 0.05333333333333334 0.348125 0.01 0.01625
2 0.04083333333333333 0.348125 0.01 0.01625
2 0.025 0.349375 0.011666666666666667 0.01375
2 0.027083333333333334 0.31875000000000003 0.0125 0.02
2 0.01375 0.3275 0.010833333333333334 0.0125
2 0.010833333333333334 0.343125 0.008333333333333333 0.01875
2 0.03875 0.328125 0.010833333333333334 0.01375
2 0.04708333333333334 0.32875 0.009166666666666667 0.0175
2 0.0575 0.328125 0.011666666666666667 0.01375
2 0.06791666666666667 0.328125 0.007500000000000001 0.01375
2 0.08083333333333334 0.32875 0.01 0.015
2 0.09000000000000001 0.316875 0.013333333333333334 0.02125
2 0.07833333333333334 0.315625 0.011666666666666667 0.02125
2 0.016666666666666666 0.295 0.01 0.0175
2 0.026250000000000002 0.2975 0.009166666666666667 0.015
2 0.035416666666666666 0.29625 0.010833333333333334 0.015
2 0.005833333333333334 0.295 0.01 0.0225
2 0.04666666666666667 0.29625 0.008333333333333333 0.0175
2 0.1625 0.41375 0.01 0.0425
2 0.17416666666666666 0.41375 0.011666666666666667 0.0425
2 0.64125 0.450625 0.0175 0.03375
2 0.6900000000000001 0.486875 0.025 0.03375
2 0.7170833333333334 0.4175 0.014166666666666668 0.03
