0 0.029710144927536233 0.4800531914893617 0.04492753623188406 0.19946808510638298
0 0.18115942028985507 0.6356382978723404 0.1565217391304348 0.7074468085106382
0 0.2797101449275362 0.651595744680851 0.15072463768115943 0.675531914893617
0 0.33768115942028987 0.6436170212765957 0.1565217391304348 0.7074468085106382
0 0.4101449275362319 0.6609042553191489 0.14782608695652175 0.6675531914893617
0 0.4847826086956522 0.6343085106382979 0.15507246376811595 0.6994680851063829
0 0.5681159420289855 0.6436170212765957 0.15072463768115943 0.6808510638297872
0 0.6485507246376812 0.6303191489361702 0.15507246376811595 0.6914893617021276
0 0.7086956521739131 0.625 0.16231884057971013 0.7287234042553191
0 0.8 0.6303191489361702 0.1565217391304348 0.7021276595744681
0 0.9782608695652174 0.4707446808510638 0.04057971014492753 0.19680851063829788
0 0.9347826086956522 0.4308510638297872 0.02318840579710145 0.11170212765957446
0 0.9101449275362319 0.4162234042553191 0.028985507246376812 0.13031914893617022
0 0.8876811594202899 0.4574468085106383 0.03333333333333333 0.15425531914893617
0 0.8710144927536232 0.44015957446808507 0.03188405797101449 0.15159574468085105
0 0.8579710144927536 0.4507978723404255 0.028985507246376812 0.1356382978723404
2 0.02681159420289855 0.3683510638297872 0.04492753623188406 0.05053191489361702
2 0.09057971014492754 0.36968085106382975 0.08550724637681159 0.06382978723404255
2 0.23405797101449274 0.3656914893617021 0.04782608695652174 0.06648936170212766
2 0.37971014492753624 0.37101063829787234 0.02318840579710145 0.0398936170212766
2 0.44420289855072465 0.3776595744680851 0.01884057971014493 0.047872340425531915
2 0.5144927536231884 0.3577127659574468 0.02318840579710145 0.061170212765957445
2 0.6028985507246377 0.3523936170212766 0.026086956521739132 0.023936170212765957
2 0.6768115942028986 0.3523936170212766 0.03188405797101449 0.0398936170212766
2 0.7434782608695653 0.34973404255319146 0.034782608695652174 0.045212765957446804
2 0.836231884057971 0.35638297872340424 0.04927536231884058 0.05319148936170213
2 0.9 0.35638297872340424 0.08115942028985507 0.06382978723404255
2 0.9536231884057971 0.3723404255319149 0.02318840579710145 0.05851063829787234
