0 0.16516245487364623 0.572992700729927 0.12454873646209387 0.6131386861313869
0 0.11823104693140794 0.5656934306569343 0.10649819494584838 0.5328467153284672
0 0.2120938628158845 0.4835766423357664 0.0776173285198556 0.38321167883211676
0 0.23104693140794225 0.44343065693430656 0.05415162454873646 0.28102189781021897
0 0.25992779783393505 0.4543795620437956 0.05054151624548737 0.25182481751824815
0 0.2851985559566787 0.4324817518248175 0.04693140794223827 0.24452554744525545
2 0.41425992779783394 0.31204379562043794 0.019855595667870037 0.05474452554744525
2 0.4620938628158845 0.3156934306569343 0.06137184115523466 0.07664233576642336
2 0.5442238267148015 0.31934306569343063 0.0812274368231047 0.05474452554744525
2 0.6308664259927798 0.31204379562043794 0.02707581227436823 0.06934306569343066
2 0.6588447653429603 0.30291970802919704 0.02888086642599278 0.058394160583941604
2 0.7554151624548737 0.30656934306569344 0.13176895306859207 0.0948905109489051
2 0.9142599277978339 0.28832116788321166 0.05956678700361011 0.072992700729927
2 0.055956678700361015 0.25 0.07220216606498195 0.18613138686131386
