0 0.709228515625 0.4886067708333333 0.02978515625 0.09700520833333333
0 0.602783203125 0.4765625 0.02685546875 0.08984375
3 0.03564453125 0.47233072916666663 0.0390625 0.19205729166666666
3 0.1220703125 0.47819010416666663 0.046875 0.197265625
3 0.15771484375 0.4593098958333333 0.017578125 0.138671875
3 0.191650390625 0.4453125 0.00732421875 0.08203125
3 0.178955078125 0.4521484375 0.01318359375 0.068359375
3 0.074462890625 0.4544270833333333 0.01904296875 0.10286458333333333
3 0.013916015625 0.47265625 0.02392578125 0.16536458333333331
3 0.05224609375 0.45279947916666663 0.0205078125 0.051432291666666664
3 0.18212890625 0.4436848958333333 0.013671875 0.08138020833333333
3 0.22705078125 0.4456380208333333 0.0126953125 0.06575520833333333
3 0.2109375 0.4651692708333333 0.0244140625 0.05013020833333333
3 0.25537109375 0.466796875 0.0234375 0.049479166666666664
3 0.2705078125 0.45084635416666663 0.0126953125 0.051432291666666664
3 0.2841796875 0.45865885416666663 0.0146484375 0.09440104166666666
3 0.3056640625 0.44205729166666663 0.015625 0.13802083333333331
3 0.3232421875 0.4524739583333333 0.0224609375 0.12369791666666666
3 0.364501953125 0.4375 0.02197265625 0.06640625
3 0.390380859375 0.44596354166666663 0.01416015625 0.04817708333333333
3 0.435791015625 0.4417317708333333 0.02099609375 0.130859375
3 0.46337890625 0.4482421875 0.0126953125 0.06315104166666666
3 0.470947265625 0.4521484375 0.00830078125 0.06184895833333333
3 0.338623046875 0.46842447916666663 0.02001953125 0.043619791666666664
3 0.361083984375 0.4632161458333333 0.02197265625 0.055338541666666664
3 0.585205078125 0.4534505208333333 0.03857421875 0.197265625
3 0.740234375 0.46647135416666663 0.0556640625 0.3196614583333333
3 0.803955078125 0.4378255208333333 0.02978515625 0.16471354166666666
3 0.77001953125 0.44986979166666663 0.0244140625 0.12369791666666666
3 0.847412109375 0.4700520833333333 0.03662109375 0.2734375
3 0.880859375 0.48795572916666663 0.076171875 0.404296875
