0 0.15959821428571427 0.36507936507936506 0.024553571428571428 0.1111111111111111
0 0.20089285714285712 0.3571428571428571 0.02232142857142857 0.09523809523809523
0 0.04352678571428571 0.6388888888888888 0.07366071428571429 0.32539682539682535
0 0.11160714285714285 0.5912698412698413 0.05803571428571428 0.26190476190476186
0 0.1875 0.5317460317460317 0.049107142857142856 0.2222222222222222
0 0.234375 0.5079365079365079 0.04464285714285714 0.20634920634920634
0 0.28683035714285715 0.6011904761904762 0.06919642857142856 0.2976190476190476
0 0.34151785714285715 0.5634920634920635 0.05803571428571428 0.25396825396825395
0 0.35825892857142855 0.5198412698412698 0.046875 0.20634920634920634
0 0.5212053571428571 0.5496031746031745 0.05133928571428571 0.23412698412698413
0 0.5904017857142857 0.5634920634920635 0.055803571428571425 0.25396825396825395
0 0.6584821428571428 0.5277777777777778 0.05357142857142857 0.23015873015873015
0 0.6964285714285714 0.5654761904761905 0.05803571428571428 0.25
0 0.7176339285714285 0.626984126984127 0.06026785714285714 0.2698412698412698
0 0.7935267857142857 0.494047619047619 0.046875 0.2103174603174603
0 0.8225446428571428 0.5277777777777778 0.055803571428571425 0.25396825396825395
0 0.8716517857142857 0.5873015873015872 0.06026785714285714 0.2698412698412698
0 0.9174107142857142 0.6507936507936507 0.07589285714285714 0.3412698412698413
2 0.44754464285714285 0.35317460317460314 0.033482142857142856 0.07142857142857142
