0 0.083 0.2552083333333333 0.036000000000000004 0.1294642857142857
0 0.123 0.20982142857142855 0.028 0.10714285714285714
0 0.337 0.22767857142857142 0.02 0.0744047619047619
0 0.5815 0.23288690476190474 0.017 0.06398809523809523
0 0.603 0.23288690476190474 0.016 0.05803571428571428
0 0.806 0.234375 0.02 0.07589285714285714
0 0.853 0.23586309523809523 0.022 0.07886904761904762
0 0.056 0.6703869047619048 0.112 0.42410714285714285
0 0.111 0.6666666666666666 0.122 0.4464285714285714
0 0.151 0.6264880952380952 0.10400000000000001 0.38095238095238093
0 0.2135 0.6622023809523809 0.115 0.41666666666666663
0 0.255 0.6875 0.122 0.44345238095238093
0 0.34800000000000003 0.6949404761904762 0.11800000000000001 0.42857142857142855
0 0.433 0.6964285714285714 0.116 0.4255952380952381
0 0.397 0.613095238095238 0.114 0.41666666666666663
0 0.28200000000000003 0.6034226190476191 0.126 0.462797619047619
0 0.522 0.6867559523809523 0.122 0.44494047619047616
0 0.47700000000000004 0.6197916666666666 0.108 0.3913690476190476
0 0.5670000000000001 0.6383928571428571 0.108 0.3958333333333333
0 0.616 0.6919642857142857 0.12 0.4345238095238095
0 0.6995 0.6964285714285714 0.113 0.41369047619047616
0 0.6555 0.6153273809523809 0.111 0.40625
0 0.764 0.6949404761904762 0.11800000000000001 0.42857142857142855
0 0.7855 0.6413690476190476 0.11900000000000001 0.431547619047619
0 0.8555 0.6726190476190476 0.127 0.46428571428571425
0 0.886 0.6279761904761905 0.122 0.4464285714285714
0 0.9505 0.5982142857142857 0.097 0.3988095238095238
0 0.805 0.5796130952380952 0.1 0.36160714285714285
2 0.20450000000000002 0.3950892857142857 0.041 0.08779761904761904
2 0.20500000000000002 0.34672619047619047 0.05 0.050595238095238096
2 0.23600000000000002 0.28273809523809523 0.044 0.06845238095238095
2 0.20550000000000002 0.19419642857142855 0.037 0.049107142857142856
2 0.301 0.20163690476190474 0.016 0.07291666666666666
2 0.532 0.24404761904761904 0.062 0.0625
2 0.6755 0.203125 0.055 0.06101190476190476
2 0.29 0.32291666666666663 0.034 0.08035714285714285
2 0.325 0.32291666666666663 0.038 0.050595238095238096
2 0.343 0.390625 0.032 0.07589285714285714
2 0.369 0.3370535714285714 0.04 0.1056547619047619
2 0.4025 0.32961309523809523 0.027 0.06398809523809523
2 0.4335 0.30877976190476186 0.049 0.05208333333333333
2 0.4445 0.3630952380952381 0.027 0.05952380952380952
2 0.4235 0.42336309523809523 0.029 0.06101190476190476
2 0.47750000000000004 0.31919642857142855 0.031 0.05803571428571428
2 0.4895 0.2864583333333333 0.029 0.04613095238095238
2 0.519 0.3333333333333333 0.038 0.06547619047619047
2 0.5075000000000001 0.3802083333333333 0.047 0.05208333333333333
2 0.56 0.34002976190476186 0.034 0.06398809523809523
2 0.5740000000000001 0.290922619047619 0.02 0.043154761904761904
2 0.601 0.34151785714285715 0.034 0.05803571428571428
2 0.5995 0.390625 0.035 0.040178571428571425
2 0.6475 0.36607142857142855 0.041 0.041666666666666664
2 0.6215 0.3020833333333333 0.027 0.03869047619047619
2 0.663 0.34672619047619047 0.028 0.06845238095238095
2 0.6900000000000001 0.31026785714285715 0.044 0.09077380952380952
2 0.6930000000000001 0.38095238095238093 0.03 0.05654761904761904
2 0.729 0.3586309523809524 0.044 0.05952380952380952
2 0.748 0.2745535714285714 0.044 0.05208333333333333
2 0.7665000000000001 0.3444940476190476 0.037 0.03422619047619047
2 0.799 0.36235119047619047 0.028 0.05505952380952381
2 0.8495 0.37351190476190477 0.053 0.06845238095238095
2 0.0935 0.400297619047619 0.047 0.0625
