0 0.08 0.5750000000000001 0.04 0.145
0 0.17416666666666666 0.5275 0.03166666666666667 0.12
0 0.16 0.6225 0.04 0.15
0 0.2541666666666667 0.6637500000000001 0.04166666666666667 0.1575
0 0.2966666666666667 0.5700000000000001 0.03333333333333333 0.13
0 0.3983333333333334 0.6 0.04 0.15
0 0.3566666666666667 0.72875 0.04666666666666667 0.1775
0 0.5233333333333333 0.8150000000000001 0.05666666666666667 0.215
0 0.5175000000000001 0.65 0.045000000000000005 0.165
0 0.6241666666666668 0.59125 0.03833333333333334 0.1475
0 0.6616666666666667 0.7175 0.04666666666666667 0.17500000000000002
0 0.7183333333333334 0.545 0.03666666666666667 0.135
0 0.8 0.50625 0.030000000000000002 0.11750000000000001
0 0.7783333333333334 0.66125 0.04666666666666667 0.17250000000000001
0 0.8691666666666668 0.595 0.04166666666666667 0.16
0 0.9375000000000001 0.54 0.03833333333333334 0.145
2 0.03916666666666667 0.035 0.07166666666666667 0.07
2 0.14083333333333334 0.03875 0.07833333333333334 0.0775
2 0.07166666666666667 0.33875 0.09000000000000001 0.0625
2 0.23500000000000001 0.03625 0.08 0.0725
2 0.36500000000000005 0.0425 0.11666666666666667 0.075
2 0.46 0.03625 0.03666666666666667 0.0725
2 0.5483333333333333 0.03875 0.04666666666666667 0.0525
2 0.7558333333333334 0.03125 0.155 0.0525
2 0.6525000000000001 0.02 0.03166666666666667 0.04
2 0.9450000000000001 0.0275 0.1 0.035
