0 0.024 0.46846846846846846 0.048 0.18618618618618618
0 0.081 0.509009009009009 0.054 0.19519519519519518
0 0.10400000000000001 0.4339339339339339 0.044 0.16516516516516516
0 0.158 0.42792792792792794 0.044 0.16516516516516516
0 0.17300000000000001 0.484984984984985 0.054 0.19519519519519518
0 0.234 0.3948948948948949 0.036000000000000004 0.14114114114114115
0 0.232 0.5375375375375375 0.052000000000000005 0.1921921921921922
0 0.259 0.46846846846846846 0.05 0.18018018018018017
0 0.305 0.43243243243243246 0.038 0.15015015015015015
0 0.315 0.4954954954954955 0.058 0.21621621621621623
0 0.398 0.46846846846846846 0.052000000000000005 0.1921921921921922
0 0.369 0.4069069069069069 0.042 0.15315315315315314
0 0.432 0.3858858858858859 0.032 0.11711711711711711
0 0.47700000000000004 0.44294294294294295 0.046 0.17717717717717718
0 0.455 0.5630630630630631 0.062 0.23123123123123124
0 0.526 0.5255255255255256 0.056 0.21021021021021022
0 0.581 0.4894894894894895 0.05 0.18618618618618618
0 0.634 0.45945945945945943 0.048 0.18618618618618618
0 0.662 0.4219219219219219 0.044 0.17117117117117117
0 0.711 0.4024024024024024 0.042 0.16216216216216217
0 0.7010000000000001 0.5915915915915916 0.07 0.25825825825825827
0 0.748 0.5630630630630631 0.06 0.23123123123123124
0 0.793 0.515015015015015 0.054 0.2012012012012012
0 0.838 0.47147147147147145 0.052000000000000005 0.1921921921921922
0 0.879 0.43993993993993996 0.042 0.16516516516516516
0 0.905 0.4159159159159159 0.038 0.14114114114114115
0 0.648 0.19519519519519518 0.016 0.06006006006006006
0 0.81 0.3363363363363363 0.028 0.10810810810810811
0 0.895 0.6096096096096096 0.066 0.25225225225225223
0 0.97 0.5780780780780781 0.056 0.24924924924924924
0 0.529 0.4174174174174174 0.042 0.16216216216216217
0 0.593 0.3888888888888889 0.034 0.13513513513513514
2 0.305 0.3258258258258258 0.054 0.08108108108108109
2 0.972 0.42792792792792794 0.036000000000000004 0.08108108108108109
4 0.737 0.12162162162162161 0.502 0.05105105105105105
