0 0.07040816326530613 0.5475460122699387 0.14081632653061227 0.598159509202454
0 0.1285714285714286 0.553680981595092 0.1673469387755102 0.6226993865030676
0 0.2612244897959184 0.5352760736196319 0.17142857142857143 0.6288343558282209
0 0.3091836734693878 0.5352760736196319 0.1489795918367347 0.5552147239263804
0 0.40204081632653066 0.588957055214724 0.1795918367346939 0.6687116564417178
0 0.5010204081632653 0.6042944785276074 0.20612244897959187 0.7607361963190185
0 0.5826530612244899 0.5920245398773006 0.2142857142857143 0.7852760736196319
0 0.8561224489795919 0.6073619631901841 0.1979591836734694 0.7361963190184049
0 0.9224489795918368 0.588957055214724 0.1510204081632653 0.7484662576687117
2 0.04591836734693878 0.1303680981595092 0.05918367346938776 0.13190184049079756
2 0.31938775510204087 0.25 0.03877551020408164 0.03987730061349693
2 0.7346938775510204 0.47392638036809814 0.06122448979591837 0.0950920245398773
2 0.7928571428571429 0.45552147239263807 0.04693877551020409 0.10736196319018405
2 0.8908163265306124 0.3941717791411043 0.02653061224489796 0.06441717791411043
2 0.10510204081632654 0.07515337423312883 0.07959183673469389 0.15030674846625766
