0 0.4276785714285714 0.5013404825737265 0.09464285714285714 0.353887399463807
0 0.5035714285714286 0.4812332439678284 0.11071428571428571 0.4155495978552279
0 0.6392857142857142 0.4932975871313673 0.11071428571428571 0.4128686327077748
0 0.8892857142857142 0.4155495978552279 0.09999999999999999 0.3699731903485255
0 0.9633928571428572 0.41152815013404825 0.06964285714285715 0.2868632707774799
2 0.023214285714285715 0.34048257372654156 0.04285714285714286 0.18766756032171583
2 0.05714285714285714 0.14879356568364613 0.08928571428571429 0.17962466487935658
2 0.05982142857142857 0.04155495978552279 0.11964285714285713 0.06166219839142091
2 0.18482142857142855 0.15147453083109919 0.1232142857142857 0.1581769436997319
2 0.06964285714285715 0.3297587131367292 0.04642857142857143 0.1769436997319035
2 0.019642857142857142 0.5227882037533512 0.03214285714285714 0.16621983914209115
2 0.07678571428571428 0.4745308310991957 0.060714285714285714 0.04289544235924933
2 0.13749999999999998 0.38069705093833783 0.07142857142857142 0.2359249329758713
2 0.2017857142857143 0.3766756032171582 0.09642857142857142 0.23324396782841825
2 0.3071428571428571 0.43029490616621985 0.07857142857142857 0.06702412868632708
2 0.30178571428571427 0.3042895442359249 0.075 0.07238605898123325
2 0.3026785714285714 0.24128686327077747 0.055357142857142855 0.032171581769437
2 0.3142857142857143 0.15415549597855227 0.14285714285714285 0.15281501340482573
2 0.4919642857142857 0.13270777479892762 0.1875 0.13136729222520108
2 0.7892857142857143 0.1193029490616622 0.41428571428571426 0.13136729222520108
2 0.7383928571428571 0.02546916890080429 0.2589285714285714 0.03485254691689008
2 0.3607142857142857 0.3042895442359249 0.049999999999999996 0.09383378016085792
2 0.3669642857142857 0.43029490616621985 0.033928571428571426 0.05630026809651475
2 0.4875 0.3900804289544236 0.04642857142857143 0.03485254691689008
2 0.48214285714285715 0.26943699731903487 0.05714285714285714 0.0777479892761394
2 0.6008928571428571 0.2868632707774799 0.04107142857142857 0.04289544235924933
2 0.65625 0.2453083109919571 0.030357142857142857 0.040214477211796246
2 0.7526785714285714 0.353887399463807 0.08035714285714285 0.16085790884718498
2 0.7589285714285714 0.45576407506702415 0.09642857142857142 0.08042895442359249
2 0.8339285714285714 0.2989276139410188 0.09285714285714286 0.13672922252010725
2 0.8392857142857143 0.4168900804289544 0.07142857142857142 0.11528150134048258
2 0.9544642857142857 0.2453083109919571 0.08035714285714285 0.13672922252010725
