0 0.10583333333333333 0.48552338530066813 0.11166666666666668 0.36971046770601335
0 0.2225 0.4922048997772828 0.115 0.38307349665924273
0 0.305 0.4576837416481069 0.10333333333333335 0.34075723830734966
0 0.3441666666666667 0.4844097995545657 0.10833333333333334 0.35412026726057905
0 0.3491666666666667 0.4821826280623608 0.10833333333333334 0.3585746102449888
0 0.4058333333333334 0.5033407572383073 0.11833333333333335 0.38752783964365256
0 0.45833333333333337 0.48552338530066813 0.11 0.36525612472160357
0 0.5225000000000001 0.4621380846325167 0.09833333333333334 0.32293986636971045
0 0.5516666666666667 0.4977728285077951 0.11333333333333334 0.37639198218262804
0 0.5966666666666667 0.4844097995545657 0.12000000000000001 0.39420935412026725
0 0.66 0.5155902004454342 0.11 0.36302895322939865
0 0.7433333333333334 0.4988864142538975 0.11333333333333334 0.3741648106904231
0 0.7125 0.4888641425389755 0.10500000000000001 0.34521158129175944
0 0.7783333333333334 0.49331848552338525 0.10333333333333335 0.34521158129175944
0 0.7983333333333333 0.5144766146993318 0.10666666666666667 0.34743875278396436
0 0.8525 0.48663697104677056 0.11166666666666668 0.36748329621380843
0 0.8916666666666667 0.4910913140311804 0.11333333333333334 0.37639198218262804
2 0.5141666666666667 0.33407572383073497 0.04166666666666667 0.0757238307349666
2 0.6666666666666667 0.3273942093541203 0.043333333333333335 0.07126948775055679
