0 0.08 0.46633416458852867 0.03333333333333333 0.12967581047381546
0 0.1125 0.4912718204488778 0.035 0.12967581047381546
0 0.18500000000000003 0.4339152119700748 0.02 0.0798004987531172
0 0.21166666666666667 0.5311720698254364 0.05333333333333334 0.19950124688279303
0 0.26416666666666666 0.6059850374064838 0.095 0.3491271820448878
0 0.2866666666666667 0.5723192019950124 0.06666666666666667 0.24189526184538654
0 0.4291666666666667 0.6234413965087282 0.08166666666666667 0.30423940149625933
0 0.48750000000000004 0.6446384039900249 0.05166666666666667 0.1970074812967581
0 0.5466666666666667 0.6234413965087282 0.08333333333333334 0.30423940149625933
0 0.635 0.6633416458852868 0.08666666666666667 0.3192019950124688
0 0.7400000000000001 0.5511221945137157 0.05 0.18453865336658354
0 0.7858333333333334 0.48628428927680795 0.03166666666666667 0.11970074812967581
0 0.8250000000000001 0.5037406483790523 0.03333333333333333 0.11970074812967581
0 0.9491666666666667 0.7032418952618453 0.09833333333333334 0.38403990024937656
0 0.5091666666666667 0.4389027431421446 0.025 0.09476309226932668
0 0.5275000000000001 0.49501246882793015 0.035 0.12718204488778054
0 0.3666666666666667 0.5249376558603491 0.04666666666666667 0.17206982543640897
0 0.24583333333333335 0.4401496259351621 0.015000000000000001 0.057356608478802994
2 0.12000000000000001 0.5822942643391521 0.03333333333333333 0.0773067331670823
2 0.3358333333333334 0.6720698254364089 0.058333333333333334 0.09226932668329177
2 0.44833333333333336 0.44264339152119697 0.02666666666666667 0.06733167082294264
2 0.02666666666666667 0.45885286783042395 0.03666666666666667 0.1396508728179551
2 0.14166666666666666 0.3940149625935162 0.04666666666666667 0.06483790523690773
2 0.060000000000000005 0.39027431421446385 0.03333333333333333 0.04738154613466334
2 0.2225 0.41147132169576056 0.021666666666666667 0.06483790523690773
2 0.3175 0.4089775561097257 0.07166666666666667 0.06483790523690773
2 0.3891666666666667 0.42643391521197005 0.04166666666666667 0.07481296758104738
2 0.49250000000000005 0.4463840399002494 0.021666666666666667 0.08977556109725686
2 0.1975 0.39650872817955113 0.025 0.04488778054862843
