0 0.020930232558139535 0.6785095320623916 0.030232558139534883 0.10918544194107452
0 0.05058139534883721 0.669844020797227 0.022093023255813953 0.08145580589254765
0 0.07616279069767441 0.6767764298093587 0.022093023255813953 0.08145580589254765
0 0.19011627906976744 0.6559792027729636 0.015116279069767442 0.05719237435008665
0 0.20174418604651162 0.658578856152513 0.010465116279069767 0.04159445407279029
0 0.17034883720930233 0.658578856152513 0.010465116279069767 0.04159445407279029
0 0.23953488372093024 0.67157712305026 0.01627906976744186 0.06065857885615251
0 0.3622093023255814 0.7045060658578856 0.031395348837209305 0.11611785095320623
0 0.3732558139534884 0.7253032928942807 0.037209302325581395 0.14038128249566723
0 0.3930232558139535 0.7279029462738301 0.03953488372093023 0.14904679376083188
0 0.4180232558139535 0.6724436741767764 0.022093023255813953 0.08665511265164644
0 0.5023255813953489 0.7348353552859618 0.05116279069767442 0.18717504332755633
0 0.555813953488372 0.7443674176776429 0.046511627906976744 0.17157712305025996
0 0.5680232558139535 0.7331022530329289 0.043023255813953484 0.1559792027729636
0 0.5819767441860465 0.7348353552859618 0.03837209302325581 0.14211438474870017
0 0.613953488372093 0.7504332755632582 0.04186046511627907 0.1559792027729636
0 0.7209302325581395 0.7599653379549393 0.05813953488372093 0.20970537261698438
0 0.9436046511627907 0.7504332755632582 0.043023255813953484 0.1559792027729636
1 0.12965116279069766 0.6967071057192374 0.031395348837209305 0.11785095320623916
2 0.45 0.6516464471403812 0.04883720930232558 0.05545927209705372
2 0.37965116279069766 0.6464471403812825 0.06162790697674418 0.04159445407279029
2 0.2627906976744186 0.6386481802426343 0.11162790697674418 0.03292894280762565
2 0.14767441860465116 0.6334488734835355 0.06046511627906977 0.03292894280762565
