0 0.53359375 0.8321596244131455 0.0171875 0.06807511737089202
0 0.44921875 0.897887323943662 0.0203125 0.08215962441314555
0 0.478125 0.8133802816901409 0.018750000000000003 0.07276995305164319
0 0.49609375 0.8110328638497653 0.0203125 0.08215962441314555
0 0.55625 0.8251173708920188 0.015625 0.06338028169014084
0 0.56875 0.8169014084507042 0.0125 0.051643192488262914
0 0.584375 0.8016431924882629 0.0125 0.0539906103286385
0 0.6109375 0.7875586854460094 0.018750000000000003 0.07276995305164319
0 0.63828125 0.7969483568075117 0.0203125 0.07746478873239437
0 0.65625 0.8098591549295775 0.018750000000000003 0.07511737089201878
0 0.6453125000000001 0.892018779342723 0.018750000000000003 0.07511737089201878
0 0.67109375 0.7922535211267606 0.0203125 0.07746478873239437
0 0.6859375000000001 0.7769953051643192 0.015625 0.06103286384976526
0 0.70859375 0.7981220657276995 0.0203125 0.07981220657276995
0 0.7296875 0.8004694835680751 0.018750000000000003 0.07511737089201878
0 0.7507812500000001 0.9413145539906104 0.0234375 0.0892018779342723
0 0.7742187500000001 0.937793427230047 0.026562500000000003 0.10093896713615023
0 0.8171875000000001 0.9424882629107981 0.025 0.09624413145539906
0 0.8515625 0.9389671361502347 0.025 0.09859154929577466
0 0.9046875000000001 0.886150234741784 0.021875000000000002 0.08215962441314555
0 0.97265625 0.8791079812206573 0.0140625 0.05868544600938967
0 0.98828125 0.8779342723004695 0.0203125 0.0892018779342723
0 0.96796875 0.7887323943661972 0.0171875 0.07042253521126761
0 0.9390625 0.75 0.015625 0.05868544600938967
0 0.91953125 0.7593896713615024 0.0140625 0.04929577464788733
0 0.8992187500000001 0.7300469483568075 0.0171875 0.06103286384976526
0 0.878125 0.7347417840375587 0.0125 0.046948356807511735
0 0.853125 0.7652582159624414 0.018750000000000003 0.07042253521126761
0 0.8671875 0.7863849765258216 0.018750000000000003 0.07511737089201878
0 0.74375 0.761737089201878 0.0125 0.0539906103286385
0 0.80078125 0.7300469483568075 0.0171875 0.06572769953051644
0 0.815625 0.727699530516432 0.015625 0.06103286384976526
0 0.83125 0.7136150234741784 0.0125 0.051643192488262914
0 0.953125 0.6983568075117371 0.0125 0.0539906103286385
0 0.9734375000000001 0.6948356807511737 0.015625 0.056338028169014086
0 0.98984375 0.7183098591549296 0.0140625 0.056338028169014086
0 0.97421875 0.6255868544600939 0.010937500000000001 0.03990610328638498
0 0.98203125 0.5892018779342724 0.010937500000000001 0.04225352112676056
0 0.96015625 0.5610328638497653 0.010937500000000001 0.046948356807511735
0 0.846875 0.5516431924882629 0.0125 0.046948356807511735
0 0.953125 0.5105633802816901 0.0125 0.04460093896713615
0 0.18984375 0.943661971830986 0.0171875 0.07042253521126761
0 0.16953125000000002 0.9025821596244131 0.0203125 0.08215962441314555
0 0.1546875 0.897887323943662 0.018750000000000003 0.07746478873239437
0 0.14375000000000002 0.8896713615023475 0.015625 0.06103286384976526
0 0.08515625 0.8896713615023475 0.0234375 0.0892018779342723
0 0.13359375 0.8110328638497653 0.0171875 0.06338028169014084
0 0.1609375 0.8122065727699531 0.015625 0.06572769953051644
0 0.18125000000000002 0.8204225352112676 0.015625 0.06338028169014084
0 0.20703125 0.8392018779342724 0.0203125 0.07276995305164319
0 0.22031250000000002 0.8380281690140845 0.018750000000000003 0.07042253521126761
0 0.051562500000000004 0.9495305164319249 0.025 0.09154929577464789
0 0.0625 0.8767605633802817 0.021875000000000002 0.08215962441314555
0 0.039843750000000004 0.886150234741784 0.0203125 0.07276995305164319
0 0.059375000000000004 0.8603286384976526 0.021875000000000002 0.08215962441314555
0 0.06953125 0.7746478873239436 0.0203125 0.07511737089201878
0 0.07968750000000001 0.7711267605633803 0.018750000000000003 0.06807511737089202
0 0.049218750000000006 0.7629107981220657 0.0171875 0.06572769953051644
0 0.02890625 0.7535211267605634 0.0171875 0.06572769953051644
0 0.01171875 0.7816901408450705 0.0171875 0.06103286384976526
2 0.0421875 0.7089201877934272 0.07187500000000001 0.09389671361502347
2 0.11796875000000001 0.7136150234741784 0.07968750000000001 0.11267605633802817
2 0.20390625 0.7312206572769954 0.09531250000000001 0.1431924882629108
2 0.29921875000000003 0.7007042253521127 0.09531250000000001 0.1056338028169014
2 0.0125 0.511737089201878 0.021875000000000002 0.07981220657276995
2 0.07500000000000001 0.40492957746478875 0.07500000000000001 0.03051643192488263
2 0.06328125 0.5070422535211268 0.06406250000000001 0.08450704225352113
2 0.057031250000000006 0.5539906103286385 0.0859375 0.023474178403755867
2 0.05625 0.5997652582159625 0.09375 0.08685446009389672
2 0.13125 0.5997652582159625 0.0625 0.11971830985915494
2 0.109375 0.5011737089201878 0.03125 0.05868544600938967
2 0.12578125 0.471830985915493 0.0421875 0.07981220657276995
2 0.1546875 0.47417840375586856 0.028125 0.07511737089201878
2 0.19062500000000002 0.4624413145539906 0.043750000000000004 0.051643192488262914
2 0.22578125000000002 0.4424882629107981 0.035937500000000004 0.04929577464788733
2 0.25703125 0.4295774647887324 0.026562500000000003 0.046948356807511735
2 0.32656250000000003 0.4366197183098592 0.078125 0.07042253521126761
2 0.16875 0.5492957746478874 0.1125 0.03286384976525822
2 0.18828125 0.5105633802816901 0.0390625 0.025821596244131457
2 0.23359375000000002 0.5258215962441315 0.0234375 0.028169014084507043
2 0.27734375 0.5 0.0765625 0.07511737089201878
2 0.38359375 0.4694835680751174 0.0234375 0.07042253521126761
2 0.34453125 0.5 0.0546875 0.06103286384976526
2 0.1796875 0.607981220657277 0.12812500000000002 0.07042253521126761
2 0.28671875 0.602112676056338 0.1078125 0.07746478873239437
2 0.3484375 0.5833333333333334 0.037500000000000006 0.09624413145539906
2 0.43125 0.4671361502347418 0.08125 0.0892018779342723
2 0.59140625 0.45892018779342725 0.06406250000000001 0.0539906103286385
2 0.6351562500000001 0.4495305164319249 0.010937500000000001 0.04460093896713615
2 0.6898437500000001 0.4694835680751174 0.0921875 0.08450704225352113
2 0.8500000000000001 0.897887323943662 0.037500000000000006 0.08685446009389672
2 0.44921875 0.8368544600938967 0.051562500000000004 0.09154929577464789
2 0.40546875000000004 0.7018779342723005 0.11406250000000001 0.14084507042253522
2 0.4625 0.6443661971830986 0.19062500000000002 0.1056338028169014
2 0.6468750000000001 0.6701877934272301 0.153125 0.1056338028169014
2 0.75 0.6607981220657277 0.15937500000000002 0.07276995305164319
2 0.87109375 0.619718309859155 0.0703125 0.07511737089201878
2 0.8929687500000001 0.6772300469483569 0.1203125 0.06338028169014084
2 0.58203125 0.7359154929577465 0.2390625 0.10093896713615023
4 0.51875 0.5528169014084507 0.30312500000000003 0.09624413145539906
4 0.68515625 0.5762910798122066 0.035937500000000004 0.04929577464788733
