0 0.08349609375 0.673828125 0.0693359375 0.22526041666666666
0 0.125 0.64453125 0.0390625 0.12760416666666666
0 0.14453125 0.6829427083333333 0.06640625 0.21744791666666666
0 0.16064453125 0.6940104166666666 0.0771484375 0.25260416666666663
0 0.1953125 0.6438802083333333 0.0390625 0.12890625
0 0.21533203125 0.6529947916666666 0.0419921875 0.13671875
0 0.27197265625 0.6575520833333333 0.0576171875 0.1875
0 0.28369140625 0.6399739583333333 0.0439453125 0.14192708333333331
0 0.29833984375 0.6302083333333333 0.0380859375 0.125
0 0.31396484375 0.708984375 0.0849609375 0.27734375
0 0.35986328125 0.6705729166666666 0.1083984375 0.35416666666666663
0 0.44921875 0.6282552083333333 0.046875 0.15234375
0 0.4912109375 0.693359375 0.087890625 0.28776041666666663
0 0.53369140625 0.630859375 0.0478515625 0.15755208333333331
0 0.5712890625 0.6302083333333333 0.046875 0.15364583333333331
0 0.623046875 0.6458333333333333 0.060546875 0.19791666666666666
0 0.92919921875 0.650390625 0.0576171875 0.18880208333333331
0 0.97216796875 0.630859375 0.0498046875 0.16536458333333331
0 0.74658203125 0.6536458333333333 0.1181640625 0.3880208333333333
0 0.03515625 0.6959635416666666 0.0703125 0.2903645833333333
2 0.48486328125 0.44986979166666663 0.0478515625 0.04036458333333333
2 0.54541015625 0.5501302083333333 0.0419921875 0.04817708333333333
2 0.66943359375 0.5533854166666666 0.0712890625 0.0625
