0 0.036000000000000004 0.49158249158249157 0.07200000000000001 0.46464646464646464
0 0.069 0.5252525252525252 0.138 0.5993265993265993
0 0.14100000000000001 0.5505050505050505 0.218 0.8922558922558922
0 0.228 0.5286195286195285 0.148 0.6195286195286195
0 0.20400000000000001 0.473063973063973 0.132 0.5488215488215488
0 0.275 0.4225589225589225 0.098 0.4074074074074074
0 0.324 0.4562289562289562 0.116 0.47474747474747475
0 0.383 0.40909090909090906 0.09 0.38047138047138046
0 0.41300000000000003 0.49831649831649827 0.134 0.5521885521885521
0 0.466 0.5774410774410774 0.188 0.7777777777777778
0 0.545 0.4276094276094276 0.122 0.5117845117845118
0 0.633 0.5420875420875421 0.186 0.7676767676767676
0 0.752 0.49158249158249157 0.136 0.5589225589225589
0 0.662 0.4124579124579124 0.1 0.41414141414141414
0 0.7020000000000001 0.34175084175084175 0.06 0.25252525252525254
0 0.719 0.35353535353535354 0.07 0.2895622895622896
0 0.81 0.367003367003367 0.08 0.32996632996632996
0 0.893 0.4158249158249158 0.11800000000000001 0.48148148148148145
0 0.9490000000000001 0.3787878787878788 0.098 0.4276094276094276
0 0.974 0.3737373737373737 0.048 0.37037037037037035
2 0.793 0.21717171717171715 0.054 0.1447811447811448
2 0.86 0.23063973063973062 0.048 0.1111111111111111
2 0.928 0.2222222222222222 0.036000000000000004 0.11447811447811447
2 0.59 0.2222222222222222 0.044 0.10774410774410774
