0 0.03363636363636364 0.8337378640776698 0.02 0.0703883495145631
0 0.22454545454545455 0.8094660194174756 0.016363636363636365 0.06067961165048543
0 0.24909090909090909 0.8361650485436892 0.03272727272727273 0.10922330097087378
0 0.2990909090909091 0.8300970873786407 0.034545454545454546 0.1116504854368932
0 0.4081818181818182 0.8240291262135921 0.023636363636363636 0.0849514563106796
0 0.42727272727272725 0.8191747572815533 0.02181818181818182 0.0703883495145631
0 0.6018181818181818 0.7876213592233009 0.014545454545454545 0.0558252427184466
0 0.7290909090909091 0.8106796116504854 0.02909090909090909 0.10194174757281553
0 0.76 0.8240291262135921 0.04727272727272727 0.15776699029126212
0 0.7854545454545454 0.8300970873786407 0.05454545454545454 0.1844660194174757
0 0.8045454545454546 0.8276699029126213 0.045454545454545456 0.15048543689320387
0 0.92 0.8021844660194174 0.03636363636363636 0.11893203883495145
0 0.95 0.7888349514563107 0.034545454545454546 0.12135922330097086
0 0.9872727272727273 0.7912621359223301 0.02181818181818182 0.09708737864077668
