0 0.11163522012578617 0.6678743961352657 0.169811320754717 0.644927536231884
0 0.15801886792452832 0.6062801932367149 0.14622641509433962 0.5555555555555556
0 0.2279874213836478 0.6582125603864734 0.13836477987421383 0.5241545893719807
0 0.24842767295597484 0.571256038647343 0.14150943396226415 0.5289855072463768
0 0.33018867924528306 0.7041062801932367 0.13522012578616352 0.5048309178743962
0 0.294811320754717 0.5628019323671497 0.139937106918239 0.5265700483091788
0 0.3459119496855346 0.6038647342995169 0.14150943396226415 0.5314009661835749
0 0.3867924528301887 0.6884057971014492 0.1289308176100629 0.48792270531400966
0 0.4418238993710692 0.5954106280193237 0.1289308176100629 0.4903381642512077
0 0.4921383647798742 0.7065217391304347 0.1289308176100629 0.4855072463768116
0 0.5888364779874214 0.6980676328502415 0.13050314465408805 0.48792270531400966
0 0.5479559748427674 0.6074879227053139 0.13364779874213836 0.5048309178743962
0 0.6768867924528302 0.682367149758454 0.13050314465408805 0.49516908212560384
0 0.6941823899371069 0.5664251207729468 0.13364779874213836 0.5096618357487922
0 0.7712264150943396 0.5942028985507246 0.13050314465408805 0.48792270531400966
0 0.9088050314465409 0.6388888888888888 0.14779874213836477 0.5579710144927535
2 0.4119496855345912 0.29589371980676327 0.04088050314465409 0.07971014492753623
2 0.5086477987421384 0.357487922705314 0.0330188679245283 0.0966183574879227
