0 0.1640625 0.5863095238095237 0.109375 0.3571428571428571
0 0.20647321428571427 0.46875 0.06919642857142856 0.23511904761904762
0 0.3649553571428571 0.44494047619047616 0.06473214285714285 0.2113095238095238
0 0.44084821428571425 0.5580357142857143 0.08258928571428571 0.2708333333333333
0 0.5133928571428571 0.4151785714285714 0.049107142857142856 0.16964285714285712
0 0.6316964285714285 0.4985119047619047 0.08928571428571427 0.29464285714285715
0 0.7979910714285714 0.4776785714285714 0.06919642857142856 0.23511904761904762
0 0.8939732142857142 0.44940476190476186 0.07366071428571429 0.24404761904761904
0 0.04464285714285714 0.3645833333333333 0.049107142857142856 0.1636904761904762
0 0.08705357142857142 0.36160714285714285 0.040178571428571425 0.13988095238095238
0 0.1171875 0.3839285714285714 0.05133928571428571 0.16666666666666666
0 0.22209821428571427 0.3630952380952381 0.033482142857142856 0.10714285714285714
0 0.2421875 0.3571428571428571 0.04241071428571428 0.1369047619047619
0 0.26785714285714285 0.35119047619047616 0.03571428571428571 0.11904761904761904
0 0.31026785714285715 0.3630952380952381 0.02232142857142857 0.08333333333333333
0 0.43303571428571425 0.3601190476190476 0.026785714285714284 0.08928571428571427
0 0.5558035714285714 0.34672619047619047 0.03125 0.10416666666666666
0 0.5848214285714285 0.33928571428571425 0.03125 0.10714285714285714
0 0.7142857142857142 0.34375 0.03125 0.10416666666666666
