0 0.09857142857142857 0.6282051282051283 0.10571428571428572 0.3931623931623932
0 0.21 0.6452991452991453 0.08285714285714285 0.3076923076923077
0 0.2742857142857143 0.685897435897436 0.08 0.30341880341880345
0 0.35 0.6730769230769231 0.07714285714285714 0.28632478632478636
0 0.4357142857142857 0.6410256410256411 0.10571428571428572 0.3931623931623932
0 0.51 0.6495726495726496 0.09428571428571429 0.35042735042735046
0 0.5785714285714286 0.6495726495726496 0.10571428571428572 0.38461538461538464
0 0.5414285714285715 0.6025641025641026 0.1 0.3760683760683761
0 0.46714285714285714 0.5961538461538463 0.1 0.3803418803418804
0 0.6285714285714286 0.6282051282051283 0.10285714285714286 0.38461538461538464
0 0.6771428571428572 0.6431623931623932 0.09714285714285714 0.3632478632478633
0 0.7042857142857143 0.5854700854700855 0.11142857142857143 0.41880341880341887
0 0.7542857142857143 0.6517094017094017 0.09714285714285714 0.3547008547008547
0 0.8157142857142857 0.5683760683760685 0.15142857142857144 0.5555555555555556
0 0.8814285714285715 0.5747863247863249 0.13428571428571429 0.4914529914529915
0 0.18571428571428572 0.5811965811965812 0.10857142857142857 0.4102564102564103
0 0.26857142857142857 0.5726495726495727 0.10857142857142857 0.4102564102564103
2 0.16 0.35683760683760685 0.04 0.05555555555555556
2 0.33 0.41880341880341887 0.025714285714285714 0.03418803418803419
2 0.36428571428571427 0.4102564102564103 0.025714285714285714 0.042735042735042736
2 0.3985714285714286 0.4166666666666667 0.037142857142857144 0.038461538461538464
2 0.44 0.3931623931623932 0.03428571428571429 0.06837606837606838
2 0.51 0.3461538461538462 0.03142857142857143 0.06837606837606838
2 0.61 0.3632478632478633 0.04285714285714286 0.05128205128205129
2 0.74 0.3803418803418804 0.022857142857142857 0.05128205128205129
