0 0.15869565217391304 0.6827133479212254 0.10289855072463769 0.3807439824945295
0 0.21304347826086956 0.6838074398249453 0.0927536231884058 0.34792122538293213
0 0.2739130434782609 0.7078774617067833 0.09565217391304348 0.3522975929978118
0 0.3007246376811594 0.6816192560175054 0.09710144927536232 0.36542669584245074
0 0.3391304347826087 0.7045951859956237 0.08985507246376812 0.336980306345733
0 0.4036231884057971 0.6947483588621444 0.09130434782608696 0.3347921225382932
0 0.4449275362318841 0.7253829321663019 0.10434782608695653 0.39168490153172864
0 0.5173913043478261 0.6969365426695843 0.09565217391304348 0.3522975929978118
0 0.5978260869565217 0.7210065645514223 0.10289855072463769 0.38293216630196936
0 0.6492753623188405 0.7231947483588621 0.1072463768115942 0.3960612691466083
0 0.6884057971014493 0.6969365426695843 0.10434782608695653 0.39168490153172864
0 0.7391304347826088 0.7231947483588621 0.11594202898550725 0.4310722100656455
0 0.8072463768115942 0.6936542669584245 0.12173913043478261 0.4507658643326039
0 0.8891304347826087 0.6695842450765864 0.1 0.37199124726477023
0 0.8427536231884059 0.6028446389496718 0.09710144927536232 0.36542669584245074
2 0.33768115942028987 0.48468271334792123 0.0463768115942029 0.04157549234135667
2 0.3739130434782609 0.38293216630196936 0.028985507246376812 0.030634573304157548
2 0.3717391304347826 0.4551422319474836 0.01884057971014493 0.048140043763676144
2 0.3963768115942029 0.4879649890590809 0.030434782608695653 0.061269146608315096
2 0.463768115942029 0.4879649890590809 0.034782608695652174 0.0525164113785558
2 0.486231884057971 0.4442013129102845 0.01884057971014493 0.0437636761487965
2 0.5144927536231884 0.4387308533916849 0.03768115942028986 0.037199124726477024
2 0.5594202898550724 0.5 0.03188405797101449 0.05470459518599562
2 0.572463768115942 0.4507658643326039 0.034782608695652174 0.0525164113785558
2 0.6123188405797102 0.45295404814004375 0.03333333333333333 0.048140043763676144
2 0.6652173913043479 0.437636761487965 0.028985507246376812 0.0525164113785558
2 0.7050724637681159 0.44529540481400437 0.02753623188405797 0.04157549234135667
2 0.7586956521739131 0.4310722100656455 0.030434782608695653 0.030634573304157548
2 0.75 0.474835886214442 0.021739130434782608 0.048140043763676144
