0 0.308 0.845 0.048 0.17400000000000002
0 0.33199999999999996 0.837 0.048 0.182
0 0.37 0.834 0.04133333333333333 0.156
0 0.41133333333333333 0.844 0.03866666666666667 0.148
0 0.4413333333333333 0.839 0.048 0.17400000000000002
0 0.49133333333333334 0.839 0.04133333333333333 0.154
0 0.5253333333333333 0.849 0.04 0.146
0 0.5506666666666666 0.846 0.032 0.12
0 0.5873333333333333 0.848 0.036 0.136
0 0.618 0.859 0.036 0.13
0 0.20866666666666667 0.79 0.014666666666666666 0.052000000000000005
0 0.10333333333333333 0.783 0.017333333333333333 0.066
0 0.06066666666666667 0.784 0.014666666666666666 0.056
0 0.009333333333333332 0.775 0.016 0.066
0 0.022666666666666665 0.778 0.016 0.064
