2 0.562 0.536 0.08 0.11733333333333333
2 0.9490000000000001 0.492 0.07 0.11466666666666667
2 0.882 0.5693333333333334 0.064 0.088
2 0.893 0.36266666666666664 0.038 0.128
2 0.8260000000000001 0.33599999999999997 0.04 0.08
2 0.676 0.33066666666666666 0.02 0.05333333333333333
2 0.538 0.348 0.036000000000000004 0.056
2 0.596 0.2866666666666667 0.052000000000000005 0.04533333333333333
2 0.377 0.49866666666666665 0.054 0.112
2 0.361 0.39466666666666667 0.05 0.08
2 0.388 0.33066666666666666 0.04 0.058666666666666666
2 0.267 0.3453333333333333 0.05 0.04
2 0.289 0.2613333333333333 0.022 0.05333333333333333
2 0.199 0.352 0.026000000000000002 0.08533333333333333
2 0.134 0.29866666666666664 0.056 0.03733333333333333
2 0.029 0.36266666666666664 0.038 0.12266666666666666
2 0.179 0.5053333333333333 0.07 0.06666666666666667
2 0.045 0.5426666666666666 0.042 0.09866666666666667
