0 0.4541666666666667 0.6491228070175439 0.055 0.20050125313283207
0 0.5 0.6591478696741855 0.05 0.18546365914786966
0 0.5458333333333334 0.656641604010025 0.055 0.20050125313283207
0 0.5933333333333334 0.662907268170426 0.05 0.18796992481203006
0 0.635 0.6604010025062657 0.05 0.19298245614035087
0 0.6675000000000001 0.6578947368421052 0.05166666666666667 0.18796992481203006
0 0.6908333333333334 0.6516290726817042 0.04166666666666667 0.16040100250626566
0 0.7250000000000001 0.6528822055137844 0.04 0.14786967418546365
0 0.7108333333333334 0.6641604010025062 0.045000000000000005 0.17042606516290726
0 0.7533333333333334 0.662907268170426 0.043333333333333335 0.16791979949874686
0 0.7866666666666667 0.6641604010025062 0.043333333333333335 0.16541353383458646
0 0.8175 0.6516290726817042 0.04166666666666667 0.15037593984962405
0 0.6091666666666667 0.650375939849624 0.04166666666666667 0.15789473684210525
0 0.5666666666666667 0.6528822055137844 0.05 0.19298245614035087
0 0.5241666666666667 0.6541353383458646 0.045000000000000005 0.16541353383458646
0 0.48333333333333334 0.6491228070175439 0.05 0.18546365914786966
0 0.4716666666666667 0.6365914786967418 0.043333333333333335 0.16040100250626566
0 0.21916666666666668 0.5864661654135338 0.018333333333333333 0.07017543859649122
0 0.8508333333333334 0.606516290726817 0.028333333333333335 0.11027568922305764
0 0.8683333333333334 0.6027568922305764 0.02666666666666667 0.09774436090225563
0 0.8833333333333334 0.6077694235588972 0.030000000000000002 0.11278195488721804
0 0.9008333333333334 0.6203007518796992 0.025 0.09774436090225563
0 0.9258333333333334 0.6102756892230576 0.025 0.09273182957393483
0 0.9391666666666667 0.6102756892230576 0.025 0.09774436090225563
0 0.9658333333333334 0.6177944862155388 0.025 0.09273182957393483
0 0.9866666666666667 0.62531328320802 0.023333333333333334 0.09273182957393483
