0 0.231 0.5853333333333333 0.17 0.5573333333333333
0 0.394 0.576 0.168 0.5546666666666666
0 0.493 0.5666666666666667 0.082 0.27466666666666667
0 0.553 0.5466666666666666 0.078 0.2613333333333333
0 0.534 0.5066666666666666 0.088 0.29333333333333333
0 0.51 0.49466666666666664 0.096 0.3173333333333333
0 0.58 0.4693333333333333 0.084 0.2826666666666667
0 0.644 0.4973333333333333 0.088 0.2853333333333333
0 0.686 0.492 0.08 0.264
0 0.748 0.448 0.084 0.27199999999999996
0 0.724 0.4106666666666667 0.068 0.22933333333333333
0 0.8280000000000001 0.3933333333333333 0.048 0.16266666666666665
0 0.876 0.42 0.07200000000000001 0.2373333333333333
0 0.913 0.3973333333333333 0.046 0.15466666666666667
0 0.963 0.4373333333333333 0.05 0.16
0 0.934 0.39866666666666667 0.04 0.13599999999999998
0 0.976 0.4053333333333333 0.044 0.16
2 0.8 0.33999999999999997 0.024 0.04
