0 0.80625 0.7244094488188977 0.1625 0.49606299212598426
0 0.521875 0.7007874015748031 0.16875 0.5275590551181102
0 0.3125 0.7421259842519685 0.14375000000000002 0.452755905511811
0 0.12812500000000002 0.6811023622047244 0.18125000000000002 0.5590551181102362
0 0.0859375 0.5944881889763779 0.15937500000000002 0.49606299212598426
0 0.059375000000000004 0.547244094488189 0.11875000000000001 0.4015748031496063
0 0.19843750000000002 0.4763779527559055 0.109375 0.33858267716535434
0 0.2609375 0.48031496062992124 0.096875 0.30708661417322836
0 0.35781250000000003 0.4744094488188976 0.096875 0.2952755905511811
0 0.390625 0.5019685039370079 0.07500000000000001 0.24015748031496062
0 0.43281250000000004 0.44881889763779526 0.084375 0.25984251968503935
0 0.50625 0.4645669291338583 0.0625 0.19685039370078738
0 0.5734375 0.4507874015748031 0.084375 0.2559055118110236
0 0.6765625000000001 0.5098425196850394 0.084375 0.2559055118110236
0 0.7578125 0.5196850393700787 0.07187500000000001 0.2204724409448819
0 0.9171875 0.7303149606299213 0.146875 0.46062992125984253
0 0.9578125000000001 0.6279527559055118 0.078125 0.35039370078740156
2 0.8578125000000001 0.41929133858267714 0.078125 0.05905511811023622
