0 0.8508333333333334 0.6493506493506493 0.09166666666666667 0.4350649350649351
0 0.7725000000000001 0.6314935064935066 0.085 0.4123376623376624
0 0.6866666666666668 0.6217532467532468 0.08666666666666667 0.4123376623376624
0 0.6375000000000001 0.6363636363636364 0.085 0.4090909090909091
0 0.5750000000000001 0.5876623376623377 0.07666666666666667 0.37662337662337664
0 0.5308333333333334 0.5551948051948052 0.07833333333333334 0.37662337662337664
0 0.43833333333333335 0.6038961038961039 0.07333333333333333 0.35064935064935066
0 0.36500000000000005 0.6152597402597403 0.07 0.34090909090909094
0 0.3075 0.6152597402597403 0.06833333333333334 0.32792207792207795
0 0.24166666666666667 0.5681818181818182 0.07333333333333333 0.35714285714285715
1 0.10583333333333333 0.6152597402597403 0.04166666666666667 0.19805194805194806
1 0.2016666666666667 0.6136363636363636 0.04666666666666667 0.2337662337662338
1 0.2966666666666667 0.6623376623376623 0.04 0.19480519480519481
1 0.4 0.6607142857142858 0.05 0.23701298701298704
1 0.49583333333333335 0.6331168831168832 0.035 0.16883116883116883
1 0.6016666666666667 0.6444805194805195 0.04666666666666667 0.22402597402597405
1 0.7191666666666667 0.6672077922077922 0.035 0.17207792207792208
1 0.7966666666666667 0.6672077922077922 0.05 0.24350649350649353
1 0.9375000000000001 0.6672077922077922 0.045000000000000005 0.22402597402597405
