0 0.884375 0.40633245382585753 0.040625 0.16886543535620052
0 0.084375 0.18073878627968337 0.037500000000000006 0.16094986807387862
0 0.3953125 0.2704485488126649 0.037500000000000006 0.15567282321899736
0 0.41718750000000004 0.15831134564643798 0.03125 0.13720316622691292
1 0.23593750000000002 0.3034300791556728 0.025 0.10554089709762532
1 0.26484375 0.3205804749340369 0.026562500000000003 0.11873350923482849
1 0.24531250000000002 0.1279683377308707 0.015625 0.06596306068601583
1 0.296875 0.262532981530343 0.015625 0.06596306068601583
1 0.35703125 0.19525065963060687 0.0171875 0.07387862796833773
1 0.36953125000000003 0.14248021108179418 0.0140625 0.05804749340369393
1 0.3609375 0.16094986807387862 0.0125 0.05804749340369393
1 0.3984375 0.11873350923482849 0.0125 0.05804749340369393
1 0.44921875 0.09894459102902374 0.010937500000000001 0.05013192612137203
1 0.8851562500000001 0.12532981530343007 0.0140625 0.055408970976253295
1 0.89375 0.09366754617414248 0.015625 0.07124010554089709
1 0.90234375 0.19788918205804748 0.0171875 0.07387862796833773
1 0.9164062500000001 0.24274406332453824 0.0234375 0.09498680738786279
1 0.9460937500000001 0.2651715039577836 0.0140625 0.06596306068601583
1 0.96796875 0.4683377308707124 0.0203125 0.09234828496042216
1 0.8992187500000001 0.2757255936675462 0.0140625 0.055408970976253295
