0 0.05 0.4294294294294294 0.1 0.5345345345345345
0 0.08833333333333333 0.4069069069069069 0.08666666666666667 0.3813813813813814
0 0.13333333333333333 0.38738738738738737 0.06333333333333334 0.2822822822822823
0 0.1691666666666667 0.3888888888888889 0.07500000000000001 0.32732732732732733
0 0.24416666666666667 0.39039039039039036 0.07166666666666667 0.3183183183183183
0 0.21500000000000002 0.3843843843843844 0.060000000000000005 0.2702702702702703
0 0.28583333333333333 0.3933933933933934 0.055 0.24024024024024024
0 0.32083333333333336 0.38738738738738737 0.055 0.24024024024024024
0 0.3616666666666667 0.38738738738738737 0.043333333333333335 0.1921921921921922
0 0.4041666666666667 0.38288288288288286 0.045000000000000005 0.2012012012012012
0 0.45333333333333337 0.3768768768768769 0.05 0.21921921921921922
0 0.4791666666666667 0.37987987987987987 0.05166666666666667 0.23723723723723725
0 0.49500000000000005 0.3993993993993994 0.05 0.2222222222222222
0 0.5416666666666667 0.3918918918918919 0.05333333333333334 0.23723723723723725
0 0.5800000000000001 0.3858858858858859 0.060000000000000005 0.2732732732732733
0 0.6166666666666667 0.3963963963963964 0.06333333333333334 0.2822822822822823
0 0.6358333333333334 0.4099099099099099 0.065 0.2852852852852853
0 0.6941666666666667 0.41291291291291293 0.058333333333333334 0.26126126126126126
0 0.7391666666666667 0.46096096096096095 0.10500000000000001 0.45945945945945943
0 0.8041666666666667 0.39789789789789787 0.06833333333333334 0.3033033033033033
0 0.8350000000000001 0.42342342342342343 0.07 0.3183183183183183
0 0.8808333333333334 0.4159159159159159 0.06833333333333334 0.3033033033033033
0 0.91 0.43093093093093093 0.08666666666666667 0.38738738738738737
0 0.9575 0.4294294294294294 0.08166666666666667 0.36036036036036034
0 0.9691666666666667 0.45495495495495497 0.058333333333333334 0.34534534534534533
2 0.6241666666666668 0.21171171171171171 0.04166666666666667 0.04504504504504504
