0 0.08709273182957393 0.7559912854030502 0.11403508771929824 0.4836601307189543
0 0.023182957393483708 0.6372549019607844 0.046365914786967416 0.30718954248366015
0 0.04887218045112782 0.5119825708061002 0.03258145363408521 0.1394335511982571
0 0.12656641604010024 0.5370370370370371 0.040100250626566414 0.17647058823529413
0 0.16729323308270677 0.528322440087146 0.03634085213032581 0.159041394335512
0 0.18295739348370926 0.5522875816993464 0.047619047619047616 0.20261437908496735
0 0.20864661654135336 0.5305010893246188 0.03383458646616541 0.15032679738562094
0 0.24561403508771928 0.556644880174292 0.05012531328320802 0.2113289760348584
0 0.2731829573934837 0.6023965141612201 0.06516290726817042 0.27668845315904145
0 0.331453634085213 0.6100217864923748 0.05639097744360902 0.23965141612200438
0 0.3070175438596491 0.5403050108932462 0.042606516290726815 0.18736383442265797
0 0.38847117794486213 0.5925925925925927 0.05513784461152882 0.23529411764705885
0 0.41478696741854637 0.5130718954248367 0.03258145363408521 0.1459694989106754
0 0.4223057644110275 0.5490196078431373 0.02756892230576441 0.12200435729847496
0 0.45112781954887216 0.5849673202614379 0.05513784461152882 0.24183006535947715
0 0.46115288220551376 0.6862745098039217 0.08020050125313283 0.33986928104575165
0 0.5119047619047619 0.5784313725490197 0.05388471177944862 0.22875816993464054
0 0.5344611528822055 0.6819172113289761 0.07142857142857142 0.30936819172113295
0 0.5601503759398496 0.5686274509803922 0.05263157894736842 0.22222222222222224
0 0.5902255639097744 0.556644880174292 0.045112781954887216 0.1982570806100218
0 0.5977443609022556 0.6492374727668846 0.06265664160401002 0.2657952069716776
0 0.6353383458646616 0.542483660130719 0.042606516290726815 0.1786492374727669
0 0.6704260651629073 0.6241830065359478 0.06265664160401002 0.2679738562091504
0 0.6804511278195489 0.5446623093681918 0.045112781954887216 0.1917211328976035
0 0.7080200501253132 0.547930283224401 0.03759398496240601 0.16339869281045752
0 0.7343358395989974 0.6198257080610022 0.05513784461152882 0.23311546840958608
0 0.7838345864661653 0.7799564270152506 0.09899749373433583 0.42701525054466233
0 0.8508771929824561 0.7472766884531591 0.10526315789473684 0.44880174291939
0 0.912907268170426 0.7058823529411765 0.10150375939849623 0.43137254901960786
0 0.9517543859649122 0.6971677559912854 0.07894736842105263 0.3355119825708061
0 0.9686716791979949 0.7897603485838781 0.06015037593984962 0.3594771241830066
0 0.7938596491228069 0.5882352941176471 0.05137844611528822 0.2178649237472767
