0 0.03 0.5023529411764706 0.048 0.14352941176470588
0 0.10300000000000001 0.48588235294117643 0.046 0.1388235294117647
0 0.148 0.5270588235294117 0.048 0.1411764705882353
0 0.18 0.5188235294117647 0.052000000000000005 0.15294117647058822
0 0.23500000000000001 0.4952941176470588 0.042 0.12470588235294117
0 0.28200000000000003 0.4976470588235294 0.032 0.09176470588235293
0 0.752 0.24470588235294116 0.06 0.1788235294117647
0 0.769 0.24117647058823527 0.062 0.18588235294117644
0 0.807 0.18470588235294116 0.11 0.32235294117647056
0 0.907 0.1729411764705882 0.106 0.3035294117647059
0 0.9510000000000001 0.1941176470588235 0.094 0.27999999999999997
0 0.97 0.18823529411764706 0.056 0.2541176470588235
0 0.551 0.20352941176470588 0.042 0.12470588235294117
0 0.531 0.19058823529411764 0.05 0.15058823529411763
0 0.514 0.18941176470588234 0.044 0.12941176470588234
0 0.485 0.19058823529411764 0.054 0.1552941176470588
0 0.442 0.18588235294117644 0.052000000000000005 0.1552941176470588
0 0.354 0.1952941176470588 0.052000000000000005 0.15058823529411763
0 0.379 0.1964705882352941 0.054 0.16235294117647056
0 0.321 0.1964705882352941 0.054 0.16235294117647056
0 0.298 0.19882352941176468 0.048 0.14352941176470588
0 0.246 0.2011764705882353 0.048 0.1388235294117647
0 0.191 0.1952941176470588 0.046 0.1364705882352941
0 0.162 0.2117647058823529 0.04 0.12235294117647058
0 0.137 0.2176470588235294 0.034 0.09647058823529411
0 0.109 0.22352941176470587 0.03 0.08470588235294117
0 0.08 0.22117647058823528 0.032 0.0988235294117647
0 0.042 0.18823529411764706 0.048 0.1411764705882353
0 0.035 0.2176470588235294 0.026000000000000002 0.0776470588235294
2 0.074 0.12235294117647058 0.02 0.042352941176470586
2 0.105 0.13529411764705881 0.034 0.030588235294117645
2 0.17300000000000001 0.09999999999999999 0.038 0.021176470588235293
2 0.499 0.06588235294117646 0.054 0.03764705882352941
2 0.088 0.5011764705882352 0.028 0.028235294117647056
2 0.069 0.5764705882352941 0.022 0.023529411764705882
2 0.132 0.5647058823529412 0.036000000000000004 0.023529411764705882
