0 0.10166666666666667 0.6083333333333334 0.03666666666666667 0.12619047619047621
0 0.17750000000000002 0.6035714285714286 0.045000000000000005 0.15476190476190477
0 0.2066666666666667 0.5952380952380953 0.03333333333333333 0.11904761904761905
0 0.265 0.5928571428571429 0.023333333333333334 0.09047619047619049
0 0.29583333333333334 0.6047619047619048 0.03166666666666667 0.10952380952380954
0 0.33 0.6726190476190477 0.07333333333333333 0.25952380952380955
0 0.3716666666666667 0.5988095238095239 0.030000000000000002 0.10714285714285715
0 0.41500000000000004 0.6047619047619048 0.023333333333333334 0.08571428571428572
0 0.4608333333333334 0.5904761904761905 0.021666666666666667 0.08095238095238096
0 0.48500000000000004 0.6595238095238096 0.06333333333333334 0.2285714285714286
0 0.54 0.5892857142857143 0.030000000000000002 0.10238095238095239
0 0.5916666666666667 0.5845238095238096 0.023333333333333334 0.0880952380952381
0 0.6316666666666667 0.6666666666666667 0.07666666666666667 0.2761904761904762
0 0.775 0.6416666666666667 0.06333333333333334 0.22142857142857145
0 0.7466666666666667 0.6214285714285714 0.04 0.14761904761904762
0 0.8316666666666667 0.6130952380952381 0.03666666666666667 0.12619047619047621
0 0.8575 0.5880952380952381 0.021666666666666667 0.08095238095238096
0 0.8925000000000001 0.6166666666666667 0.04833333333333334 0.17142857142857143
0 0.935 0.5988095238095239 0.030000000000000002 0.11190476190476191
0 0.9633333333333334 0.5880952380952381 0.030000000000000002 0.10476190476190478
0 0.9800000000000001 0.6226190476190476 0.03666666666666667 0.14047619047619048
0 0.7158333333333334 0.5821428571428572 0.021666666666666667 0.07857142857142858
