0 0.07583333333333334 0.54625 0.10500000000000001 0.3925
0 0.18083333333333335 0.525 0.11833333333333335 0.435
0 0.09916666666666667 0.40625 0.04833333333333334 0.1775
0 0.26 0.38625 0.03666666666666667 0.1325
0 0.31333333333333335 0.3875 0.02666666666666667 0.1
0 0.3458333333333334 0.41000000000000003 0.03833333333333334 0.14
0 0.36750000000000005 0.38375000000000004 0.04166666666666667 0.1575
0 0.3891666666666667 0.39375 0.035 0.1275
0 0.405 0.3825 0.03666666666666667 0.14
0 0.43333333333333335 0.395 0.03666666666666667 0.14
0 0.4591666666666667 0.3925 0.04166666666666667 0.15
0 0.49333333333333335 0.405 0.03666666666666667 0.14
0 0.5191666666666667 0.405 0.045000000000000005 0.165
0 0.5558333333333334 0.405 0.055 0.21
0 0.6375000000000001 0.425 0.058333333333333334 0.215
0 0.6950000000000001 0.5525 0.14 0.51
0 0.8625 0.55 0.13166666666666668 0.485
0 0.7983333333333333 0.45 0.06666666666666667 0.245
0 0.78 0.4575 0.06333333333333334 0.23
0 0.9508333333333334 0.445 0.06833333333333334 0.25
0 0.7458333333333333 0.44 0.06166666666666667 0.225
