0 0.028275862068965516 0.4576427255985267 0.05655172413793103 0.20073664825046042
0 0.06689655172413793 0.4521178637200737 0.05655172413793103 0.1860036832412523
0 0.11931034482758619 0.5101289134438306 0.08413793103448275 0.27624309392265195
0 0.14482758620689654 0.4953959484346225 0.08551724137931034 0.27992633517495397
0 0.20689655172413793 0.569060773480663 0.12137931034482757 0.3977900552486188
0 0.26206896551724135 0.4189686924493555 0.027586206896551724 0.09392265193370167
0 0.2944827586206896 0.425414364640884 0.039999999999999994 0.1289134438305709
0 0.32965517241379305 0.43462246777163904 0.03310344827586206 0.11049723756906078
0 0.36068965517241375 0.429097605893186 0.039999999999999994 0.13259668508287292
0 0.40206896551724136 0.43278084714548803 0.04551724137931034 0.14732965009208104
0 0.43862068965517237 0.4171270718232044 0.03586206896551724 0.11970534069981584
0 0.4586206896551724 0.4208103130755065 0.034482758620689655 0.11233885819521179
0 0.4896551724137931 0.419889502762431 0.03586206896551724 0.12154696132596686
0 0.6144827586206896 0.6197053406998159 0.17241379310344826 0.5616942909760589
0 0.7006896551724138 0.5377532228360958 0.1268965517241379 0.4125230202578269
0 0.7468965517241378 0.47513812154696133 0.07034482758620689 0.23572744014732966
0 0.953103448275862 0.49171270718232046 0.09103448275862068 0.3020257826887661
0 0.8737931034482758 0.4410681399631676 0.05655172413793103 0.18968692449355434
0 0.8510344827586206 0.45027624309392267 0.0496551724137931 0.16390423572744015
0 0.8206896551724138 0.4281767955801105 0.046896551724137925 0.1565377532228361
0 0.7917241379310345 0.4530386740331492 0.03586206896551724 0.12154696132596686
0 0.7751724137931034 0.4401473296500921 0.03310344827586206 0.10681399631675875
0 0.9772413793103447 0.4521178637200737 0.04275862068965517 0.2154696132596685
2 0.7510344827586206 0.3360957642725599 0.020689655172413793 0.02394106813996317
2 0.7834482758620689 0.34714548802946593 0.022068965517241378 0.03867403314917127
