0 0.9400000000000001 0.18133333333333332 0.084 0.2826666666666667
2 0.14300000000000002 0.644 0.05 0.06666666666666667
2 0.216 0.6946666666666667 0.048 0.06666666666666667
2 0.23600000000000002 0.58 0.052000000000000005 0.029333333333333333
2 0.329 0.6293333333333333 0.026000000000000002 0.042666666666666665
2 0.307 0.5266666666666666 0.03 0.088
2 0.392 0.472 0.028 0.032
2 0.424 0.568 0.036000000000000004 0.042666666666666665
2 0.5 0.5146666666666666 0.044 0.042666666666666665
2 0.459 0.4453333333333333 0.066 0.05333333333333333
2 0.53 0.39066666666666666 0.028 0.088
2 0.579 0.45999999999999996 0.03 0.050666666666666665
2 0.644 0.43466666666666665 0.036000000000000004 0.06933333333333333
2 0.604 0.3453333333333333 0.052000000000000005 0.07733333333333334
2 0.6920000000000001 0.32666666666666666 0.044 0.056
2 0.762 0.284 0.036000000000000004 0.056
2 0.773 0.3506666666666667 0.082 0.06133333333333333
2 0.725 0.3813333333333333 0.046 0.064
2 0.838 0.304 0.036000000000000004 0.03733333333333333
2 0.874 0.244 0.048 0.056
