0 0.0625 0.5437500000000001 0.0925 0.5625
0 0.13375 0.53125 0.0975 0.6000000000000001
0 0.16875 0.59375 0.08750000000000001 0.5437500000000001
0 0.95875 0.5890625 0.08 0.534375
2 0.25625 0.4296875 0.05 0.109375
2 0.33625 0.4265625 0.035 0.109375
2 0.4275 0.453125 0.045 0.09375
2 0.508125 0.41718750000000004 0.03625 0.07187500000000001
2 0.5825 0.40937500000000004 0.0475 0.07500000000000001
2 0.65625 0.43125 0.035 0.07500000000000001
2 0.73375 0.415625 0.0425 0.08125
2 0.81375 0.43593750000000003 0.045 0.10312500000000001
2 0.89 0.44062500000000004 0.045 0.07500000000000001
2 0.909375 0.3046875 0.03125 0.07187500000000001
2 0.856875 0.284375 0.03625 0.09375
2 0.815625 0.2546875 0.04125 0.084375
2 0.770625 0.284375 0.04875 0.14375000000000002
2 0.726875 0.2921875 0.03875 0.12812500000000002
2 0.69375 0.278125 0.0275 0.1
2 0.66125 0.27187500000000003 0.04 0.1125
2 0.636875 0.3171875 0.03375 0.07187500000000001
2 0.595 0.246875 0.0375 0.1125
2 0.576875 0.30000000000000004 0.03625 0.06875
2 0.546875 0.265625 0.02875 0.07500000000000001
2 0.51 0.28125 0.045 0.10625000000000001
2 0.470625 0.27187500000000003 0.043750000000000004 0.09375
2 0.445625 0.24375000000000002 0.02625 0.10625000000000001
2 0.413125 0.2671875 0.03875 0.059375000000000004
2 0.375 0.28750000000000003 0.0375 0.1
2 0.34750000000000003 0.246875 0.03 0.06875
2 0.315625 0.29375 0.02875 0.08125
2 0.28625 0.278125 0.03 0.1125
2 0.256875 0.26406250000000003 0.02875 0.084375
2 0.228125 0.265625 0.02125 0.07500000000000001
2 0.206875 0.2921875 0.02125 0.12812500000000002
