0 0.30454545454545456 0.7480106100795756 0.09636363636363636 0.35013262599469497
0 0.39454545454545453 0.7519893899204244 0.09454545454545454 0.33687002652519893
0 0.48363636363636364 0.7254641909814323 0.11272727272727273 0.41114058355437666
0 0.5518181818181818 0.7188328912466843 0.11454545454545455 0.4084880636604774
0 0.6163636363636363 0.7188328912466843 0.12 0.42440318302387264
0 0.6981818181818182 0.7427055702917772 0.10909090909090909 0.3872679045092838
0 0.8136363636363636 0.7281167108753315 0.11090909090909092 0.3952254641909814
0 0.8818181818181818 0.7294429708222812 0.10909090909090909 0.3925729442970822
0 0.9418181818181818 0.6856763925729442 0.11272727272727273 0.46949602122015915
0 0.9027272727272727 0.6326259946949602 0.12545454545454546 0.44827586206896547
0 0.06181818181818182 0.6352785145888594 0.12363636363636364 0.4535809018567639
0 0.13545454545454547 0.6007957559681697 0.11818181818181818 0.42705570291777184
0 0.20909090909090908 0.6153846153846153 0.10181818181818182 0.3713527851458886
0 0.24454545454545454 0.656498673740053 0.10363636363636364 0.36870026525198935
0 0.2736363636363636 0.6909814323607427 0.09636363636363636 0.3474801061007957
2 0.17272727272727273 0.3925729442970822 0.04363636363636364 0.09018567639257294
2 0.37363636363636366 0.4549071618037135 0.03090909090909091 0.03978779840848806
2 0.41454545454545455 0.48408488063660476 0.04 0.0663129973474801
2 0.3509090909090909 0.5172413793103448 0.05818181818181818 0.0636604774535809
2 0.2963636363636364 0.47745358090185674 0.03272727272727273 0.03183023872679045
2 0.24818181818181817 0.40981432360742703 0.034545454545454546 0.055702917771883284
2 0.4172727272727273 0.41114058355437666 0.034545454545454546 0.08488063660477453
2 0.3472727272727273 0.4204244031830239 0.02909090909090909 0.04509283819628647
2 0.5154545454545455 0.4230769230769231 0.03090909090909091 0.03978779840848806
2 0.45454545454545453 0.41246684350132623 0.02909090909090909 0.06100795755968169
2 0.4536363636363636 0.4588859416445623 0.023636363636363636 0.04774535809018567
2 0.5081818181818182 0.5185676392572944 0.03090909090909091 0.055702917771883284
2 0.5218181818181818 0.48275862068965514 0.03636363636363636 0.0636604774535809
2 0.5509090909090909 0.4297082228116711 0.03636363636363636 0.0636604774535809
2 0.6254545454545455 0.3713527851458886 0.06545454545454546 0.09018567639257294
2 0.5781818181818181 0.4986737400530504 0.02909090909090909 0.09549071618037135
2 0.6609090909090909 0.4496021220159151 0.045454545454545456 0.06100795755968169
2 0.7027272727272728 0.49469496021220155 0.038181818181818185 0.08753315649867374
2 0.7027272727272728 0.40185676392572944 0.06 0.09814323607427056
2 0.7390909090909091 0.43368700265251986 0.02727272727272727 0.08222811671087532
2 0.7790909090909091 0.4177718832891246 0.04909090909090909 0.09283819628647215
2 0.8263636363636364 0.4230769230769231 0.034545454545454546 0.0663129973474801
2 0.8163636363636364 0.4761273209549071 0.02909090909090909 0.0663129973474801
3 0.2390909090909091 0.3328912466843501 0.02727272727272727 0.07692307692307691
3 0.26454545454545453 0.3421750663129973 0.02 0.07957559681697612
3 0.29818181818181816 0.35676392572944293 0.025454545454545455 0.0716180371352785
3 0.33090909090909093 0.3448275862068965 0.02181818181818182 0.07427055702917772
3 0.36 0.34880636604774534 0.02181818181818182 0.09283819628647215
3 0.39 0.3620689655172414 0.016363636363636365 0.0716180371352785
