0 0.5091666666666667 0.5825123152709359 0.09666666666666668 0.3497536945812808
0 0.5700000000000001 0.5905172413793104 0.09833333333333334 0.3583743842364532
0 0.14083333333333334 0.5609605911330049 0.07833333333333334 0.2869458128078818
0 0.24333333333333335 0.5615763546798029 0.09666666666666668 0.3522167487684729
0 0.29375 0.5381773399014779 0.0625 0.22660098522167488
0 0.34958333333333336 0.5264778325123153 0.0625 0.22536945812807882
0 0.4004166666666667 0.5979064039408867 0.09416666666666668 0.3435960591133005
0 0.6891666666666667 0.4722906403940887 0.03333333333333333 0.12192118226600986
0 0.72375 0.5221674876847291 0.04416666666666667 0.1625615763546798
2 0.7712500000000001 0.4476600985221675 0.0325 0.07512315270935961
2 0.8454166666666667 0.4519704433497537 0.030833333333333334 0.08374384236453201
2 0.4341666666666667 0.4224137931034483 0.02 0.04187192118226601
2 0.88375 0.41379310344827586 0.03416666666666667 0.04926108374384237
