0 0.18776595744680852 0.5199680511182109 0.10531914893617021 0.38498402555910544
0 0.551595744680851 0.5702875399361023 0.11170212765957448 0.4121405750798722
0 0.30531914893617024 0.6134185303514377 0.1021276595744681 0.3769968051118211
0 0.6877659574468086 0.48162939297124596 0.10106382978723405 0.3753993610223642
0 0.6462765957446809 0.3426517571884984 0.07553191489361702 0.2827476038338658
0 0.4228723404255319 0.31869009584664537 0.06702127659574468 0.2507987220447284
0 0.38457446808510637 0.20926517571884984 0.05 0.1853035143769968
0 0.777127659574468 0.25 0.05638297872340425 0.21246006389776356
0 0.9654255319148937 0.25159744408945683 0.05851063829787234 0.21565495207667731
0 0.15531914893617021 0.2228434504792332 0.06170212765957447 0.22843450479233227
0 0.0797872340425532 0.3210862619808307 0.06808510638297872 0.24920127795527156
0 0.04627659574468085 0.24201277955271563 0.05851063829787234 0.21565495207667731
2 0.4122340425531915 0.7515974440894568 0.06063829787234043 0.1230031948881789
2 0.05851063829787234 0.7292332268370607 0.0425531914893617 0.18051118210862618
2 0.9574468085106383 0.7699680511182109 0.04468085106382979 0.07987220447284345
2 0.9324468085106383 0.4608626198083067 0.06489361702127659 0.16134185303514376
2 0.7382978723404255 0.5894568690095846 0.04468085106382979 0.21405750798722045
2 0.5308510638297872 0.2691693290734824 0.029787234042553193 0.08466453674121405
2 0.5723404255319149 0.10383386581469647 0.01702127659574468 0.04472843450479233
2 0.28829787234042553 0.11421725239616613 0.04042553191489362 0.04952076677316294
2 0.29095744680851066 0.25399361022364214 0.05638297872340425 0.134185303514377
2 0.18351063829787234 0.18210862619808305 0.02446808510638298 0.06389776357827476
2 0.9148936170212766 0.2731629392971246 0.04042553191489362 0.134185303514377
2 0.4574468085106383 0.1485623003194888 0.04893617021276596 0.07348242811501597
2 0.8515957446808511 0.33386581469648563 0.04574468085106383 0.1757188498402556
