0 0.04909662215239592 0.49108204518430437 0.09819324430479184 0.3781212841854934
0 0.3809897879025923 0.5172413793103448 0.09897879025923018 0.36860879904875143
0 0.7152395915161037 0.4256837098692033 0.13432835820895522 0.4994054696789536
0 0.6084053417124903 0.4435196195005945 0.06991358994501179 0.25921521997621877
0 0.5612725844461901 0.4393579072532699 0.05577376276512176 0.20808561236623066
0 0.5176747839748626 0.41973840665873957 0.05341712490180676 0.19976218787158143
0 0.46975648075412413 0.4149821640903686 0.06284367635506677 0.23305588585017833
0 0.3197172034564022 0.39357907253269914 0.056559308719560095 0.20927467300832342
0 0.2867242733699922 0.3923900118906064 0.05970149253731344 0.22116527942925088
0 0.24351924587588375 0.39298454221165274 0.04870384917517675 0.17954815695600473
0 0.21091908876669285 0.3846611177170035 0.047918303220738416 0.17717003567181924
0 0.1598586017282011 0.39298454221165274 0.05577376276512176 0.21046373365041615
0 0.12372348782403772 0.38882282996432815 0.05106048703849175 0.18787158145065397
2 0.02081696779261587 0.28834720570749106 0.01335428122545169 0.036860879904875146
2 0.005106048703849175 0.29964328180737215 0.007069913589945012 0.019024970273483946
2 0.09544383346425767 0.29964328180737215 0.008641005498821682 0.040428061831153383
2 0.23173605655930873 0.3014268727705113 0.009426551453260016 0.034482758620689655
2 0.274548311076198 0.2919143876337693 0.01335428122545169 0.036860879904875146
2 0.4198743126472899 0.3258026159334126 0.01492537313432836 0.06896551724137931
2 0.3523173605655931 0.342449464922711 0.018067556952081697 0.049940546967895356
