0 0.2477777777777778 0.7921875 0.04 0.140625
0 0.2633333333333333 0.74140625 0.022222222222222223 0.0765625
0 0.28055555555555556 0.71796875 0.01 0.0390625
0 0.3016666666666667 0.72265625 0.021111111111111112 0.0734375
0 0.3233333333333333 0.7234375000000001 0.02 0.06875
0 0.3411111111111111 0.7289062500000001 0.017777777777777778 0.06406250000000001
0 0.3838888888888889 0.7367187500000001 0.021111111111111112 0.0765625
0 0.4083333333333333 0.7453125 0.012222222222222223 0.046875
0 0.4961111111111111 0.7875000000000001 0.04111111111111111 0.140625
0 0.5216666666666666 0.7898437500000001 0.03888888888888889 0.13593750000000002
0 0.5788888888888889 0.7914062500000001 0.04 0.13593750000000002
0 0.6383333333333333 0.7664062500000001 0.03222222222222222 0.11406250000000001
0 0.6872222222222222 0.7367187500000001 0.014444444444444444 0.051562500000000004
0 0.6988888888888889 0.7289062500000001 0.013333333333333332 0.051562500000000004
0 0.7122222222222222 0.7265625 0.011111111111111112 0.037500000000000006
0 0.7266666666666667 0.7203125 0.008888888888888889 0.03125
0 0.75 0.7406250000000001 0.015555555555555555 0.053125000000000006
0 0.8327777777777777 0.7609375 0.025555555555555557 0.09062500000000001
0 0.92 0.7421875 0.011111111111111112 0.043750000000000004
0 0.9494444444444444 0.74765625 0.014444444444444444 0.0484375
0 0.9677777777777777 0.74921875 0.015555555555555555 0.0578125
0 0.9816666666666667 0.7445312500000001 0.012222222222222223 0.0421875
0 0.14222222222222222 0.7039062500000001 0.008888888888888889 0.0328125
0 0.09333333333333334 0.7046875 0.008888888888888889 0.03125
0 0.8055555555555556 0.7312500000000001 0.011111111111111112 0.037500000000000006
