0 0.10714285714285714 0.633587786259542 0.11714285714285715 0.5089058524173028
0 0.48428571428571426 0.66793893129771 0.13714285714285715 0.6030534351145038
0 0.8042857142857143 0.4656488549618321 0.09428571428571429 0.4173027989821883
0 0.6971428571428572 0.3053435114503817 0.025714285714285714 0.11704834605597965
0 0.635 0.3575063613231552 0.04428571428571428 0.19083969465648856
0 0.9 0.44402035623409675 0.08 0.3536895674300255
0 0.9671428571428572 0.455470737913486 0.06285714285714286 0.3155216284987278
0 0.6628571428571428 0.2938931297709924 0.025714285714285714 0.11450381679389314
2 0.4164285714285714 0.5470737913486006 0.05857142857142857 0.13231552162849874
2 0.4042857142857143 0.33333333333333337 0.022857142857142857 0.07124681933842239
2 0.37214285714285716 0.33078880407124683 0.02142857142857143 0.06106870229007634
2 0.4235714285714286 0.31806615776081426 0.02142857142857143 0.07124681933842239
2 0.49714285714285716 0.32697201017811706 0.017142857142857144 0.07888040712468194
2 0.30642857142857144 0.44783715012722647 0.041428571428571426 0.1068702290076336
2 0.2842857142857143 0.3715012722646311 0.04285714285714286 0.05597964376590331
2 0.18714285714285714 0.48473282442748095 0.05142857142857143 0.10432569974554708
2 0.22714285714285715 0.4122137404580153 0.04 0.09669211195928754
2 0.19714285714285715 0.39312977099236646 0.02 0.06870229007633588
2 0.14357142857142857 0.4096692111959288 0.041428571428571426 0.06615776081424937
2 0.022857142857142857 0.3676844783715013 0.03142857142857143 0.07379134860050891
