0 0.07181818181818182 0.5865384615384616 0.11818181818181818 0.44230769230769235
0 0.2736363636363636 0.5892857142857143 0.11454545454545455 0.42582417582417587
0 0.40636363636363637 0.6263736263736264 0.19090909090909092 0.7087912087912088
0 0.5018181818181818 0.5906593406593407 0.12727272727272726 0.47802197802197804
0 0.6254545454545455 0.5865384615384616 0.13090909090909092 0.4862637362637363
0 0.7327272727272727 0.6332417582417583 0.12363636363636364 0.4587912087912088
0 0.9172727272727272 0.5906593406593407 0.14 0.5164835164835165
0 0.7718181818181818 0.532967032967033 0.1 0.37912087912087916
0 0.1618181818181818 0.5425824175824177 0.07272727272727272 0.271978021978022
0 0.14181818181818182 0.5315934065934066 0.06545454545454546 0.25
2 0.11545454545454545 0.3777472527472528 0.02727272727272727 0.041208791208791215
2 0.22272727272727272 0.39148351648351654 0.016363636363636365 0.030219780219780223
2 0.30272727272727273 0.4093406593406594 0.016363636363636365 0.04395604395604396
2 0.5045454545454545 0.28571428571428575 0.023636363636363636 0.04395604395604396
2 0.5781818181818181 0.3585164835164835 0.03272727272727273 0.057692307692307696
2 0.96 0.37500000000000006 0.02181818181818182 0.057692307692307696
2 0.9827272727272727 0.34890109890109894 0.023636363636363636 0.06593406593406594
2 0.8654545454545455 0.3653846153846154 0.025454545454545455 0.049450549450549455
2 0.8036363636363636 0.4093406593406594 0.014545454545454545 0.05494505494505495
