0 0.06768953068592058 0.5433212996389892 0.0812274368231047 0.39350180505415167
0 0.20126353790613719 0.572202166064982 0.0776173285198556 0.3862815884476534
0 0.26985559566787004 0.6191335740072202 0.09927797833935019 0.4873646209386282
0 0.3528880866425993 0.5451263537906137 0.0812274368231047 0.39711191335740076
0 0.4792418772563177 0.5776173285198556 0.08483754512635379 0.4187725631768953
0 0.5135379061371841 0.6732851985559567 0.10649819494584838 0.5234657039711191
0 0.6516245487364621 0.6299638989169676 0.09747292418772563 0.4729241877256318
0 0.6164259927797834 0.5342960288808665 0.0812274368231047 0.40433212996389895
0 0.7554151624548737 0.5667870036101084 0.08483754512635379 0.4259927797833935
0 0.8411552346570398 0.5667870036101084 0.07942238267148015 0.39711191335740076
0 0.9160649819494585 0.5180505415162455 0.0631768953068592 0.3140794223826715
0 0.15433212996389892 0.5090252707581228 0.0631768953068592 0.3176895306859206
0 0.11191335740072203 0.5108303249097473 0.05776173285198556 0.2851985559566787
0 0.04693140794223827 0.516245487364621 0.06859205776173286 0.33212996389891697
0 0.017148014440433214 0.5018050541516246 0.03429602888086643 0.3176895306859206
2 0.13267148014440433 0.7472924187725632 0.12093862815884476 0.41155234657039713
2 0.2716606498194946 0.796028880866426 0.12093862815884476 0.40072202166064985
2 0.5379061371841155 0.796028880866426 0.148014440433213 0.37184115523465705
2 0.7319494584837546 0.8014440433212997 0.11371841155234658 0.38267148014440433
2 0.8276173285198556 0.7725631768953068 0.0812274368231047 0.38267148014440433
2 0.8898916967509025 0.7148014440433214 0.08303249097472924 0.3176895306859206
2 0.9620938628158845 0.6678700361010831 0.06859205776173286 0.3176895306859206
2 0.9675090252707581 0.4296028880866426 0.025270758122743684 0.12274368231046932
2 0.9855595667870036 0.424187725631769 0.018050541516245487 0.1407942238267148
2 0.9575812274368232 0.3808664259927798 0.03068592057761733 0.06137184115523466
