0 0.6064981949458484 0.5544871794871795 0.04693140794223827 0.20512820512820512
0 0.575812274368231 0.6907051282051282 0.05776173285198556 0.2532051282051282
0 0.6164259927797834 0.7307692307692307 0.055956678700361015 0.25
0 0.648014440433213 0.7516025641025641 0.05776173285198556 0.2596153846153846
0 0.7256317689530686 0.6362179487179487 0.06137184115523466 0.2724358974358974
0 0.759927797833935 0.735576923076923 0.05415162454873646 0.23397435897435898
0 0.8068592057761733 0.8108974358974359 0.06498194945848376 0.28846153846153844
0 0.8339350180505416 0.8108974358974359 0.07220216606498195 0.3141025641025641
0 0.8592057761732852 0.7387820512820512 0.05415162454873646 0.24679487179487178
0 0.8664259927797834 0.625 0.06137184115523466 0.26282051282051283
0 0.7879061371841155 0.6907051282051282 0.055956678700361015 0.2532051282051282
0 0.8149819494584838 0.5416666666666666 0.048736462093862815 0.21794871794871795
0 0.8628158844765343 0.5112179487179487 0.04693140794223827 0.21474358974358973
0 0.8826714801444043 0.47596153846153844 0.04693140794223827 0.20192307692307693
0 0.7563176895306859 0.4647435897435897 0.039711191335740074 0.1794871794871795
0 0.7265342960288809 0.42467948717948717 0.03790613718411553 0.16346153846153846
0 0.6895306859205776 0.6089743589743589 0.05776173285198556 0.25
0 0.7870036101083033 0.4230769230769231 0.03249097472924188 0.14743589743589744
0 0.8086642599277979 0.4631410256410256 0.039711191335740074 0.16987179487179488
0 0.8402527075812275 0.4407051282051282 0.03790613718411553 0.16987179487179488
0 0.9287003610108303 0.673076923076923 0.05956678700361011 0.2692307692307692
2 0.027978339350180507 0.860576923076923 0.055956678700361015 0.266025641025641
2 0.02256317689530686 0.7051282051282051 0.04151624548736462 0.14743589743589744
2 0.07851985559566788 0.6490384615384616 0.0703971119133574 0.125
2 0.09657039711191336 0.7067307692307692 0.05956678700361011 0.11858974358974358
2 0.06588447653429604 0.8269230769230769 0.05956678700361011 0.1987179487179487
2 0.1164259927797834 0.8573717948717948 0.0812274368231047 0.2724358974358974
2 0.1768953068592058 0.7932692307692307 0.06498194945848376 0.1891025641025641
2 0.15433212996389892 0.75 0.048736462093862815 0.12179487179487179
2 0.18772563176895307 0.7211538461538461 0.05776173285198556 0.16666666666666666
2 0.21028880866425995 0.655448717948718 0.048736462093862815 0.14423076923076922
2 0.2752707581227437 0.6394230769230769 0.05956678700361011 0.15064102564102563
2 0.2870036101083033 0.735576923076923 0.05415162454873646 0.10576923076923077
2 0.25992779783393505 0.7884615384615384 0.06498194945848376 0.12179487179487179
2 0.2897111913357401 0.9198717948717948 0.0631768953068592 0.1282051282051282
2 0.3348375451263538 0.875 0.0740072202166065 0.20512820512820512
2 0.31227436823104693 0.7852564102564102 0.05054151624548737 0.10256410256410256
2 0.3276173285198556 0.6089743589743589 0.04512635379061372 0.11538461538461538
2 0.3916967509025271 0.6378205128205128 0.06137184115523466 0.14743589743589744
2 0.41425992779783394 0.7724358974358974 0.055956678700361015 0.08333333333333333
2 0.398014440433213 0.8589743589743589 0.0703971119133574 0.21153846153846154
2 0.47563176895306863 0.8894230769230769 0.0776173285198556 0.17628205128205127
2 0.5198555956678701 0.8733974358974359 0.05054151624548737 0.13141025641025642
2 0.5541516245487365 0.907051282051282 0.05054151624548737 0.14102564102564102
2 0.5956678700361011 0.9102564102564102 0.04693140794223827 0.12179487179487179
2 0.628158844765343 0.9246794871794871 0.05776173285198556 0.10576923076923077
2 0.6687725631768954 0.907051282051282 0.052346570397111915 0.1282051282051282
2 0.7129963898916968 0.9166666666666666 0.06498194945848376 0.1346153846153846
2 0.7436823104693141 0.9006410256410257 0.03249097472924188 0.1858974358974359
2 0.7978339350180506 0.9118589743589743 0.07581227436823106 0.13141025641025642
2 0.5406137184115524 0.7323717948717948 0.0740072202166065 0.14423076923076922
2 0.4548736462093863 0.7211538461538461 0.05415162454873646 0.11538461538461538
2 0.47021660649819497 0.7884615384615384 0.0740072202166065 0.1282051282051282
2 0.4648014440433213 0.6442307692307692 0.0703971119133574 0.11538461538461538
2 0.44043321299638993 0.5576923076923077 0.039711191335740074 0.08974358974358974
2 0.47472924187725635 0.5641025641025641 0.03249097472924188 0.08333333333333333
2 0.46750902527075816 0.5080128205128205 0.03249097472924188 0.060897435897435896
2 0.5063176895306859 0.530448717948718 0.04512635379061372 0.125
2 0.5216606498194946 0.4823717948717949 0.02888086642599278 0.060897435897435896
2 0.9368231046931408 0.8894230769230769 0.08664259927797835 0.21474358974358973
2 0.970216606498195 0.8413461538461539 0.03068592057761733 0.1378205128205128
4 0.5911552346570398 0.38782051282051283 0.17509025270758125 0.1794871794871795
4 0.8167870036101084 0.2948717948717949 0.12815884476534298 0.34615384615384615
