0 0.20859375000000002 0.7367149758454106 0.0578125 0.21739130434782608
0 0.06171875 0.6763285024154589 0.0203125 0.07729468599033816
0 0.14609375 0.6304347826086957 0.0234375 0.08695652173913043
0 0.1609375 0.6243961352657005 0.025 0.09420289855072464
0 0.19921875 0.6171497584541062 0.0203125 0.07971014492753623
0 0.22968750000000002 0.6171497584541062 0.025 0.09420289855072464
0 0.2578125 0.6183574879227053 0.021875000000000002 0.09178743961352656
0 0.28984375 0.6195652173913043 0.026562500000000003 0.09903381642512077
0 0.321875 0.6606280193236714 0.043750000000000004 0.16666666666666666
0 0.46875 0.608695652173913 0.021875000000000002 0.08695652173913043
0 0.53125 0.5942028985507246 0.021875000000000002 0.08212560386473429
0 0.61640625 0.6497584541062802 0.0421875 0.15942028985507245
2 0.037500000000000006 0.6908212560386473 0.03125 0.0966183574879227
2 0.025781250000000002 0.6376811594202898 0.0234375 0.033816425120772944
2 0.24765625000000002 0.7403381642512077 0.0671875 0.21014492753623187
2 0.5078125 0.7415458937198067 0.07500000000000001 0.178743961352657
2 0.7679687500000001 0.7246376811594203 0.0484375 0.13043478260869565
2 0.86640625 0.7342995169082125 0.0546875 0.178743961352657
2 0.9421875000000001 0.717391304347826 0.037500000000000006 0.14492753623188406
2 0.978125 0.7113526570048309 0.03125 0.13768115942028986
2 0.98203125 0.6195652173913043 0.026562500000000003 0.07971014492753623
2 0.9515625000000001 0.611111111111111 0.040625 0.06763285024154589
2 0.73359375 0.6292270531400966 0.0203125 0.06038647342995169
2 0.78828125 0.611111111111111 0.0328125 0.07729468599033816
2 0.8132812500000001 0.6751207729468599 0.0328125 0.06038647342995169
2 0.82421875 0.6171497584541062 0.0390625 0.06521739130434782
2 0.546875 0.6570048309178743 0.040625 0.10144927536231883
2 0.57265625 0.6352657004830917 0.029687500000000002 0.06763285024154589
2 0.58046875 0.6038647342995169 0.026562500000000003 0.05314009661835749
2 0.68515625 0.6062801932367149 0.026562500000000003 0.07246376811594203
