0 0.06938775510204082 0.8180428134556575 0.08979591836734695 0.3333333333333333
0 0.21836734693877552 0.7660550458715596 0.06122448979591837 0.22935779816513763
0 0.25612244897959185 0.8241590214067278 0.08775510204081634 0.327217125382263
0 0.3612244897959184 0.7614678899082569 0.05306122448979592 0.19571865443425077
0 0.3234693877551021 0.808868501529052 0.030612244897959186 0.11926605504587157
0 0.42040816326530617 0.7431192660550459 0.04489795918367347 0.1651376146788991
0 0.39795918367346944 0.7385321100917431 0.036734693877551024 0.1437308868501529
0 0.31938775510204087 0.7186544342507646 0.018367346938775512 0.07339449541284404
0 0.5336734693877552 0.7844036697247706 0.05510204081632654 0.20489296636085627
0 0.5102040816326531 0.8409785932721713 0.07755102040816328 0.2874617737003058
0 0.5969387755102041 0.8363914373088686 0.07959183673469389 0.290519877675841
0 0.9683673469387756 0.7752293577981652 0.05918367346938776 0.290519877675841
0 0.20714285714285716 0.7492354740061162 0.04285714285714286 0.1651376146788991
0 0.47346938775510206 0.7415902140672783 0.04489795918367347 0.1743119266055046
0 0.5591836734693878 0.7339449541284404 0.04081632653061225 0.14678899082568808
2 0.7377551020408164 0.709480122324159 0.05510204081632654 0.10397553516819572
