0 0.02421875 0.5223958333333333 0.03359375 0.11041666666666666
0 0.035546875 0.5145833333333333 0.032031250000000004 0.10416666666666667
0 0.0509765625 0.5138020833333333 0.025390625 0.0828125
0 0.07792968750000001 0.50703125 0.034765625 0.1140625
0 0.11328125 0.5052083333333334 0.029687500000000002 0.096875
0 0.09843750000000001 0.5091145833333334 0.025781250000000002 0.08489583333333334
0 0.13398437500000002 0.5114583333333333 0.02890625 0.09375
0 0.1494140625 0.51328125 0.026171875 0.0859375
0 0.160546875 0.4942708333333333 0.02421875 0.07916666666666666
0 0.17304687500000002 0.5091145833333334 0.02734375 0.09010416666666667
0 0.2080078125 0.5026041666666666 0.030078125 0.09895833333333333
0 0.240625 0.5044270833333333 0.022656250000000003 0.07552083333333333
0 0.2501953125 0.5018229166666667 0.022265625 0.07239583333333333
0 0.40546875000000004 0.503125 0.02890625 0.09479166666666666
0 0.390234375 0.4825520833333333 0.015625 0.050520833333333334
0 0.423828125 0.49765624999999997 0.02109375 0.06927083333333334
0 0.53515625 0.49192708333333335 0.02109375 0.06927083333333334
0 0.5419921875 0.4869791666666667 0.016796875 0.05416666666666667
0 0.5494140625 0.49921875 0.023828125000000002 0.07864583333333333
0 0.5710937500000001 0.49192708333333335 0.022656250000000003 0.07447916666666667
0 0.5791015625 0.49609375 0.023828125000000002 0.07864583333333333
0 0.583984375 0.49557291666666664 0.025781250000000002 0.08385416666666666
0 0.593359375 0.49322916666666666 0.0203125 0.06770833333333333
0 0.6062500000000001 0.49505208333333334 0.02421875 0.07864583333333333
0 0.6181640625 0.496875 0.025390625 0.08333333333333333
0 0.62421875 0.49244791666666665 0.025 0.08177083333333333
0 0.6369140625 0.49140625 0.025390625 0.0828125
0 0.659765625 0.49505208333333334 0.02109375 0.0703125
0 0.675 0.48776041666666664 0.0203125 0.06614583333333333
0 0.6888671875000001 0.49140625 0.023046875 0.07552083333333333
0 0.65 0.48802083333333335 0.015625 0.051041666666666666
0 0.7585937500000001 0.6580729166666667 0.20859375000000002 0.6786458333333333
0 0.8753906250000001 0.6822916666666666 0.19375 0.63125
0 0.9513671875 0.5372395833333333 0.062109375 0.20260416666666667
0 0.92890625 0.52890625 0.051562500000000004 0.16927083333333334
2 0.34707031250000003 0.69609375 0.23789062500000002 0.6015625
2 0.4703125 0.68671875 0.19921875 0.6255208333333333
2 0.9771484375 0.47161458333333334 0.017578125 0.043229166666666666
2 0.9037109375000001 0.4080729166666667 0.010546875 0.0296875
2 0.6154296875 0.4497395833333333 0.010546875 0.019270833333333334
2 0.598828125 0.45338541666666665 0.009375000000000001 0.015104166666666667
2 0.580078125 0.44947916666666665 0.010937500000000001 0.016666666666666666
