0 0.022123893805309734 0.615 0.022123893805309734 0.09000000000000001
0 0.050884955752212385 0.6133333333333334 0.022123893805309734 0.08
0 0.061946902654867256 0.6083333333333334 0.022123893805309734 0.08333333333333334
0 0.08960176991150443 0.6816666666666668 0.03761061946902655 0.1366666666666667
0 0.11172566371681415 0.6016666666666667 0.01991150442477876 0.07
0 0.13827433628318583 0.6000000000000001 0.01991150442477876 0.08
0 0.15154867256637167 0.5850000000000001 0.01991150442477876 0.07
0 0.1736725663716814 0.6000000000000001 0.024336283185840708 0.08666666666666667
0 0.18805309734513273 0.6566666666666667 0.030973451327433628 0.11333333333333334
0 0.2002212389380531 0.6883333333333334 0.03761061946902655 0.14333333333333334
0 0.24446902654867256 0.6333333333333334 0.028761061946902654 0.11333333333333334
0 0.28650442477876104 0.6583333333333333 0.028761061946902654 0.11666666666666667
0 0.31194690265486724 0.6183333333333334 0.02654867256637168 0.09666666666666668
0 0.3384955752212389 0.6483333333333334 0.035398230088495575 0.13
0 0.3495575221238938 0.6933333333333334 0.04424778761061947 0.16
0 0.3893805309734513 0.6216666666666667 0.02654867256637168 0.10333333333333335
0 0.41482300884955753 0.66 0.03761061946902655 0.14
0 0.45685840707964603 0.64 0.0331858407079646 0.12000000000000001
0 0.49004424778761063 0.6983333333333334 0.04203539823008849 0.16333333333333333
0 0.49336283185840707 0.6033333333333334 0.030973451327433628 0.11333333333333334
0 0.5276548672566371 0.6633333333333333 0.03761061946902655 0.14
0 0.5630530973451328 0.6383333333333334 0.028761061946902654 0.11666666666666667
0 0.5829646017699115 0.6183333333333334 0.0331858407079646 0.12333333333333334
0 0.6814159292035398 0.6966666666666667 0.04424778761061947 0.16
0 0.7002212389380531 0.6716666666666667 0.03761061946902655 0.15000000000000002
0 0.7245575221238938 0.6383333333333334 0.028761061946902654 0.11666666666666667
0 0.8451327433628318 0.7050000000000001 0.03982300884955752 0.15666666666666668
0 0.09845132743362832 0.6083333333333334 0.01991150442477876 0.08333333333333334
2 0.8528761061946902 0.61 0.0331858407079646 0.02666666666666667
