0 0.4991666666666667 0.6325000000000001 0.19166666666666668 0.7000000000000001
0 0.5725 0.57375 0.165 0.6025
0 0.4141666666666667 0.6062500000000001 0.15166666666666667 0.5625
0 0.335 0.57125 0.1366666666666667 0.5075000000000001
0 0.2625 0.53 0.12166666666666667 0.445
0 0.19833333333333333 0.51125 0.11333333333333334 0.4175
0 0.155 0.44875 0.07 0.2575
0 0.12250000000000001 0.43625 0.07500000000000001 0.2725
0 0.6616666666666667 0.4625 0.08333333333333334 0.305
0 0.6991666666666667 0.4675 0.07833333333333334 0.28500000000000003
2 0.07416666666666667 0.49375 0.10833333333333334 0.2325
2 0.08416666666666667 0.4375 0.05166666666666667 0.14
2 0.07416666666666667 0.335 0.025 0.085
2 0.035 0.3275 0.043333333333333335 0.08
2 0.2991666666666667 0.35375 0.035 0.0675
2 0.3975 0.32625 0.03833333333333334 0.0825
