0 0.095 0.8120833333333334 0.19 0.36583333333333334
0 0.08687500000000001 0.7612500000000001 0.17375000000000002 0.3225
0 0.13 0.6866666666666668 0.1 0.16333333333333333
0 0.1575 0.6916666666666668 0.0725 0.11833333333333335
0 0.185 0.6845833333333334 0.0775 0.12583333333333335
0 0.20875 0.6933333333333334 0.075 0.12166666666666667
0 0.25625 0.70125 0.11 0.18083333333333335
0 0.319375 0.72875 0.06625 0.10916666666666668
0 0.29875 0.6875 0.0625 0.10166666666666667
0 0.368125 0.6900000000000001 0.07375 0.12166666666666667
0 0.466875 0.8116666666666668 0.22875 0.375
0 0.72 0.7595833333333334 0.1925 0.3125
0 0.618125 0.68625 0.09375 0.1525
0 0.81875 0.8133333333333334 0.225 0.3666666666666667
0 0.9 0.7570833333333333 0.17500000000000002 0.28583333333333333
0 0.9525 0.7258333333333333 0.0925 0.24666666666666667
2 0.915625 0.6375000000000001 0.03625 0.05
2 0.84125 0.6291666666666667 0.0475 0.03833333333333334
2 0.820625 0.62 0.051250000000000004 0.02666666666666667
2 0.7681250000000001 0.6254166666666667 0.051250000000000004 0.0625
2 0.57125 0.64375 0.045 0.0475
2 0.514375 0.6341666666666667 0.02375 0.035
2 0.534375 0.6329166666666667 0.02125 0.02416666666666667
2 0.040625 0.6341666666666667 0.02875 0.02666666666666667
2 0.13875 0.6262500000000001 0.0275 0.025833333333333337
3 0.313125 0.31958333333333333 0.07875 0.0975
3 0.35000000000000003 0.26666666666666666 0.05 0.04166666666666667
3 0.39187500000000003 0.25583333333333336 0.07625 0.058333333333333334
3 0.43625 0.2966666666666667 0.09 0.08666666666666667
3 0.505625 0.22958333333333336 0.07625 0.052500000000000005
3 0.598125 0.25625000000000003 0.07125000000000001 0.06583333333333334
3 0.68375 0.24958333333333335 0.0825 0.07083333333333333
