0 0.43583333333333335 0.625 0.135 0.495
0 0.48333333333333334 0.6225 0.11666666666666667 0.435
0 0.6183333333333334 0.61875 0.13 0.4825
0 0.8316666666666667 0.645 0.14666666666666667 0.54
0 0.0575 0.6 0.115 0.44
0 0.09583333333333334 0.5650000000000001 0.10833333333333334 0.4
0 0.21416666666666667 0.55875 0.08833333333333333 0.3275
0 0.17083333333333334 0.52375 0.08166666666666667 0.2975
0 0.28250000000000003 0.50875 0.08166666666666667 0.3075
0 0.3408333333333334 0.555 0.10166666666666667 0.37
0 0.4 0.5675 0.1 0.365
0 0.655 0.57375 0.09666666666666668 0.3625
0 0.7858333333333334 0.55 0.10166666666666667 0.375
0 0.8833333333333334 0.56625 0.11333333333333334 0.4175
0 0.9275000000000001 0.49375 0.07166666666666667 0.2675
0 0.7300000000000001 0.525 0.1 0.365
0 0.14166666666666666 0.49875 0.06666666666666667 0.2475
0 0.3216666666666667 0.5025000000000001 0.07666666666666667 0.29
0 0.7133333333333334 0.49375 0.08333333333333334 0.3025
0 0.9683333333333334 0.47125 0.060000000000000005 0.2725
0 0.5183333333333333 0.51375 0.07666666666666667 0.28250000000000003
2 0.6866666666666668 0.375 0.04 0.06
2 0.49000000000000005 0.3825 0.03333333333333333 0.045
2 0.3641666666666667 0.39 0.035 0.075
2 0.4025 0.3525 0.028333333333333335 0.035
2 0.18833333333333335 0.41375 0.023333333333333334 0.0425
4 0.16083333333333336 0.36375 0.195 0.0775
4 0.4316666666666667 0.36875 0.18333333333333335 0.0775
4 0.6708333333333334 0.3575 0.22833333333333336 0.07
4 0.8316666666666667 0.3625 0.07666666666666667 0.07
