0 0.15333333333333335 0.7876712328767123 0.12000000000000001 0.3972602739726027
0 0.10166666666666667 0.7214611872146118 0.12333333333333334 0.410958904109589
0 0.3616666666666667 0.8287671232876712 0.09000000000000001 0.3059360730593607
0 0.5016666666666667 0.8105022831050228 0.10333333333333335 0.3424657534246575
0 0.6533333333333333 0.7831050228310502 0.12000000000000001 0.4063926940639269
0 0.29333333333333333 0.6255707762557077 0.09333333333333334 0.3105022831050228
0 0.17666666666666667 0.639269406392694 0.09333333333333334 0.319634703196347
0 0.41000000000000003 0.726027397260274 0.11333333333333334 0.3744292237442922
0 0.48000000000000004 0.6301369863013698 0.09333333333333334 0.3287671232876712
0 0.5800000000000001 0.687214611872146 0.09333333333333334 0.3242009132420091
0 0.8883333333333334 0.6232876712328766 0.09666666666666668 0.3333333333333333
0 0.8250000000000001 0.6073059360730593 0.09000000000000001 0.3013698630136986
0 0.795 0.6712328767123288 0.08333333333333334 0.2922374429223744
0 0.7350000000000001 0.8356164383561644 0.08333333333333334 0.2922374429223744
0 0.8033333333333333 0.8538812785388128 0.08 0.273972602739726
0 0.32833333333333337 0.5844748858447488 0.08333333333333334 0.2922374429223744
2 0.058333333333333334 0.8607305936073059 0.11 0.2328767123287671
2 0.265 0.8767123287671232 0.11666666666666667 0.228310502283105
2 0.7233333333333334 0.6438356164383561 0.07333333333333333 0.1095890410958904
2 0.13 0.5182648401826484 0.060000000000000005 0.1050228310502283
4 0.6283333333333334 0.47716894977168944 0.24333333333333335 0.1324200913242009
4 0.8783333333333334 0.4452054794520548 0.23 0.1324200913242009
