0 0.14200000000000002 0.4767080745341615 0.168 0.6428571428571428
0 0.181 0.7437888198757764 0.11800000000000001 0.4440993788819875
0 0.523 0.7732919254658385 0.11 0.4161490683229813
0 0.423 0.3493788819875776 0.106 0.4130434782608695
0 0.562 0.48291925465838503 0.164 0.6242236024844721
0 0.852 0.7562111801242235 0.116 0.43788819875776397
0 0.862 0.46739130434782605 0.16 0.6118012422360248
0 0.97 0.18167701863354035 0.056 0.3198757763975155
0 0.9590000000000001 0.17701863354037267 0.078 0.3291925465838509
0 0.92 0.17546583850931677 0.088 0.3385093167701863
0 0.864 0.16614906832298135 0.084 0.32608695652173914
0 0.834 0.17236024844720496 0.088 0.3447204968944099
0 0.784 0.18322981366459626 0.068 0.2670807453416149
0 0.6930000000000001 0.16149068322981366 0.074 0.2795031055900621
2 0.542 0.14906832298136646 0.064 0.17391304347826086
