0 0.024609375000000003 0.5171875 0.04296875 0.140625
0 0.115625 0.4145833333333333 0.026562500000000003 0.08541666666666667
0 0.278125 0.4765625 0.03125 0.10520833333333333
0 0.299609375 0.45 0.030468750000000003 0.1
0 0.6277343750000001 0.534375 0.049218750000000006 0.1625
0 0.33632812500000003 0.4822916666666667 0.02890625 0.09375
2 0.098828125 0.5640625 0.05078125 0.10729166666666666
2 0.08203125 0.5432291666666667 0.037500000000000006 0.08020833333333333
2 0.0703125 0.5239583333333333 0.0421875 0.06666666666666667
2 0.047656250000000004 0.4822916666666667 0.0140625 0.05
2 0.090234375 0.4734375 0.032031250000000004 0.053125
2 0.11171875 0.4927083333333333 0.034375 0.0625
2 0.16796875 0.5494791666666666 0.03125 0.08645833333333333
2 0.147265625 0.521875 0.01953125 0.03958333333333333
2 0.274609375 0.5609375 0.03828125 0.128125
2 0.33671875 0.5666666666666667 0.043750000000000004 0.10833333333333334
2 0.31171875000000004 0.5161458333333333 0.028125 0.040625
2 0.2515625 0.5401041666666666 0.045312500000000006 0.08020833333333333
2 0.244140625 0.5255208333333333 0.041406250000000006 0.065625
2 0.18710937500000002 0.5010416666666666 0.01953125 0.0875
2 0.240625 0.4791666666666667 0.029687500000000002 0.03958333333333333
2 0.152734375 0.46197916666666666 0.032031250000000004 0.06354166666666666
2 0.125 0.4458333333333333 0.021875000000000002 0.06041666666666667
2 0.09843750000000001 0.428125 0.034375 0.052083333333333336
2 0.047656250000000004 0.4479166666666667 0.0234375 0.04583333333333333
2 0.031640625 0.4302083333333333 0.017968750000000002 0.020833333333333332
2 0.18710937500000002 0.44114583333333335 0.02109375 0.040625
2 0.23750000000000002 0.4421875 0.034375 0.040625
2 0.26992187500000003 0.43645833333333334 0.017968750000000002 0.025
2 0.307421875 0.48385416666666664 0.02109375 0.053125
2 0.37578125 0.4875 0.026562500000000003 0.05625
2 0.374609375 0.525 0.02890625 0.07291666666666667
2 0.3953125 0.5286458333333334 0.028125 0.07395833333333333
2 0.415625 0.540625 0.028125 0.06666666666666667
2 0.47773437500000004 0.5328125 0.030468750000000003 0.06770833333333333
2 0.455078125 0.5119791666666667 0.01640625 0.036458333333333336
2 0.43359375 0.503125 0.018750000000000003 0.04583333333333333
2 0.401953125 0.46770833333333334 0.025781250000000002 0.03958333333333333
2 0.42304687500000004 0.4744791666666667 0.014843750000000001 0.04895833333333333
2 0.448046875 0.4578125 0.01640625 0.03854166666666667
2 0.373828125 0.4375 0.02421875 0.03958333333333333
2 0.358203125 0.4302083333333333 0.022656250000000003 0.035416666666666666
2 0.321875 0.4302083333333333 0.0234375 0.025
2 0.471484375 0.4708333333333333 0.025781250000000002 0.041666666666666664
2 0.491796875 0.4734375 0.02109375 0.03854166666666667
2 0.501953125 0.5078125 0.02421875 0.053125
2 0.5222656250000001 0.5255208333333333 0.039843750000000004 0.065625
2 0.542578125 0.5359375 0.03515625 0.071875
2 0.52734375 0.46770833333333334 0.0171875 0.0625
2 0.5613281250000001 0.47552083333333334 0.02734375 0.06770833333333333
2 0.584375 0.5078125 0.029687500000000002 0.051041666666666666
2 0.6062500000000001 0.51875 0.015625 0.041666666666666664
2 0.578125 0.6447916666666667 0.0421875 0.15416666666666667
2 0.319140625 0.7890625 0.08203125 0.23020833333333332
2 0.21171875 0.6817708333333333 0.043750000000000004 0.190625
2 0.16523437500000002 0.6369791666666667 0.04296875 0.128125
2 0.259765625 0.6177083333333333 0.05390625 0.07291666666666667
2 0.2859375 0.6796875 0.0484375 0.11979166666666667
2 0.31484375000000003 0.65625 0.05625 0.12708333333333333
2 0.35390625000000003 0.7026041666666667 0.05625 0.08854166666666667
2 0.40703125 0.7958333333333333 0.0625 0.19791666666666666
2 0.45859375 0.7515625 0.0671875 0.153125
2 0.6046875 0.5911458333333334 0.0328125 0.057291666666666664
2 0.65234375 0.6333333333333333 0.05 0.0875
2 0.67734375 0.621875 0.043750000000000004 0.08333333333333333
2 0.74921875 0.7364583333333333 0.0734375 0.20208333333333334
2 0.7664062500000001 0.6635416666666667 0.053125000000000006 0.075
2 0.70234375 0.546875 0.040625 0.11041666666666666
2 0.675 0.51875 0.035937500000000004 0.08125
2 0.72421875 0.5052083333333334 0.029687500000000002 0.05
2 0.757421875 0.53125 0.03515625 0.08958333333333333
2 0.78828125 0.5276041666666667 0.028125 0.103125
2 0.831640625 0.7359375 0.049218750000000006 0.178125
2 0.8636718750000001 0.6765625 0.041406250000000006 0.103125
2 0.8871093750000001 0.6072916666666667 0.039843750000000004 0.07083333333333333
2 0.808203125 0.6171875 0.032031250000000004 0.103125
2 0.8226562500000001 0.5807291666666666 0.028125 0.053125
2 0.883984375 0.5739583333333333 0.01640625 0.035416666666666666
2 0.828125 0.5208333333333334 0.029687500000000002 0.06666666666666667
2 0.8812500000000001 0.5255208333333333 0.0390625 0.07395833333333333
2 0.6371093750000001 0.4692708333333333 0.022656250000000003 0.046875
2 0.60546875 0.4765625 0.037500000000000006 0.036458333333333336
2 0.58046875 0.4640625 0.015625 0.03229166666666666
2 0.669921875 0.4510416666666667 0.025781250000000002 0.027083333333333334
2 0.663671875 0.48125 0.02421875 0.03958333333333333
2 0.6953125 0.4640625 0.0203125 0.040625
2 0.7117187500000001 0.4692708333333333 0.015625 0.040625
2 0.7503906250000001 0.46197916666666666 0.02734375 0.071875
2 0.8480468750000001 0.4713541666666667 0.017968750000000002 0.053125
2 0.866796875 0.4869791666666667 0.017968750000000002 0.065625
2 0.972265625 0.5104166666666666 0.03671875 0.09583333333333333
2 0.9890625000000001 0.5197916666666667 0.0171875 0.09375
2 0.983984375 0.6973958333333333 0.025781250000000002 0.18854166666666666
