0 0.4609375 0.5736111111111112 0.08125 0.35833333333333334
0 0.6546875000000001 0.5750000000000001 0.07187500000000001 0.3111111111111111
0 0.7585937500000001 0.7291666666666667 0.1203125 0.525
0 0.8187500000000001 0.7291666666666667 0.11875000000000001 0.5194444444444445
0 0.9500000000000001 0.6416666666666667 0.096875 0.48333333333333334
0 0.91796875 0.5902777777777778 0.07968750000000001 0.3527777777777778
0 0.54921875 0.5166666666666667 0.0390625 0.17777777777777778
0 0.56875 0.5236111111111111 0.040625 0.17500000000000002
0 0.2 0.43194444444444446 0.05625 0.25277777777777777
0 0.15625 0.4236111111111111 0.05625 0.25277777777777777
0 0.52578125 0.5194444444444445 0.035937500000000004 0.15555555555555556
1 0.35078125000000004 0.6791666666666667 0.1203125 0.525
2 0.02890625 0.42638888888888893 0.0578125 0.13055555555555556
2 0.0859375 0.4416666666666667 0.05625 0.11111111111111112
2 0.8304687500000001 0.4305555555555556 0.0328125 0.061111111111111116
4 0.5046875000000001 0.47361111111111115 0.05625 0.11388888888888889
4 0.42500000000000004 0.44583333333333336 0.043750000000000004 0.09166666666666667
