0 0.89453125 0.7773809523809525 0.11406250000000001 0.42619047619047623
0 0.77109375 0.7642857142857143 0.1078125 0.4
0 0.6796875 0.7797619047619049 0.09062500000000001 0.3404761904761905
0 0.59609375 0.7678571428571429 0.0859375 0.3261904761904762
0 0.52109375 0.7702380952380953 0.08281250000000001 0.3119047619047619
0 0.45859375 0.7595238095238096 0.07968750000000001 0.30000000000000004
0 0.39921875 0.7583333333333334 0.0734375 0.2785714285714286
0 0.3375 0.7607142857142858 0.06875 0.2642857142857143
0 0.284375 0.7642857142857143 0.0625 0.2380952380952381
0 0.23671875 0.7535714285714287 0.06406250000000001 0.2404761904761905
0 0.19921875 0.7511904761904763 0.06406250000000001 0.2404761904761905
0 0.1609375 0.7547619047619049 0.059375000000000004 0.22380952380952382
0 0.13671875 0.7571428571428572 0.051562500000000004 0.2
0 0.10625000000000001 0.7476190476190477 0.059375000000000004 0.21904761904761907
0 0.07109375 0.7571428571428572 0.051562500000000004 0.2
2 0.73359375 0.6797619047619048 0.051562500000000004 0.10238095238095239
2 0.66953125 0.6607142857142858 0.0203125 0.045238095238095244
2 0.625 0.686904761904762 0.040625 0.10238095238095239
2 0.5632812500000001 0.6797619047619048 0.035937500000000004 0.07857142857142858
2 0.43359375 0.7011904761904763 0.026562500000000003 0.10238095238095239
2 0.48359375000000004 0.6892857142857144 0.029687500000000002 0.0880952380952381
2 0.36640625000000004 0.6952380952380953 0.0328125 0.09047619047619049
2 0.3296875 0.6690476190476191 0.021875000000000002 0.03333333333333334
3 0.5945312500000001 0.46190476190476193 0.0890625 0.16666666666666669
