0 0.05269230769230769 0.7004175365344467 0.023846153846153847 0.08141962421711899
0 0.08846153846153847 0.6946764091858036 0.023076923076923078 0.07620041753653443
0 0.23615384615384616 0.7082463465553235 0.04153846153846154 0.13674321503131523
0 0.27384615384615385 0.7348643006263047 0.02 0.06889352818371607
0 0.31038461538461537 0.707724425887265 0.03461538461538462 0.11482254697286011
0 0.40192307692307694 0.6998956158663883 0.036153846153846154 0.12004175365344466
0 0.4296153846153846 0.7155532359081419 0.031538461538461536 0.10542797494780792
0 0.4492307692307692 0.703027139874739 0.03692307692307692 0.12212943632567848
0 0.6046153846153847 0.6805845511482254 0.033846153846153845 0.11482254697286011
0 0.7273076923076923 0.668580375782881 0.03307692307692308 0.11169102296450939
0 0.7584615384615384 0.7150313152400835 0.06461538461538462 0.2171189979123173
0 0.6588461538461539 0.6591858037578288 0.02076923076923077 0.06784968684759916
2 0.4338461538461538 0.650313152400835 0.021538461538461538 0.03549060542797494
2 0.7680769230769231 0.7531315240083507 0.04846153846153846 0.10960334029227556
3 0.9488461538461539 0.661795407098121 0.031538461538461536 0.10229645093945719
3 0.9673076923076923 0.6304801670146137 0.019230769230769232 0.08559498956158663
3 0.24307692307692308 0.5240083507306889 0.027692307692307693 0.050104384133611686
