0 0.30234375 0.6431924882629109 0.1078125 0.40375586854460094
0 0.4296875 0.5199530516431925 0.06875 0.2511737089201878
0 0.47421875 0.5129107981220657 0.06406250000000001 0.24178403755868544
0 0.50703125 0.5070422535211268 0.06406250000000001 0.23943661971830987
0 0.56015625 0.511737089201878 0.0546875 0.20657276995305165
0 0.6203125 0.5211267605633803 0.059375000000000004 0.22065727699530516
0 0.6859375000000001 0.5211267605633803 0.059375000000000004 0.215962441314554
0 0.77265625 0.511737089201878 0.06406250000000001 0.23943661971830987
0 0.846875 0.5176056338028169 0.06875 0.2605633802816901
0 0.9171875 0.47769953051643194 0.05 0.19014084507042253
0 0.8765625 0.4870892018779343 0.05 0.19014084507042253
0 0.821875 0.5023474178403756 0.053125000000000006 0.19248826291079812
0 0.184375 0.49413145539906106 0.037500000000000006 0.13849765258215962
0 0.16171875000000002 0.4800469483568075 0.035937500000000004 0.13380281690140847
0 0.1421875 0.4847417840375587 0.034375 0.12910798122065728
0 0.13125 0.4812206572769953 0.034375 0.1267605633802817
0 0.109375 0.48826291079812206 0.03125 0.11267605633802817
0 0.26640625 0.49178403755868544 0.0421875 0.1572769953051643
0 0.35234375 0.47769953051643194 0.0328125 0.12910798122065728
0 0.38046875 0.47300469483568075 0.0328125 0.11971830985915494
0 0.2265625 0.45539906103286387 0.021875000000000002 0.08450704225352113
0 0.31875000000000003 0.4859154929577465 0.034375 0.13145539906103287
0 0.72578125 0.45422535211267606 0.029687500000000002 0.11032863849765258
2 0.36796875 0.4178403755868545 0.0203125 0.046948356807511735
2 0.33359375 0.4272300469483568 0.0171875 0.03286384976525822
4 0.05625 0.4354460093896714 0.1125 0.03051643192488263
4 0.209375 0.44366197183098594 0.037500000000000006 0.07511737089201878
