0 0.325 0.6145833333333333 0.125 0.4270833333333333
0 0.449375 0.65625 0.12625 0.4305555555555555
0 0.231875 0.5807291666666666 0.12375 0.41840277777777773
0 0.785 0.6145833333333333 0.13 0.4409722222222222
0 0.64875 0.5911458333333333 0.12 0.4114583333333333
0 0.553125 0.5494791666666666 0.12125 0.4149305555555555
0 0.19125 0.39670138888888884 0.1125 0.3836805555555555
0 0.2775 0.4210069444444444 0.11 0.3732638888888889
0 0.37875000000000003 0.45138888888888884 0.115 0.3923611111111111
0 0.4675 0.35590277777777773 0.0975 0.3333333333333333
0 0.564375 0.3984375 0.10625 0.3663194444444444
0 0.665625 0.41232638888888884 0.10625 0.359375
0 0.21875 0.11284722222222221 0.0675 0.22569444444444442
0 0.170625 0.10503472222222221 0.06125 0.21006944444444442
0 0.139375 0.09982638888888888 0.058750000000000004 0.19965277777777776
0 0.08875 0.09201388888888888 0.055 0.18402777777777776
0 0.04 0.0859375 0.05 0.171875
0 0.328125 0.1171875 0.06625 0.22395833333333331
0 0.43125 0.10763888888888888 0.065 0.21527777777777776
0 0.5337500000000001 0.10503472222222221 0.0625 0.21006944444444442
0 0.655625 0.09027777777777778 0.05375 0.18055555555555555
0 0.764375 0.08506944444444443 0.04625 0.16319444444444445
0 0.855625 0.07725694444444443 0.043750000000000004 0.15104166666666666
0 0.94125 0.07552083333333333 0.0425 0.1440972222222222
