0 0.11041666666666668 0.7564814814814815 0.07083333333333333 0.23148148148148148
0 0.1798611111111111 0.6768518518518519 0.043055555555555555 0.1425925925925926
0 0.2 0.6703703703703704 0.04166666666666667 0.13703703703703704
0 0.23819444444444446 0.6842592592592592 0.051388888888888894 0.1685185185185185
0 0.26944444444444443 0.6888888888888889 0.03333333333333333 0.10740740740740741
0 0.28125 0.6333333333333333 0.043055555555555555 0.14074074074074075
0 0.3506944444444445 0.7268518518518519 0.04861111111111111 0.16481481481481483
0 0.4 0.7555555555555555 0.0638888888888889 0.21481481481481482
0 0.41875 0.7111111111111111 0.04861111111111111 0.15925925925925927
0 0.5159722222222223 0.6703703703703704 0.051388888888888894 0.16666666666666669
0 0.6375000000000001 0.8824074074074074 0.06944444444444445 0.2240740740740741
0 0.6604166666666667 0.700925925925926 0.051388888888888894 0.1685185185185185
0 0.607638888888889 0.6462962962962964 0.020833333333333336 0.07407407407407407
0 0.6305555555555555 0.6675925925925926 0.030555555555555558 0.09814814814814815
0 0.7152777777777778 0.65 0.036111111111111115 0.12222222222222223
0 0.7354166666666667 0.6287037037037038 0.0375 0.12407407407407407
0 0.7659722222222223 0.6648148148148149 0.05694444444444444 0.18888888888888888
0 0.7805555555555556 0.6787037037037037 0.05277777777777778 0.17222222222222222
0 0.8166666666666667 0.6953703703703704 0.061111111111111116 0.20185185185185187
0 0.8791666666666667 0.6657407407407407 0.05 0.1685185185185185
0 0.8520833333333334 0.5787037037037037 0.02361111111111111 0.08333333333333334
0 0.9652777777777778 0.5722222222222223 0.030555555555555558 0.10370370370370371
0 0.8395833333333333 0.5157407407407407 0.015277777777777779 0.053703703703703705
0 0.8638888888888889 0.5018518518518519 0.016666666666666666 0.05925925925925926
0 0.7965277777777778 0.5027777777777778 0.0125 0.0462962962962963
0 0.7555555555555555 0.45092592592592595 0.011111111111111112 0.04259259259259259
0 0.7375 0.45092592592592595 0.01388888888888889 0.0462962962962963
0 0.7138888888888889 0.45 0.01388888888888889 0.05185185185185186
2 0.043055555555555555 0.6675925925925926 0.05277777777777778 0.09444444444444444
2 0.019444444444444445 0.9500000000000001 0.03333333333333333 0.07037037037037037
2 0.5194444444444445 0.9101851851851852 0.07222222222222223 0.13518518518518519
2 0.525 0.675 0.022222222222222223 0.08703703703703704
2 0.8965277777777778 0.5407407407407407 0.020833333333333336 0.05555555555555556
2 0.9118055555555555 0.5351851851851852 0.015277777777777779 0.07407407407407407
4 0.17847222222222223 0.45740740740740743 0.35694444444444445 0.08888888888888889
4 0.5152777777777778 0.4527777777777778 0.13611111111111113 0.08333333333333334
4 0.6215277777777778 0.46111111111111114 0.07083333333333333 0.08888888888888889
4 0.6854166666666667 0.4620370370370371 0.05416666666666667 0.08333333333333334
4 0.9416666666666667 0.47870370370370374 0.11111111111111112 0.09074074074074075
4 0.826388888888889 0.45 0.10833333333333334 0.07407407407407407
