0 0.04833333333333334 0.3825 0.07666666666666667 0.28
0 0.2941666666666667 0.65 0.17500000000000002 0.64
0 0.0175 0.34125 0.035 0.1775
0 0.1675 0.33875 0.045000000000000005 0.1625
0 0.21250000000000002 0.34 0.045000000000000005 0.17
0 0.2808333333333333 0.34 0.04166666666666667 0.16
0 0.3241666666666667 0.3375 0.04166666666666667 0.15
0 0.38083333333333336 0.38125000000000003 0.06833333333333334 0.2575
0 0.44583333333333336 0.32375 0.04166666666666667 0.1525
0 0.48583333333333334 0.3325 0.04166666666666667 0.15
0 0.5658333333333334 0.34125 0.04166666666666667 0.1525
0 0.6241666666666668 0.3375 0.04833333333333334 0.17500000000000002
0 0.6541666666666667 0.33125 0.03833333333333334 0.1475
0 0.35500000000000004 0.1275 0.043333333333333335 0.16
2 0.8991666666666667 0.27 0.05166666666666667 0.145
2 0.5325000000000001 0.34750000000000003 0.055 0.095
2 0.44583333333333336 0.3875 0.05166666666666667 0.15
2 0.14083333333333334 0.34875 0.04833333333333334 0.0675
2 0.18916666666666668 0.3525 0.035 0.06
2 0.24500000000000002 0.34 0.02666666666666667 0.055
2 0.27416666666666667 0.335 0.025 0.055
2 0.07583333333333334 0.35000000000000003 0.03833333333333334 0.075
2 0.3016666666666667 0.1125 0.03666666666666667 0.11
2 0.3191666666666667 0.035 0.04166666666666667 0.07
2 0.33416666666666667 0.05375 0.021666666666666667 0.0825
2 0.3841666666666667 0.06625 0.03833333333333334 0.11750000000000001
2 0.4141666666666667 0.06875 0.03833333333333334 0.11750000000000001
