0 0.9116666666666667 0.6545226130653267 0.17333333333333334 0.6758793969849246
0 0.7608333333333334 0.6080402010050251 0.18833333333333335 0.6934673366834171
0 0.8583333333333334 0.5703517587939698 0.15333333333333335 0.5728643216080402
0 0.9375000000000001 0.6218592964824121 0.12166666666666667 0.7010050251256281
0 0.6541666666666667 0.5728643216080402 0.15166666666666667 0.5577889447236181
0 0.555 0.5766331658291457 0.13333333333333333 0.49497487437185933
0 0.4658333333333334 0.5703517587939698 0.125 0.46733668341708545
0 0.42333333333333334 0.550251256281407 0.11666666666666667 0.4271356783919598
0 0.36833333333333335 0.5301507537688442 0.11 0.4020100502512563
0 0.3441666666666667 0.5150753768844221 0.09166666666666667 0.34673366834170855
0 0.325 0.5037688442211056 0.09333333333333334 0.3442211055276382
0 0.29333333333333333 0.5012562814070352 0.08666666666666667 0.3241206030150754
0 0.25916666666666666 0.5062814070351759 0.07500000000000001 0.27386934673366836
0 0.1925 0.47613065326633164 0.065 0.23869346733668342
0 0.23500000000000001 0.47110552763819097 0.06333333333333334 0.23869346733668342
0 0.08750000000000001 0.4510050251256281 0.04833333333333334 0.18341708542713567
0 0.5241666666666667 0.5552763819095478 0.10833333333333334 0.4020100502512563
2 0.5983333333333334 0.3768844221105528 0.04666666666666667 0.09547738693467336
2 0.7116666666666667 0.3693467336683417 0.043333333333333335 0.09547738693467336
2 0.4966666666666667 0.37185929648241206 0.03333333333333333 0.08040201005025126
2 0.3983333333333334 0.38190954773869346 0.03333333333333333 0.07537688442211056
