0 0.06791666666666667 0.3325 0.0175 0.0675
0 0.10708333333333334 0.39875 0.029166666666666667 0.1075
0 0.11333333333333334 0.38875 0.028333333333333335 0.105
0 0.13458333333333333 0.37625000000000003 0.0275 0.1
0 0.1691666666666667 0.30625 0.02 0.075
0 0.18458333333333335 0.30375 0.02416666666666667 0.08750000000000001
0 0.34500000000000003 0.295625 0.021666666666666667 0.08375
0 0.50375 0.31 0.02416666666666667 0.09
0 0.5487500000000001 0.333125 0.02416666666666667 0.09125
0 0.5954166666666667 0.398125 0.025833333333333337 0.09625
0 0.5258333333333334 0.494375 0.03333333333333333 0.12125
0 0.29708333333333337 0.6118750000000001 0.037500000000000006 0.14125000000000001
0 0.30375 0.5387500000000001 0.035833333333333335 0.13
0 0.24291666666666667 0.8575 0.050833333333333335 0.1875
0 0.20750000000000002 0.8425 0.05 0.1875
0 0.16541666666666668 0.851875 0.04916666666666667 0.17875
0 0.17208333333333334 0.8200000000000001 0.04583333333333334 0.1675
0 0.10833333333333334 0.645625 0.03833333333333334 0.14375000000000002
0 0.07833333333333334 0.661875 0.030000000000000002 0.10875
0 0.04916666666666667 0.628125 0.035 0.13125
0 0.03291666666666667 0.6118750000000001 0.025833333333333337 0.09625
0 0.15000000000000002 0.496875 0.03333333333333333 0.12125
0 0.12833333333333335 0.49312500000000004 0.028333333333333335 0.10625
0 0.10375000000000001 0.49562500000000004 0.029166666666666667 0.11125
0 0.7591666666666668 0.31875000000000003 0.02 0.0775
0 0.7545833333333334 0.43 0.030833333333333334 0.115
0 0.8441666666666667 0.366875 0.025 0.09625
0 0.8533333333333334 0.30625 0.02 0.0775
0 0.9141666666666667 0.3025 0.02 0.0775
0 0.7866666666666667 0.8250000000000001 0.04666666666666667 0.17
0 0.81125 0.7975 0.035833333333333335 0.13
0 0.8325 0.829375 0.04666666666666667 0.17375000000000002
0 0.7116666666666667 0.31125 0.02 0.0725
0 0.20833333333333334 0.40875 0.028333333333333335 0.105
1 0.018333333333333333 0.248125 0.015000000000000001 0.058750000000000004
1 0.04708333333333334 0.251875 0.01916666666666667 0.07125000000000001
1 0.1691666666666667 0.351875 0.023333333333333334 0.08875
1 0.34458333333333335 0.375625 0.025833333333333337 0.09625
1 0.30791666666666667 0.3325 0.020833333333333336 0.075
1 0.30000000000000004 0.33125 0.021666666666666667 0.0825
1 0.29375 0.31125 0.01916666666666667 0.07
1 0.22625 0.6843750000000001 0.0425 0.15875
1 0.3804166666666667 0.7625000000000001 0.04416666666666667 0.165
1 0.6687500000000001 0.49062500000000003 0.025833333333333337 0.09875
1 0.8854166666666667 0.313125 0.0175 0.06625
1 0.6066666666666667 0.296875 0.02 0.07375
1 0.5566666666666668 0.295625 0.021666666666666667 0.07875
1 0.04875 0.73625 0.04416666666666667 0.165
1 0.015833333333333335 0.81125 0.03166666666666667 0.17500000000000002
1 0.22125 0.491875 0.037500000000000006 0.13625
1 0.6054166666666667 0.3025 0.01916666666666667 0.0725
2 0.38958333333333334 0.28500000000000003 0.015833333333333335 0.0525
2 0.46166666666666667 0.5750000000000001 0.03833333333333334 0.065
2 0.23083333333333333 0.149375 0.025 0.04875
2 0.6779166666666667 0.42812500000000003 0.0175 0.04875
2 0.7308333333333333 0.406875 0.023333333333333334 0.03875
2 0.044583333333333336 0.39437500000000003 0.0175 0.03375
2 0.018750000000000003 0.3925 0.022500000000000003 0.045
2 0.06541666666666666 0.374375 0.025833333333333337 0.04875
2 0.05541666666666667 0.3825 0.02416666666666667 0.0375
2 0.06875 0.393125 0.01916666666666667 0.04125
2 0.03416666666666667 0.335625 0.030000000000000002 0.051250000000000004
2 0.2341666666666667 0.26875 0.025 0.04
2 0.21166666666666667 0.34750000000000003 0.021666666666666667 0.03
2 0.22875 0.350625 0.022500000000000003 0.02875
2 0.16375 0.315 0.015833333333333335 0.035
