0 0.6783333333333333 0.6306818181818182 0.1988888888888889 0.7094155844155845
0 0.8927777777777778 0.6420454545454546 0.19666666666666666 0.6996753246753247
0 0.8177777777777778 0.450487012987013 0.12444444444444444 0.44967532467532473
0 0.9238888888888889 0.4318181818181818 0.13 0.4642857142857143
0 0.2916666666666667 0.6517857142857143 0.18777777777777777 0.6704545454545455
0 0.07388888888888889 0.5535714285714286 0.14777777777777779 0.5357142857142857
0 0.7488888888888889 0.4228896103896104 0.08 0.28733766233766234
0 0.4888888888888889 0.627435064935065 0.2088888888888889 0.7418831168831169
0 0.12944444444444445 0.35633116883116883 0.058888888888888886 0.21266233766233766
0 0.16777777777777778 0.3717532467532468 0.06666666666666667 0.24350649350649353
0 0.017777777777777778 0.22483766233766236 0.035555555555555556 0.1801948051948052
2 0.7561111111111111 0.2702922077922078 0.025555555555555557 0.08928571428571429
2 0.705 0.2573051948051948 0.027777777777777776 0.06331168831168832
2 0.9827777777777778 0.25892857142857145 0.021111111111111112 0.05681818181818182
2 0.3711111111111111 0.27272727272727276 0.04 0.07467532467532469
2 0.4222222222222222 0.3060064935064935 0.044444444444444446 0.09253246753246754
2 0.24166666666666667 0.275974025974026 0.03222222222222222 0.061688311688311695
2 0.20833333333333334 0.2637987012987013 0.04111111111111111 0.053571428571428575
2 0.0961111111111111 0.28733766233766234 0.04555555555555556 0.07792207792207792
2 0.8588888888888889 0.2670454545454546 0.04666666666666667 0.07305194805194806
2 0.3372222222222222 0.2605519480519481 0.03 0.06655844155844157
2 0.30777777777777776 0.24675324675324678 0.022222222222222223 0.048701298701298704
4 0.7316666666666667 0.21834415584415587 0.043333333333333335 0.03733766233766234
4 0.7977777777777778 0.21347402597402598 0.042222222222222223 0.030844155844155847
