0 0.095 0.6983333333333334 0.075 0.2566666666666667
0 0.1475 0.6866666666666668 0.07 0.23333333333333334
0 0.2125 0.7733333333333334 0.115 0.37333333333333335
0 0.41375 0.8133333333333334 0.10250000000000001 0.34
0 0.5475 0.7966666666666667 0.115 0.38
0 0.71375 0.7783333333333334 0.1075 0.3566666666666667
0 0.7887500000000001 0.7266666666666667 0.0825 0.2733333333333334
0 0.8625 0.6966666666666667 0.07 0.24000000000000002
0 0.82375 0.68 0.0625 0.2066666666666667
0 0.7575000000000001 0.6666666666666667 0.06 0.19333333333333336
0 0.65375 0.6616666666666667 0.0525 0.18333333333333335
0 0.5962500000000001 0.6366666666666667 0.0475 0.16
0 0.50375 0.6516666666666667 0.0525 0.17
0 0.44875 0.6566666666666667 0.0525 0.18000000000000002
0 0.3425 0.7116666666666667 0.07 0.2366666666666667
0 0.3275 0.6783333333333333 0.065 0.21666666666666667
0 0.25625 0.66 0.0475 0.16666666666666669
0 0.9525 0.6950000000000001 0.07 0.2366666666666667
0 0.975 0.66 0.045 0.16666666666666669
4 0.02125 0.6016666666666667 0.0425 0.09000000000000001
4 0.1625 0.5850000000000001 0.035 0.07666666666666667
4 0.275 0.5866666666666667 0.08 0.1
4 0.37875000000000003 0.5750000000000001 0.0775 0.05666666666666667
4 0.89625 0.5833333333333334 0.0775 0.08
