0 0.11111111111111112 0.2699784017278618 0.18300653594771243 0.44060475161987045
0 0.17755991285403053 0.7894168466522679 0.159041394335512 0.39092872570194387
0 0.4705882352941177 0.7742980561555076 0.1786492374727669 0.43412526997840173
0 0.46514161220043576 0.2570194384449244 0.18954248366013074 0.4622030237580994
0 0.7603485838779958 0.15442764578833695 0.12636165577342048 0.3045356371490281
0 0.8823529411764707 0.2429805615550756 0.20043572984749458 0.4859611231101512
0 0.8453159041394336 0.8034557235421167 0.13507625272331156 0.3326133909287257
0 0.9488017429193901 0.07667386609071275 0.04575163398692811 0.1144708423326134
0 0.9705882352941178 0.08639308855291578 0.04575163398692811 0.11663066954643629
0 0.9782135076252724 0.10799136069114472 0.03921568627450981 0.15550755939524838
2 0.7004357298474946 0.24514038876889852 0.05882352941176471 0.43844492440604754
2 0.8159041394335512 0.0734341252699784 0.032679738562091505 0.10367170626349892
