0 0.07100000000000001 0.7245508982035929 0.114 0.4251497005988024
0 0.053 0.6302395209580839 0.09 0.3383233532934132
0 0.17400000000000002 0.5793413173652695 0.084 0.31437125748503
0 0.192 0.4041916167664671 0.052000000000000005 0.19161676646706588
0 0.276 0.5389221556886228 0.08 0.29940119760479045
0 0.261 0.6482035928143713 0.094 0.344311377245509
0 0.341 0.5553892215568863 0.07 0.26047904191616766
0 0.375 0.7395209580838323 0.11 0.4131736526946108
0 0.452 0.5479041916167665 0.076 0.28742514970059885
0 0.527 0.6452095808383234 0.098 0.35628742514970063
0 0.581 0.5988023952095809 0.09 0.3293413173652695
0 0.679 0.5598802395209581 0.082 0.30538922155688625
0 0.741 0.7574850299401198 0.114 0.4251497005988024
0 0.809 0.6676646706586826 0.10200000000000001 0.37724550898203596
0 0.853 0.6227544910179641 0.10200000000000001 0.38323353293413176
0 0.928 0.5853293413173654 0.1 0.36227544910179643
0 0.971 0.4176646706586827 0.054 0.22455089820359284
0 0.9540000000000001 0.41467065868263475 0.052000000000000005 0.18862275449101798
0 0.924 0.4101796407185629 0.052000000000000005 0.19760479041916168
0 0.887 0.4116766467065868 0.054 0.19461077844311378
0 0.838 0.42065868263473055 0.048 0.17664670658682635
0 0.811 0.4176646706586827 0.05 0.18862275449101798
0 0.78 0.4161676646706587 0.048 0.18562874251497008
0 0.758 0.42215568862275454 0.052000000000000005 0.19760479041916168
0 0.734 0.41467065868263475 0.044 0.17065868263473055
0 0.71 0.4311377245508982 0.048 0.17964071856287425
0 0.6920000000000001 0.4161676646706587 0.048 0.18562874251497008
0 0.648 0.40269461077844315 0.044 0.17065868263473055
0 0.618 0.4131736526946108 0.052000000000000005 0.19760479041916168
0 0.591 0.405688622754491 0.054 0.19461077844311378
0 0.5660000000000001 0.4101796407185629 0.048 0.17964071856287425
0 0.525 0.4176646706586827 0.054 0.20059880239520958
0 0.47700000000000004 0.40868263473053895 0.05 0.18263473053892218
0 0.505 0.40269461077844315 0.046 0.17664670658682635
0 0.43 0.41467065868263475 0.052000000000000005 0.18862275449101798
0 0.40700000000000003 0.40868263473053895 0.046 0.17065868263473055
0 0.379 0.4101796407185629 0.046 0.17365269461077845
0 0.357 0.4041916167664671 0.042 0.16167664670658682
0 0.32 0.4191616766467066 0.04 0.14970059880239522
0 0.544 0.4101796407185629 0.048 0.17365269461077845
0 0.298 0.4251497005988024 0.04 0.14371257485029942
0 0.264 0.39520958083832336 0.044 0.16167664670658682
2 0.983 0.282934131736527 0.018000000000000002 0.062874251497006
2 0.963 0.27395209580838326 0.03 0.0688622754491018
2 0.9410000000000001 0.2754491017964072 0.03 0.07185628742514971
2 0.902 0.2979041916167665 0.028 0.038922155688622756
2 0.873 0.3098802395209581 0.038 0.04491017964071856
2 0.856 0.32485029940119764 0.036000000000000004 0.02694610778443114
2 0.8270000000000001 0.3068862275449102 0.018000000000000002 0.038922155688622756
2 0.801 0.3038922155688623 0.03 0.038922155688622756
2 0.779 0.3098802395209581 0.034 0.038922155688622756
2 0.752 0.3038922155688623 0.024 0.05089820359281438
2 0.729 0.3098802395209581 0.03 0.05089820359281438
2 0.686 0.3158682634730539 0.036000000000000004 0.03293413173652695
2 0.639 0.3203592814371258 0.034 0.05389221556886228
2 0.598 0.32335329341317365 0.028 0.05389221556886228
2 0.538 0.3023952095808383 0.036000000000000004 0.04790419161676647
2 0.51 0.2964071856287425 0.02 0.035928143712574856
2 0.452 0.3338323353293413 0.028 0.056886227544910184
2 0.394 0.3218562874251497 0.024 0.038922155688622756
2 0.418 0.30538922155688625 0.024 0.035928143712574856
2 0.333 0.33682634730538924 0.03 0.038922155688622756
2 0.308 0.3293413173652695 0.024 0.035928143712574856
2 0.28 0.3218562874251497 0.036000000000000004 0.05089820359281438
2 0.224 0.31886227544910184 0.028 0.03293413173652695
2 0.231 0.3592814371257485 0.03 0.04191616766467066
2 0.178 0.3023952095808383 0.024 0.04191616766467066
2 0.163 0.30538922155688625 0.018000000000000002 0.029940119760479042
2 0.14300000000000002 0.3158682634730539 0.03 0.056886227544910184
2 0.105 0.3293413173652695 0.03 0.035928143712574856
2 0.014 0.3383233532934132 0.028 0.0658682634730539
2 0.038 0.3293413173652695 0.02 0.04191616766467066
2 0.056 0.3203592814371258 0.02 0.04191616766467066
2 0.078 0.3278443113772455 0.024 0.04491017964071856
2 0.01 0.42065868263473055 0.02 0.09880239520958084
2 0.033 0.405688622754491 0.018000000000000002 0.10479041916167665
2 0.069 0.4191616766467066 0.03 0.08982035928143713
2 0.092 0.4326347305389222 0.024 0.09281437125748504
2 0.11 0.4191616766467066 0.024 0.08383233532934133
2 0.139 0.4191616766467066 0.026000000000000002 0.08383233532934133
2 0.131 0.35628742514970063 0.018000000000000002 0.04191616766467066
2 0.149 0.36377245508982037 0.026000000000000002 0.056886227544910184
2 0.17200000000000001 0.405688622754491 0.024 0.056886227544910184
2 0.17400000000000002 0.35179640718562877 0.032 0.056886227544910184
2 0.234 0.4131736526946108 0.036000000000000004 0.04790419161676647
2 0.215 0.4296407185628743 0.026000000000000002 0.062874251497006
