0 0.04666666666666667 0.72 0.09333333333333334 0.53
0 0.07500000000000001 0.7425 0.09333333333333334 0.35000000000000003
0 0.125 0.545 0.04666666666666667 0.17
0 0.10416666666666667 0.53625 0.045000000000000005 0.17250000000000001
0 0.26333333333333336 0.70625 0.14333333333333334 0.5325
0 0.43083333333333335 0.6825 0.16833333333333333 0.625
0 0.555 0.71625 0.11666666666666667 0.4275
0 0.505 0.71 0.11 0.405
0 0.6216666666666667 0.7000000000000001 0.09333333333333334 0.34500000000000003
0 0.6875 0.69875 0.15166666666666667 0.5625
0 0.8308333333333334 0.68 0.12833333333333335 0.47000000000000003
0 0.9366666666666668 0.6637500000000001 0.09666666666666668 0.3525
0 0.8875000000000001 0.65 0.065 0.24
0 0.9750000000000001 0.65625 0.04666666666666667 0.2725
0 0.7858333333333334 0.67 0.06166666666666667 0.23
0 0.058333333333333334 0.525 0.04666666666666667 0.17500000000000002
2 0.16083333333333336 0.5425 0.025 0.06
2 0.19583333333333336 0.53 0.028333333333333335 0.09
2 0.22083333333333335 0.545 0.025 0.055
2 0.3241666666666667 0.545 0.025 0.06
2 0.36500000000000005 0.54875 0.04 0.0525
2 0.5691666666666667 0.5525 0.028333333333333335 0.04
2 0.6008333333333333 0.5525 0.021666666666666667 0.04
2 0.7150000000000001 0.48875 0.013333333333333334 0.0325
2 0.7266666666666667 0.495 0.013333333333333334 0.035
2 0.7391666666666667 0.5125 0.011666666666666667 0.025
2 0.7591666666666668 0.51375 0.015000000000000001 0.0175
2 0.7675000000000001 0.55625 0.018333333333333333 0.0475
2 0.7758333333333334 0.5225 0.018333333333333333 0.04
2 0.7933333333333333 0.5225 0.013333333333333334 0.03
4 0.9133333333333334 0.55375 0.04 0.0475
4 0.9658333333333334 0.55 0.028333333333333335 0.05
