0 0.4241666666666667 0.47375 0.22166666666666668 0.8175
0 0.5666666666666667 0.4875 0.15333333333333335 0.56
0 0.66 0.47125 0.11 0.4025
0 0.7775000000000001 0.48875 0.09166666666666667 0.3375
0 0.9591666666666667 0.49 0.06833333333333334 0.25
0 0.05166666666666667 0.45875 0.08333333333333334 0.3125
0 0.085 0.47125 0.07666666666666667 0.28750000000000003
0 0.17250000000000001 0.4675 0.07500000000000001 0.275
0 0.2516666666666667 0.45625 0.07666666666666667 0.28750000000000003
0 0.2916666666666667 0.48875 0.043333333333333335 0.1575
0 0.34750000000000003 0.48875 0.035 0.1275
0 0.32833333333333337 0.495 0.03666666666666667 0.135
0 0.27416666666666667 0.49375 0.03833333333333334 0.14250000000000002
0 0.21416666666666667 0.48 0.045000000000000005 0.17
0 0.11333333333333334 0.47750000000000004 0.04666666666666667 0.18
0 0.14416666666666667 0.48375 0.04166666666666667 0.1575
0 0.0175 0.4875 0.035 0.18
0 0.3666666666666667 0.495 0.03333333333333333 0.12
0 0.5058333333333334 0.49125 0.025 0.0975
0 0.5225000000000001 0.4925 0.025 0.09
0 0.54 0.49625 0.023333333333333334 0.0925
0 0.8566666666666667 0.49125 0.016666666666666666 0.0675
2 0.7316666666666667 0.495 0.08 0.09
2 0.8758333333333334 0.48875 0.10833333333333334 0.0675
2 0.9808333333333334 0.485 0.03166666666666667 0.08
