0 0.09799999999999999 0.811 0.06 0.222
0 0.12933333333333333 0.669 0.048 0.178
0 0.144 0.635 0.04533333333333333 0.166
0 0.19333333333333333 0.759 0.06133333333333333 0.23
0 0.31066666666666665 0.6890000000000001 0.056 0.20600000000000002
0 0.37466666666666665 0.734 0.056 0.212
0 0.4673333333333333 0.728 0.06 0.224
0 0.49666666666666665 0.764 0.06 0.22
0 0.5553333333333333 0.756 0.07066666666666667 0.26
0 0.8206666666666667 0.8160000000000001 0.05733333333333333 0.212
0 0.8986666666666666 0.8160000000000001 0.056 0.20800000000000002
0 0.5853333333333333 0.838 0.04533333333333333 0.17200000000000001
