0 0.023636363636363636 0.5313351498637602 0.04727272727272727 0.2833787465940054
0 0.1690909090909091 0.6348773841961852 0.17454545454545456 0.6376021798365122
0 0.24363636363636362 0.5054495912806539 0.06545454545454546 0.23705722070844687
0 0.38272727272727275 0.5408719346049046 0.2381818181818182 0.8801089918256131
0 0.5509090909090909 0.553133514986376 0.1781818181818182 0.659400544959128
0 0.6245454545454545 0.5286103542234333 0.12181818181818181 0.4523160762942779
0 0.6709090909090909 0.5081743869209809 0.08 0.30245231607629425
0 0.7381818181818182 0.44550408719346046 0.025454545454545455 0.10081743869209808
0 0.8127272727272727 0.4536784741144414 0.025454545454545455 0.09536784741144413
0 0.9036363636363637 0.4523160762942779 0.03636363636363636 0.13623978201634876
0 0.2581818181818182 0.46866485013623976 0.03636363636363636 0.13623978201634876
3 0.6918181818181818 0.6185286103542235 0.08545454545454545 0.13623978201634876
