0 0.025510204081632654 0.5206738131699847 0.05102040816326531 0.10719754977029097
0 0.09285714285714286 0.5153139356814701 0.05510204081632654 0.10260336906584992
0 0.25918367346938775 0.5237366003062788 0.0489795918367347 0.09188361408882083
0 0.28775510204081634 0.5199081163859112 0.04081632653061225 0.07503828483920368
0 0.31836734693877555 0.5183767228177641 0.036734693877551024 0.07197549770290965
0 0.3612244897959184 0.5130168453292496 0.02448979591836735 0.04900459418070444
0 0.38367346938775515 0.5130168453292496 0.028571428571428574 0.05819295558958652
0 0.40510204081632656 0.5275650842266463 0.04693877551020409 0.09035222052067382
0 0.4459183673469388 0.5214395099540582 0.030612244897959186 0.056661562021439515
0 0.4867346938775511 0.5222052067381318 0.04693877551020409 0.0888208269525268
0 0.5204081632653061 0.5375191424196019 0.0816326530612245 0.15007656967840735
0 0.5826530612244899 0.5344563552833078 0.05102040816326531 0.09800918836140889
0 0.6785714285714286 0.5298621745788668 0.03469387755102041 0.06431852986217458
0 0.6153061224489796 0.5245022970903522 0.03469387755102041 0.06278713629402757
0 0.7969387755102042 0.5712098009188362 0.09591836734693879 0.17457886676875958
2 0.8571428571428572 0.5068912710566615 0.05714285714285715 0.06431852986217458
2 0.9744897959183675 0.49387442572741197 0.04285714285714286 0.06584992343032159
2 0.4316326530612245 0.7955589586523737 0.46326530612244904 0.3966309341500766
