0 0.106 0.62 0.212 0.7386666666666667
0 0.17500000000000002 0.5533333333333333 0.194 0.632
0 0.231 0.5106666666666666 0.15 0.488
0 0.276 0.4706666666666667 0.12 0.39199999999999996
0 0.396 0.632 0.216 0.704
0 0.644 0.62 0.232 0.7546666666666666
0 0.8270000000000001 0.568 0.17 0.5599999999999999
0 0.905 0.6133333333333333 0.186 0.752
0 0.757 0.516 0.138 0.45599999999999996
0 0.586 0.576 0.17200000000000001 0.5653333333333334
0 0.559 0.5213333333333333 0.146 0.48266666666666663
0 0.712 0.476 0.124 0.41333333333333333
2 0.322 0.31066666666666665 0.032 0.06133333333333333
2 0.508 0.31466666666666665 0.032 0.048
