0 0.43629032258064515 0.6843373493975904 0.1532258064516129 0.5638554216867471
0 0.582258064516129 0.6710843373493977 0.16129032258064516 0.5951807228915663
0 0.6645161290322581 0.6361445783132531 0.14193548387096774 0.5204819277108435
0 0.7653225806451613 0.6096385542168675 0.10483870967741936 0.3903614457831326
0 0.825 0.5867469879518072 0.09193548387096774 0.33975903614457836
0 0.8459677419354839 0.5662650602409639 0.08548387096774193 0.31807228915662655
0 0.6782258064516129 0.42168674698795183 0.15 0.5445783132530121
0 0.4564516129032258 0.23493975903614459 0.041935483870967745 0.16144578313253014
0 0.43629032258064515 0.21807228915662652 0.04032258064516129 0.15180722891566267
0 0.4104838709677419 0.2168674698795181 0.05 0.1879518072289157
0 0.36451612903225805 0.21204819277108436 0.041935483870967745 0.15903614457831328
0 0.33548387096774196 0.1891566265060241 0.054838709677419356 0.2
0 0.2903225806451613 0.19397590361445785 0.054838709677419356 0.20481927710843376
0 0.24596774193548387 0.16626506024096388 0.06612903225806452 0.2457831325301205
0 0.175 0.13373493975903616 0.06935483870967742 0.25783132530120484
0 0.12338709677419354 0.12891566265060242 0.06612903225806452 0.24819277108433738
0 0.04596774193548387 0.10963855421686748 0.05967741935483871 0.21927710843373496
