0 0.35000000000000003 0.5083333333333334 0.075 0.2566666666666667
0 0.425 0.44833333333333336 0.075 0.24333333333333335
0 0.505 0.465 0.08 0.26333333333333336
0 0.6225 0.47000000000000003 0.095 0.31333333333333335
0 0.6875 0.49000000000000005 0.105 0.34
0 0.8125 0.4916666666666667 0.115 0.38333333333333336
0 0.9400000000000001 0.5116666666666667 0.115 0.4033333333333334
0 0.86375 0.44333333333333336 0.0725 0.24666666666666667
0 0.73625 0.40166666666666667 0.0525 0.17
0 0.555 0.3916666666666667 0.045 0.15000000000000002
0 0.28 0.445 0.045 0.15666666666666668
0 0.33 0.4083333333333334 0.055 0.18333333333333335
0 0.47125 0.42833333333333334 0.0575 0.19666666666666668
0 0.59875 0.4116666666666667 0.0475 0.16333333333333333
0 0.88875 0.3866666666666667 0.0475 0.15333333333333335
0 0.2025 0.41000000000000003 0.035 0.11333333333333334
0 0.1525 0.4116666666666667 0.03 0.09666666666666668
0 0.10250000000000001 0.4116666666666667 0.025 0.09000000000000001
0 0.0775 0.4166666666666667 0.03 0.1
0 0.30875 0.4116666666666667 0.0325 0.11666666666666667
0 0.385 0.3983333333333334 0.03 0.10333333333333335
0 0.36625 0.4 0.0325 0.10666666666666667
0 0.525 0.39 0.035 0.12000000000000001
0 0.2325 0.4 0.025 0.08
0 0.25 0.4066666666666667 0.035 0.11333333333333334
0 0.18 0.3983333333333334 0.025 0.09000000000000001
0 0.12625 0.40166666666666667 0.0225 0.07666666666666667
