0 0.9165885660731021 0.713032581453634 0.09934395501405811 0.3283208020050125
0 0.8748828491096533 0.6729323308270676 0.09653233364573571 0.3182957393483709
0 0.8003748828491096 0.6948621553884712 0.09372071227741331 0.3070175438596491
0 0.950796626054358 0.6911027568922306 0.09653233364573571 0.3220551378446115
0 0.8345829428303655 0.5407268170426065 0.06466729147141519 0.21428571428571427
0 0.96485473289597 0.5513784461152882 0.06841611996251172 0.23057644110275688
0 0.9634489222118088 0.7042606516290726 0.07122774133083412 0.3558897243107769
0 0.6466729147141519 0.6848370927318296 0.09746954076850985 0.3170426065162907
0 0.6710402999062793 0.6654135338345865 0.09184629803186505 0.3032581453634085
0 0.5923149015932522 0.6560150375939849 0.07872539831302718 0.2593984962406015
0 0.5538894095595127 0.6604010025062657 0.07122774133083412 0.23308270676691728
0 0.5032802249297095 0.6578947368421052 0.07497656982193066 0.24561403508771928
0 0.4873477038425492 0.6779448621553884 0.08059981255857544 0.2656641604010025
0 0.3725398313027179 0.637844611528822 0.06279287722586692 0.20551378446115287
0 0.3425492033739457 0.631578947368421 0.06654170571696345 0.21804511278195488
0 0.2755388940955951 0.62531328320802 0.05435801312089972 0.18045112781954886
0 0.21743205248359887 0.62531328320802 0.046860356138706656 0.15288220551378445
0 0.190253045923149 0.6240601503759398 0.04311152764761012 0.14035087719298245
0 0.04920337394564199 0.6234335839598997 0.036551077788191194 0.11904761904761904
0 0.06888472352389878 0.6209273182957393 0.03280224929709466 0.11152882205513784
2 0.015932521087160263 0.5708020050125313 0.01499531396438613 0.023809523809523808
2 0.03233364573570759 0.568922305764411 0.01780693533270853 0.022556390977443608
2 0.05716963448922212 0.5582706766917293 0.01499531396438613 0.023809523809523808
2 0.09840674789128398 0.568922305764411 0.02436738519212746 0.040100250626566414
2 0.11996251171508904 0.575187969924812 0.011246485473289597 0.03007518796992481
2 0.1373008434864105 0.5714285714285714 0.01780693533270853 0.040100250626566414
2 0.15370196813495782 0.5902255639097744 0.026241799437675725 0.05012531328320802
2 0.2511715089034677 0.5601503759398496 0.018744142455482664 0.03258145363408521
2 0.3725398313027179 0.5269423558897243 0.01780693533270853 0.02882205513784461
2 0.39971883786316775 0.5231829573934836 0.029053420805998126 0.046365914786967416
2 0.4372071227741331 0.5244360902255639 0.01780693533270853 0.03884711779448621
2 0.47985004686035615 0.5256892230576441 0.02999062792877226 0.041353383458646614
2 0.6218369259606373 0.5319548872180451 0.02155576382380506 0.03884711779448621
