0 0.085 0.7475 0.043333333333333335 0.165
0 0.09916666666666667 0.74375 0.055 0.2025
0 0.12833333333333335 0.7312500000000001 0.06333333333333334 0.2325
0 0.165 0.7325 0.08666666666666667 0.32
0 0.2566666666666667 0.71 0.12333333333333334 0.45
0 0.47000000000000003 0.63875 0.19333333333333336 0.7075
0 0.8775000000000001 0.615 0.13833333333333334 0.515
0 0.7300000000000001 0.6475 0.07 0.255
0 0.6658333333333334 0.64875 0.04833333333333334 0.1825
0 0.5433333333333333 0.665 0.09666666666666668 0.355
0 0.3916666666666667 0.7025 0.07 0.255
0 0.31583333333333335 0.7075 0.055 0.20500000000000002
0 0.2783333333333334 0.71125 0.030000000000000002 0.1125
0 0.21916666666666668 0.7375 0.03833333333333334 0.14
0 0.18833333333333335 0.735 0.030000000000000002 0.115
0 0.3466666666666667 0.71375 0.03333333333333333 0.1225
0 0.6316666666666667 0.67 0.02666666666666667 0.1
0 0.6141666666666667 0.675 0.021666666666666667 0.085
0 0.6991666666666667 0.65 0.028333333333333335 0.11
0 0.7625000000000001 0.64 0.04166666666666667 0.155
0 0.7791666666666667 0.64 0.028333333333333335 0.11
0 0.9725 0.6012500000000001 0.045000000000000005 0.1625
