0 0.03047839506172839 0.5299586776859504 0.046296296296296294 0.15082644628099173
0 0.08468364197530864 0.5340909090909091 0.05439814814814815 0.17768595041322316
0 0.10300925925925926 0.5382231404958678 0.05709876543209876 0.18801652892561985
0 0.13348765432098764 0.5426136363636364 0.045524691358024685 0.1503099173553719
0 0.18055555555555555 0.5353822314049587 0.045524691358024685 0.1503099173553719
0 0.14756944444444445 0.5289256198347108 0.04591049382716049 0.1518595041322314
0 0.15605709876543208 0.5266012396694215 0.04513888888888889 0.1472107438016529
0 0.1896219135802469 0.5103305785123967 0.03665123456790123 0.12086776859504132
0 0.20987654320987653 0.503099173553719 0.033950617283950615 0.1115702479338843
0 0.22415123456790123 0.518853305785124 0.040123456790123455 0.13171487603305784
0 0.2503858024691358 0.5247933884297521 0.042438271604938266 0.14049586776859505
0 0.2864583333333333 0.5258264462809917 0.03742283950617284 0.121900826446281
0 0.27932098765432095 0.48889462809917356 0.03009259259259259 0.0996900826446281
0 0.3055555555555555 0.5147210743801653 0.043209876543209874 0.1410123966942149
0 0.32426697530864196 0.5193698347107438 0.03819444444444444 0.12551652892561985
0 0.34355709876543206 0.5152376033057852 0.04128086419753086 0.13584710743801653
0 0.35416666666666663 0.5165289256198348 0.035493827160493825 0.11570247933884298
0 0.3732638888888889 0.4943181818181818 0.028935185185185182 0.09400826446280992
0 0.3829089506172839 0.49793388429752067 0.03279320987654321 0.10743801652892562
0 0.41030092592592593 0.5064566115702479 0.02970679012345679 0.09659090909090909
0 0.011959876543209876 0.48398760330578516 0.023919753086419752 0.08574380165289257
0 0.3140432098765432 0.4997417355371901 0.03317901234567901 0.10795454545454546
0 0.431520061728395 0.49173553719008267 0.022762345679012343 0.0743801652892562
0 0.4430941358024691 0.4943181818181818 0.02816358024691358 0.09297520661157024
0 0.4577546296296296 0.4925103305785124 0.02662037037037037 0.08729338842975207
0 0.49266975308641975 0.4932851239669422 0.026234567901234566 0.08574380165289257
0 0.5042438271604938 0.49018595041322316 0.024691358024691357 0.08161157024793389
0 0.5202546296296297 0.4919938016528926 0.024305555555555552 0.08109504132231406
0 0.5399305555555556 0.4878615702479339 0.022762345679012343 0.0759297520661157
0 0.48128858024691357 0.4912190082644628 0.022762345679012343 0.07541322314049587
0 0.4185956790123457 0.4868285123966942 0.019290123456790122 0.06456611570247935
0 0.4047067901234568 0.4865702479338843 0.02546296296296296 0.08264462809917356
0 0.5289351851851851 0.4878615702479339 0.021604938271604937 0.07076446280991736
0 0.5613425925925926 0.5490702479338843 0.06095679012345678 0.1993801652892562
0 0.5864197530864197 0.49664256198347106 0.021604938271604937 0.07076446280991736
0 0.6030092592592592 0.4922520661157025 0.023148148148148147 0.07644628099173553
0 0.576195987654321 0.48708677685950413 0.019675925925925923 0.06404958677685951
0 0.6489197530864197 0.47262396694214875 0.012345679012345678 0.04028925619834711
0 0.7897376543209876 0.5387396694214877 0.044753086419753084 0.1456611570247934
0 0.7525077160493827 0.5098140495867769 0.04205246913580247 0.13739669421487605
0 0.7235725308641975 0.478047520661157 0.01427469135802469 0.04803719008264463
0 0.6375385802469136 0.47417355371900827 0.01273148148148148 0.042355371900826444
0 0.6560570987654321 0.46745867768595045 0.011188271604938271 0.0371900826446281
2 0.1109182098765432 0.4630681818181818 0.016589506172839504 0.02840909090909091
2 0.13869598765432098 0.4553202479338843 0.015046296296296295 0.024276859504132234
2 0.173804012345679 0.4612603305785124 0.015817901234567902 0.02066115702479339
2 0.23553240740740738 0.4669421487603306 0.015046296296296295 0.027892561983471075
2 0.2646604938271605 0.4702995867768595 0.013888888888888888 0.04390495867768595
2 0.035493827160493825 0.4529958677685951 0.014660493827160493 0.02066115702479339
2 0.3568672839506173 0.4555785123966942 0.009259259259259259 0.01756198347107438
2 0.3624614197530864 0.4537706611570248 0.008101851851851851 0.016012396694214878
2 0.39795524691358025 0.4545454545454546 0.008101851851851851 0.01859504132231405
2 0.4149305555555555 0.4537706611570248 0.005787037037037037 0.012913223140495868
2 0.47627314814814814 0.4553202479338843 0.006558641975308642 0.019111570247933883
2 0.5084876543209876 0.4524793388429752 0.008487654320987654 0.01652892561983471
2 0.5852623456790124 0.4550619834710744 0.010030864197530864 0.01962809917355372
3 0.29552469135802467 0.44111570247933884 0.010802469135802469 0.026859504132231406
3 0.30979938271604934 0.39798553719008267 0.020061728395061727 0.026342975206611573
3 0.34606481481481477 0.40315082644628103 0.009259259259259259 0.013946280991735538
3 0.3296682098765432 0.44369834710743805 0.011188271604938271 0.032024793388429756
4 0.7000385802469136 0.46745867768595045 0.08140432098765432 0.0371900826446281
4 0.7737268518518519 0.4607438016528926 0.03356481481481481 0.02066115702479339
