0 0.021014492753623187 0.5555555555555556 0.042028985507246375 0.16771488469601678
0 0.09347826086956522 0.5534591194968553 0.06521739130434782 0.2348008385744235
0 0.06159420289855073 0.5377358490566038 0.050724637681159424 0.18238993710691825
0 0.15289855072463768 0.5429769392033543 0.06811594202898551 0.24737945492662475
0 0.18405797101449275 0.5387840670859539 0.08115942028985507 0.28511530398322854
0 0.2391304347826087 0.5471698113207547 0.09565217391304348 0.339622641509434
0 0.2855072463768116 0.5335429769392034 0.09565217391304348 0.3417190775681342
0 0.36231884057971014 0.5220125786163522 0.1072463768115942 0.3815513626834382
0 0.4007246376811594 0.5356394129979036 0.12028985507246377 0.4255765199161426
0 0.48405797101449277 0.559748427672956 0.16521739130434782 0.5828092243186583
0 0.6043478260869565 0.5471698113207547 0.15072463768115943 0.5366876310272537
0 0.6797101449275362 0.5314465408805031 0.20869565217391306 0.7358490566037736
0 0.7862318840579711 0.5356394129979036 0.1753623188405797 0.6226415094339623
0 0.9159420289855073 0.529350104821803 0.16521739130434782 0.89937106918239
0 0.4528985507246377 0.5377358490566038 0.12028985507246377 0.4255765199161426
