0 0.07008368200836819 0.6042402826855123 0.10669456066945605 0.4381625441696113
0 0.1014644351464435 0.61660777385159 0.09414225941422594 0.392226148409894
0 0.16736401673640167 0.61660777385159 0.09623430962343095 0.3992932862190813
0 0.2416317991631799 0.6007067137809187 0.09414225941422594 0.3957597173144876
0 0.3158995815899581 0.5777385159010601 0.10878661087866108 0.4558303886925795
0 0.37552301255230125 0.6024734982332155 0.10669456066945605 0.4416961130742049
0 0.4361924686192468 0.6130742049469965 0.09832635983263598 0.40636042402826855
0 0.49999999999999994 0.6148409893992933 0.10041841004184099 0.4169611307420495
0 0.5753138075313807 0.6007067137809187 0.10041841004184099 0.4169611307420495
0 0.651673640167364 0.607773851590106 0.09832635983263598 0.4028268551236749
0 0.7248953974895397 0.5918727915194346 0.09832635983263598 0.4134275618374558
0 0.8190376569037656 0.6042402826855123 0.09832635983263598 0.40989399293286216
2 0.9361924686192468 0.6678445229681979 0.10251046025104602 0.3462897526501767
2 0.8441422594142258 0.676678445229682 0.07322175732217573 0.27208480565371024
2 0.7594142259414225 0.6696113074204947 0.07531380753138074 0.29328621908127206
2 0.6809623430962343 0.6925795053003534 0.0899581589958159 0.2968197879858657
2 0.604602510460251 0.6943462897526501 0.08786610878661087 0.3215547703180212
2 0.5230125523012552 0.6890459363957597 0.09623430962343095 0.2968197879858657
2 0.43200836820083677 0.6784452296819787 0.0815899581589958 0.31802120141342755
2 0.34832635983263593 0.6713780918727915 0.08577405857740585 0.3321554770318021
2 0.26778242677824265 0.6784452296819787 0.07531380753138074 0.303886925795053
2 0.202928870292887 0.6802120141342756 0.0711297071129707 0.30035335689045933
2 0.13598326359832635 0.6678445229681979 0.0794979079497908 0.31095406360424027
