0 0.07083333333333333 0.5633074935400517 0.09166666666666667 0.35658914728682173
0 0.18583333333333335 0.6188630490956073 0.12166666666666667 0.4625322997416021
0 0.2816666666666667 0.5555555555555556 0.08 0.3049095607235142
0 0.45 0.5865633074935401 0.1 0.37726098191214474
0 0.6491666666666667 0.6136950904392765 0.12166666666666667 0.46770025839793283
0 0.5741666666666667 0.5387596899224807 0.058333333333333334 0.21963824289405687
0 0.75 0.5219638242894057 0.07333333333333333 0.2842377260981912
0 0.8316666666666667 0.5671834625322998 0.10333333333333335 0.39018087855297157
0 0.9550000000000001 0.5426356589147288 0.08666666666666667 0.34108527131782945
0 0.9316666666666668 0.5103359173126615 0.05333333333333334 0.20930232558139536
0 0.12416666666666668 0.47932816537467704 0.028333333333333335 0.11111111111111112
0 0.24333333333333335 0.4909560723514212 0.02666666666666667 0.103359173126615
0 0.30000000000000004 0.5103359173126615 0.013333333333333334 0.05943152454780362
0 0.3408333333333334 0.4922480620155039 0.028333333333333335 0.10594315245478036
0 0.3591666666666667 0.4870801033591731 0.028333333333333335 0.11111111111111112
0 0.3766666666666667 0.4870801033591731 0.030000000000000002 0.11111111111111112
0 0.39 0.4870801033591731 0.030000000000000002 0.11111111111111112
0 0.4033333333333334 0.4870801033591731 0.030000000000000002 0.11111111111111112
0 0.48500000000000004 0.4819121447028424 0.03333333333333333 0.13178294573643412
0 0.5075000000000001 0.4909560723514212 0.03166666666666667 0.12403100775193798
0 0.5308333333333334 0.4896640826873385 0.03166666666666667 0.12144702842377261
0 0.5433333333333333 0.4870801033591731 0.02666666666666667 0.10594315245478036
0 0.7158333333333334 0.47674418604651164 0.035 0.13178294573643412
0 0.6983333333333334 0.4832041343669251 0.03333333333333333 0.12403100775193798
0 0.8783333333333334 0.48578811369509045 0.04 0.14987080103359174
0 0.6000000000000001 0.48578811369509045 0.030000000000000002 0.11369509043927649
0 0.22333333333333336 0.4832041343669251 0.023333333333333334 0.09819121447028424
0 0.8991666666666667 0.4819121447028424 0.03833333333333334 0.1524547803617571
2 0.022500000000000003 0.47028423772609823 0.03166666666666667 0.11886304909560724
2 0.09916666666666667 0.4625322997416021 0.025 0.10852713178294573
