0 0.043478260869565216 0.5816993464052288 0.08695652173913043 0.38779956427015255
0 0.07681159420289856 0.5653594771241831 0.08985507246376812 0.33333333333333337
0 0.13115942028985508 0.6013071895424837 0.1 0.37472766884531594
0 0.16666666666666666 0.5882352941176471 0.08695652173913043 0.32244008714596956
0 0.23768115942028986 0.5816993464052288 0.10144927536231885 0.37472766884531594
0 0.27898550724637683 0.5838779956427016 0.08840579710144927 0.3311546840958606
0 0.3717391304347826 0.593681917211329 0.09710144927536232 0.3594771241830066
0 0.4985507246376812 0.5849673202614379 0.09565217391304348 0.3507625272331155
0 0.572463768115942 0.5675381263616558 0.10144927536231885 0.37254901960784315
0 0.6934782608695652 0.5729847494553377 0.09420289855072464 0.3485838779956427
0 0.8057971014492754 0.5871459694989107 0.08695652173913043 0.3246187363834423
0 0.9108695652173913 0.5664488017429194 0.09710144927536232 0.36165577342047933
0 0.9594202898550724 0.5773420479302833 0.0782608695652174 0.3442265795206972
0 0.8768115942028986 0.5773420479302833 0.08405797101449275 0.3137254901960785
0 0.7818840579710145 0.5806100217864925 0.09130434782608696 0.33333333333333337
2 0.35144927536231885 0.4444444444444445 0.036231884057971016 0.056644880174291944
2 0.6746376811594202 0.44880174291939 0.02753623188405797 0.06100217864923748
