0 0.17666666666666667 0.6225 0.19 0.7000000000000001
0 0.26416666666666666 0.54875 0.12833333333333335 0.47250000000000003
0 0.38333333333333336 0.61125 0.14666666666666667 0.5375
0 0.41500000000000004 0.5525 0.12666666666666668 0.465
0 0.4733333333333334 0.56 0.1 0.365
0 0.5158333333333334 0.5675 0.115 0.43
0 0.5650000000000001 0.57375 0.14333333333333334 0.5325
0 0.6083333333333334 0.62125 0.15000000000000002 0.5575
0 0.7150000000000001 0.6 0.14 0.515
0 0.7433333333333334 0.58625 0.12000000000000001 0.4375
0 0.81 0.5625 0.11666666666666667 0.43
0 0.915 0.54 0.07666666666666667 0.28
0 0.9616666666666668 0.55375 0.07333333333333333 0.2725
0 0.7758333333333334 0.55 0.095 0.35000000000000003
3 0.11333333333333334 0.2275 0.22333333333333336 0.455
