0 0.014525139664804468 0.4915966386554622 0.029050279329608936 0.17983193277310924
0 0.02290502793296089 0.49327731092436977 0.04581005586592178 0.17647058823529413
0 0.053072625698324015 0.49495798319327733 0.043575418994413403 0.16302521008403362
0 0.08882681564245809 0.49327731092436977 0.04581005586592178 0.16974789915966387
0 0.1670391061452514 0.48067226890756304 0.10837988826815642 0.4
0 0.23463687150837986 0.4815126050420168 0.11173184357541899 0.40840336134453786
0 0.2960893854748603 0.4815126050420168 0.1206703910614525 0.4420168067226891
0 0.4072625698324022 0.47563025210084037 0.13519553072625698 0.5008403361344538
0 0.4815642458100558 0.47310924369747903 0.1541899441340782 0.5663865546218487
0 0.6145251396648044 0.4789915966386555 0.11396648044692737 0.42016806722689076
0 0.6910614525139664 0.48067226890756304 0.12402234636871508 0.4605042016806723
0 0.8273743016759776 0.4773109243697479 0.13743016759776536 0.5075630252100841
0 0.7977653631284916 0.4781512605042017 0.10502793296089384 0.3915966386554622
0 0.9022346368715083 0.49075630252100844 0.10391061452513965 0.3865546218487395
0 0.9620111731843575 0.5126050420168068 0.07374301675977653 0.40336134453781514
0 0.12402234636871508 0.492436974789916 0.035754189944134075 0.13445378151260506
0 0.06759776536312849 0.5025210084033613 0.027932960893854747 0.10756302521008404
0 0.7575418994413408 0.49075630252100844 0.06256983240223463 0.2319327731092437
0 0.7424581005586591 0.4882352941176471 0.06368715083798882 0.23361344537815126
0 0.9430167597765362 0.4781512605042017 0.07821229050279328 0.2873949579831933
0 0.43296089385474856 0.4915966386554622 0.043575418994413403 0.1596638655462185
0 0.5569832402234637 0.5084033613445379 0.048044692737430165 0.17647058823529413
