0 0.11875000000000001 0.7428057553956835 0.13125 0.3669064748201439
0 0.0765625 0.6816546762589928 0.115625 0.32374100719424465
0 0.1796875 0.7455035971223022 0.125 0.35431654676258995
0 0.2671875 0.72931654676259 0.125 0.35431654676258995
0 0.3359375 0.7239208633093526 0.11875000000000001 0.33992805755395683
0 0.40078125000000003 0.7311151079136691 0.11406250000000001 0.32553956834532377
0 0.47265625 0.7221223021582734 0.1203125 0.33992805755395683
0 0.5359375000000001 0.7203237410071943 0.115625 0.32553956834532377
0 0.6046875 0.7284172661870504 0.115625 0.3273381294964029
0 0.6648437500000001 0.7320143884892086 0.1171875 0.33453237410071945
0 0.7367187500000001 0.7266187050359713 0.1203125 0.341726618705036
0 0.8093750000000001 0.7338129496402878 0.12187500000000001 0.3489208633093525
0 0.8929687500000001 0.7329136690647482 0.1265625 0.35431654676258995
0 0.8609375 0.6861510791366907 0.1125 0.3183453237410072
0 0.9187500000000001 0.683453237410072 0.1125 0.32014388489208634
0 0.2234375 0.6591726618705036 0.10625000000000001 0.3039568345323741
0 0.43046875 0.6097122302158273 0.0921875 0.2589928057553957
0 0.6976562500000001 0.650179856115108 0.1046875 0.2967625899280576
2 0.11953125 0.5296762589928058 0.045312500000000006 0.07733812949640288
2 0.153125 0.4973021582733813 0.046875 0.0881294964028777
2 0.1796875 0.539568345323741 0.046875 0.07913669064748202
2 0.23046875 0.49010791366906475 0.051562500000000004 0.0737410071942446
2 0.296875 0.48741007194244607 0.0625 0.0683453237410072
2 0.27265625 0.5296762589928058 0.026562500000000003 0.06294964028776978
2 0.32265625000000003 0.5377697841726619 0.051562500000000004 0.0683453237410072
2 0.37734375000000003 0.5485611510791367 0.0484375 0.09712230215827339
2 0.48671875000000003 0.5530575539568345 0.0390625 0.1169064748201439
2 0.5437500000000001 0.5404676258992807 0.065625 0.09532374100719425
2 0.5953125 0.5359712230215827 0.05 0.08273381294964029
2 0.64609375 0.5431654676258993 0.0578125 0.08273381294964029
2 0.74375 0.5440647482014389 0.05625 0.09172661870503597
2 0.7859375000000001 0.539568345323741 0.05625 0.08633093525179857
2 0.8265625000000001 0.512589928057554 0.043750000000000004 0.10071942446043167
2 0.8851562500000001 0.49640287769784175 0.0671875 0.07913669064748202
2 0.7765625 0.4757194244604317 0.05 0.048561151079136694
2 0.7273437500000001 0.48741007194244607 0.035937500000000004 0.04316546762589928
2 0.68125 0.49370503597122306 0.046875 0.0737410071942446
2 0.6265625 0.49190647482014394 0.040625 0.07014388489208634
2 0.57578125 0.48741007194244607 0.0390625 0.046762589928057555
2 0.5281250000000001 0.4802158273381295 0.040625 0.053956834532374105
2 0.46406250000000004 0.48561151079136694 0.037500000000000006 0.053956834532374105
2 0.40703125 0.4865107913669065 0.035937500000000004 0.05575539568345324
2 0.35468750000000004 0.49370503597122306 0.034375 0.08453237410071943
3 0.5085937500000001 0.24550359712230216 0.13593750000000002 0.47302158273381295
