0 0.09453125000000001 0.656470588235294 0.1859375 0.6823529411764705
0 0.19687500000000002 0.6576470588235294 0.184375 0.6752941176470587
0 0.15156250000000002 0.608235294117647 0.19375 0.7176470588235293
0 0.27421875 0.6 0.18281250000000002 0.6729411764705882
0 0.30859375 0.656470588235294 0.1796875 0.668235294117647
0 0.4 0.6635294117647058 0.178125 0.6588235294117647
0 0.47421875 0.6458823529411765 0.1796875 0.6658823529411764
0 0.546875 0.6588235294117647 0.184375 0.6776470588235294
0 0.6218750000000001 0.6588235294117647 0.18125000000000002 0.6635294117647058
0 0.7171875000000001 0.6623529411764705 0.178125 0.6611764705882353
0 0.8031250000000001 0.6647058823529411 0.17500000000000002 0.6470588235294117
0 0.8914062500000001 0.6588235294117647 0.18281250000000002 0.6776470588235294
0 0.9437500000000001 0.6494117647058822 0.109375 0.6823529411764705
0 0.92734375 0.5647058823529412 0.1421875 0.7105882352941176
0 0.69921875 0.5305882352941176 0.1640625 0.6094117647058823
0 0.36796875 0.5047058823529411 0.1421875 0.5294117647058824
2 0.47734375 0.30823529411764705 0.0484375 0.15999999999999998
2 0.56640625 0.3117647058823529 0.0578125 0.1388235294117647
2 0.83203125 0.328235294117647 0.060937500000000006 0.1341176470588235
