0 0.4372448979591837 0.882262996941896 0.0642857142857143 0.2324159021406728
0 0.6122448979591837 0.75 0.0653061224489796 0.2400611620795107
0 0.5724489795918368 0.7163608562691132 0.06122448979591837 0.22477064220183487
0 0.6795918367346939 0.72782874617737 0.0673469387755102 0.25076452599388377
0 0.7984693877551021 0.7247706422018348 0.07448979591836735 0.27522935779816515
0 0.8734693877551021 0.7232415902140673 0.06122448979591837 0.22324159021406728
0 0.9035714285714287 0.7064220183486238 0.05816326530612245 0.21406727828746178
0 0.9535714285714286 0.6605504587155964 0.0663265306122449 0.24464831804281345
0 0.9535714285714286 0.6062691131498471 0.056122448979591844 0.20642201834862386
0 0.9122448979591837 0.6467889908256881 0.05714285714285715 0.21100917431192662
0 0.8489795918367348 0.6490825688073395 0.06326530612244899 0.2308868501529052
0 0.8112244897959184 0.6697247706422018 0.0653061224489796 0.23853211009174313
0 0.6224489795918368 0.6651376146788991 0.05510204081632654 0.2018348623853211
0 0.5331632653061225 0.5359327217125383 0.039795918367346944 0.14831804281345565
0 0.5688775510204083 0.518348623853211 0.04183673469387755 0.1529051987767584
0 0.7576530612244898 0.5015290519877675 0.05408163265306123 0.19877675840978593
0 0.7954081632653062 0.4785932721712538 0.05 0.1834862385321101
0 0.7653061224489797 0.4235474006116208 0.03877551020408164 0.1437308868501529
0 0.8250000000000001 0.5030581039755352 0.05204081632653062 0.1926605504587156
0 0.8596938775510204 0.48547400611620795 0.04591836734693878 0.16972477064220184
0 0.8826530612244898 0.5122324159021406 0.03877551020408164 0.1437308868501529
0 0.9025510204081634 0.5168195718654435 0.039795918367346944 0.14678899082568808
0 0.9591836734693878 0.4648318042813456 0.04081632653061225 0.1529051987767584
0 0.9295918367346939 0.4503058103975535 0.04693877551020409 0.172782874617737
2 0.8025510204081633 0.3685015290519878 0.0336734693877551 0.07033639143730887
2 0.8290816326530613 0.3837920489296636 0.015306122448979593 0.06422018348623854
2 0.8612244897959185 0.37232415902140675 0.02448979591836735 0.06269113149847094
2 0.9229591836734695 0.43425076452599387 0.02755102040816327 0.0856269113149847
2 0.6341836734693879 0.24541284403669725 0.047959183673469394 0.10550458715596331
2 0.5668367346938776 0.5711009174311926 0.031632653061224494 0.047400611620795105
2 0.5857142857142857 0.5970948012232415 0.020408163265306124 0.053516819571865444
2 0.6061224489795919 0.6077981651376146 0.0326530612244898 0.047400611620795105
2 0.503061224489796 0.6154434250764526 0.07346938775510205 0.0963302752293578
2 0.6071428571428572 0.536697247706422 0.05102040816326531 0.07033639143730887
