0 0.1946875 0.7770833333333333 0.08687500000000001 0.2841666666666667
0 0.2303125 0.8150000000000001 0.093125 0.305
0 0.284375 0.8154166666666667 0.105 0.3408333333333334
0 0.3646875 0.8220833333333334 0.10312500000000001 0.3375
0 0.4284375 0.8233333333333334 0.105625 0.3466666666666667
0 0.50625 0.8295833333333333 0.10125 0.33083333333333337
0 0.5771875 0.8237500000000001 0.104375 0.33916666666666667
0 0.531875 0.7879166666666667 0.09125 0.2991666666666667
0 0.6246875000000001 0.795 0.089375 0.29333333333333333
0 0.659375 0.8158333333333334 0.10875 0.35500000000000004
0 0.73375 0.8316666666666667 0.10125 0.33166666666666667
0 0.6953125 0.7987500000000001 0.089375 0.29250000000000004
0 0.79625 0.8308333333333334 0.10375000000000001 0.33666666666666667
0 0.863125 0.8250000000000001 0.105 0.3416666666666667
0 0.9403125 0.8383333333333334 0.098125 0.3216666666666667
0 0.890625 0.8041666666666667 0.08750000000000001 0.28500000000000003
0 0.8334375 0.805 0.088125 0.2866666666666667
0 0.7675000000000001 0.7887500000000001 0.095 0.3091666666666667
0 0.3853125 0.7170833333333334 0.095625 0.3141666666666667
2 0.8028125 0.6495833333333334 0.031875 0.05916666666666667
2 0.7159375 0.6629166666666667 0.026875 0.0325
2 0.6003125 0.6679166666666667 0.030625 0.05583333333333334
2 0.5175 0.64375 0.0275 0.050833333333333335
2 0.4865625 0.6604166666666668 0.026875 0.06416666666666668
2 0.4609375 0.6454166666666667 0.039375 0.037500000000000006
2 0.4678125 0.69625 0.043125000000000004 0.0625
2 0.39937500000000004 0.6937500000000001 0.02875 0.035833333333333335
2 0.3375 0.6937500000000001 0.0275 0.0475
2 0.3134375 0.6879166666666667 0.021875000000000002 0.04083333333333333
2 0.2784375 0.6429166666666667 0.035625000000000004 0.04416666666666667
2 0.24625 0.6679166666666667 0.0375 0.0675
2 0.301875 0.65 0.02375 0.04666666666666667
2 0.413125 0.67 0.02375 0.04666666666666667
