0 0.10441767068273092 0.6093189964157706 0.1325301204819277 0.5734767025089605
0 0.2901606425702811 0.5734767025089605 0.13855421686746985 0.6164874551971327
0 0.36144578313253006 0.5394265232974911 0.12048192771084336 0.5268817204301075
0 0.573293172690763 0.6021505376344086 0.1506024096385542 0.6666666666666666
0 0.860441767068273 0.5913978494623656 0.16666666666666666 0.7240143369175627
0 0.7690763052208834 0.4946236559139785 0.10843373493975902 0.48028673835125446
0 0.9608433734939759 0.42473118279569894 0.07429718875502007 0.3978494623655914
0 0.9056224899598393 0.3924731182795699 0.0682730923694779 0.2974910394265233
0 0.7238955823293172 0.43727598566308246 0.07831325301204818 0.34408602150537637
0 0.6767068273092369 0.3906810035842294 0.0642570281124498 0.2867383512544803
0 0.4337349397590361 0.4444444444444444 0.0682730923694779 0.3010752688172043
0 0.39156626506024095 0.492831541218638 0.1004016064257028 0.44802867383512546
0 0.4909638554216867 0.3817204301075269 0.04618473895582329 0.20430107526881722
0 0.21586345381526104 0.5125448028673835 0.10240963855421686 0.45878136200716846
0 0.1546184738955823 0.5483870967741935 0.10843373493975902 0.4731182795698925
0 0.027108433734939756 0.43548387096774194 0.05421686746987951 0.24731182795698925
0 0.05923694779116465 0.40860215053763443 0.04618473895582329 0.2078853046594982
0 0.6435742971887549 0.3906810035842294 0.06224899598393574 0.2724014336917563
2 0.24899598393574296 0.3602150537634409 0.06024096385542168 0.1111111111111111
2 0.3303212851405622 0.34767025089605735 0.038152610441767064 0.08602150537634409
2 0.44477911646586343 0.3279569892473118 0.03012048192771084 0.07526881720430108
2 0.6074297188755019 0.3225806451612903 0.02610441767068273 0.08602150537634409
2 0.7118473895582329 0.3172043010752688 0.03413654618473895 0.07526881720430108
2 0.5271084337349398 0.3100358422939068 0.014056224899598391 0.03942652329749104
