0 0.07275390625 0.7058823529411764 0.0771484375 0.25359477124183005
0 0.1376953125 0.715032679738562 0.076171875 0.25098039215686274
0 0.2021484375 0.6673202614379085 0.029296875 0.10065359477124182
0 0.0322265625 0.569281045751634 0.009765625 0.0326797385620915
0 0.01611328125 0.561437908496732 0.0087890625 0.03006535947712418
0 0.0078125 0.569281045751634 0.01171875 0.03790849673202614
0 0.31494140625 0.6261437908496732 0.0185546875 0.06013071895424836
0 0.3466796875 0.6202614379084966 0.0234375 0.07973856209150326
0 0.3662109375 0.6228758169934641 0.0234375 0.07973856209150326
0 0.3876953125 0.6169934640522875 0.025390625 0.08366013071895424
0 0.423828125 0.6117647058823529 0.029296875 0.09673202614379084
0 0.55419921875 0.6098039215686274 0.0322265625 0.10588235294117647
0 0.58056640625 0.615032679738562 0.0302734375 0.10326797385620914
0 0.6259765625 0.6032679738562091 0.029296875 0.09542483660130718
0 0.65966796875 0.630718954248366 0.0380859375 0.1241830065359477
0 0.4658203125 0.5869281045751633 0.01953125 0.06274509803921569
0 0.45166015625 0.5895424836601306 0.0166015625 0.05751633986928104
0 0.43798828125 0.588235294117647 0.0146484375 0.04967320261437908
0 0.5185546875 0.5738562091503268 0.009765625 0.03137254901960784
0 0.50732421875 0.5738562091503268 0.0107421875 0.0392156862745098
0 0.947265625 0.5895424836601306 0.01171875 0.0392156862745098
0 0.24658203125 0.5745098039215686 0.0126953125 0.0457516339869281
0 0.29345703125 0.5712418300653594 0.0146484375 0.047058823529411764
0 0.3037109375 0.5732026143790849 0.01171875 0.043137254901960784
2 0.42138671875 0.6339869281045751 0.0166015625 0.03660130718954248
4 0.4970703125 0.5660130718954248 0.021484375 0.0392156862745098
4 0.5322265625 0.5738562091503268 0.0234375 0.04444444444444444
