0 0.057777777777777775 0.5566666666666668 0.11555555555555555 0.43333333333333335
0 0.13777777777777778 0.5408333333333334 0.11555555555555555 0.42833333333333334
0 0.18833333333333332 0.5233333333333333 0.12333333333333334 0.45
0 0.2611111111111111 0.5316666666666667 0.11555555555555555 0.42333333333333334
0 0.3616666666666667 0.5208333333333334 0.11888888888888889 0.43500000000000005
0 0.4527777777777778 0.5066666666666667 0.11666666666666667 0.43000000000000005
0 0.5194444444444445 0.5458333333333334 0.10555555555555556 0.385
0 0.5283333333333333 0.5308333333333334 0.10555555555555556 0.3916666666666667
0 0.5672222222222222 0.4941666666666667 0.10333333333333333 0.37833333333333335
0 0.6477777777777778 0.5108333333333334 0.11777777777777777 0.43500000000000005
0 0.7694444444444445 0.5441666666666667 0.11444444444444445 0.42500000000000004
0 0.8994444444444445 0.5441666666666667 0.10777777777777778 0.3983333333333334
0 0.8711111111111111 0.5066666666666667 0.10222222222222223 0.3766666666666667
0 0.9427777777777778 0.5275000000000001 0.11222222222222222 0.41500000000000004
0 0.9577777777777777 0.5208333333333334 0.08222222222222222 0.40166666666666667
0 0.058333333333333334 0.5175000000000001 0.11666666666666667 0.48500000000000004
0 0.3655555555555556 0.6958333333333334 0.1622222222222222 0.5950000000000001
0 0.7166666666666667 0.6991666666666667 0.16444444444444445 0.5983333333333334
2 0.4127777777777778 0.3591666666666667 0.03222222222222222 0.06833333333333334
2 0.3983333333333333 0.33333333333333337 0.025555555555555557 0.06666666666666667
2 0.4305555555555556 0.32916666666666666 0.023333333333333334 0.045000000000000005
2 0.2222222222222222 0.33416666666666667 0.04666666666666667 0.10500000000000001
2 0.24555555555555555 0.33083333333333337 0.03333333333333333 0.08833333333333333
2 0.15944444444444444 0.33083333333333337 0.04555555555555556 0.06833333333333334
2 0.09888888888888889 0.3275 0.04888888888888889 0.095
