0 0.6306156405990017 0.5586034912718204 0.15307820299500832 0.5685785536159601
0 0.5257903494176372 0.5324189526184538 0.15640599001663893 0.571072319201995
0 0.45840266222961734 0.5386533665835411 0.13810316139767057 0.5087281795511222
0 0.3960066555740433 0.5635910224438903 0.11647254575707155 0.4239401496259351
0 0.33277870216306155 0.5473815461346633 0.11314475873544093 0.41147132169576056
0 0.2928452579034942 0.5399002493765586 0.10981697171381032 0.4014962593516209
0 0.240432612312812 0.527431421446384 0.1048252911813644 0.3865336658354115
0 0.20632279534109818 0.49501246882793015 0.11314475873544093 0.4164588528678304
0 0.8552412645590682 0.37531172069825436 0.04658901830282862 0.17206982543640897
0 0.910981697171381 0.35037406483790523 0.028286189683860232 0.11221945137157106
0 0.8951747088186356 0.3428927680798005 0.02329450915141431 0.08728179551122195
0 0.961730449251248 0.38154613466334164 0.03993344425956739 0.14962593516209477
0 0.5906821963394343 0.33665835411471323 0.016638935108153077 0.06483790523690773
4 0.08402662229617305 0.37281795511221943 0.1480865224625624 0.08229426433915212
4 0.26455906821963393 0.3553615960099751 0.026622296173044926 0.07231920199501246
