0 0.485 0.82 0.034 0.11466666666666667
0 0.401 0.772 0.034 0.12
0 0.386 0.6506666666666666 0.032 0.10666666666666666
0 0.40900000000000003 0.6533333333333333 0.03 0.096
0 0.47700000000000004 0.6466666666666666 0.034 0.12
0 0.602 0.7 0.028 0.09333333333333332
0 0.657 0.712 0.03 0.10666666666666666
0 0.862 0.8039999999999999 0.024 0.07733333333333334
0 0.862 0.8626666666666667 0.036000000000000004 0.12
0 0.8250000000000001 0.8693333333333333 0.034 0.112
0 0.965 0.816 0.026000000000000002 0.09066666666666666
0 0.963 0.8946666666666666 0.042 0.13599999999999998
0 0.937 0.8786666666666666 0.042 0.13599999999999998
0 0.91 0.9026666666666666 0.04 0.13066666666666665
0 0.088 0.852 0.036000000000000004 0.12
0 0.13 0.7493333333333333 0.036000000000000004 0.11733333333333333
0 0.053 0.7453333333333333 0.03 0.104
0 0.031 0.7173333333333333 0.03 0.10133333333333333
0 0.14200000000000002 0.644 0.032 0.104
0 0.248 0.6506666666666666 0.032 0.10666666666666666
0 0.267 0.6679999999999999 0.022 0.07733333333333334
0 0.221 0.652 0.034 0.10933333333333332
0 0.264 0.584 0.024 0.08
0 0.232 0.616 0.028 0.09066666666666666
0 0.461 0.6533333333333333 0.026000000000000002 0.09066666666666666
0 0.725 0.6453333333333333 0.026000000000000002 0.09066666666666666
0 0.738 0.628 0.024 0.088
0 0.529 0.66 0.026000000000000002 0.088
0 0.5690000000000001 0.6693333333333333 0.026000000000000002 0.08533333333333333
0 0.8310000000000001 0.6253333333333333 0.026000000000000002 0.088
0 0.847 0.632 0.018000000000000002 0.058666666666666666
0 0.864 0.6333333333333333 0.02 0.06666666666666667
0 0.883 0.6293333333333333 0.018000000000000002 0.064
0 0.899 0.616 0.022 0.08
0 0.924 0.648 0.02 0.06933333333333333
0 0.9380000000000001 0.6413333333333333 0.024 0.08266666666666667
0 0.9570000000000001 0.7373333333333333 0.03 0.09866666666666667
0 0.012 0.6693333333333333 0.024 0.096
0 0.055 0.6266666666666666 0.026000000000000002 0.09066666666666666
0 0.40700000000000003 0.524 0.022 0.07733333333333334
0 0.39 0.5306666666666666 0.028 0.09066666666666666
0 0.361 0.5186666666666666 0.03 0.104
0 0.46 0.5853333333333333 0.024 0.07733333333333334
0 0.631 0.9373333333333334 0.034 0.11466666666666667
0 0.125 0.9239999999999999 0.038 0.12533333333333332
0 0.329 0.944 0.026000000000000002 0.09066666666666666
0 0.056 0.9186666666666666 0.036000000000000004 0.12
2 0.453 0.7893333333333333 0.034 0.09066666666666666
2 0.334 0.7013333333333334 0.04 0.08533333333333333
2 0.306 0.6546666666666666 0.024 0.072
2 0.503 0.6773333333333333 0.038 0.05333333333333333
2 0.68 0.7919999999999999 0.024 0.10133333333333333
2 0.748 0.8333333333333333 0.044 0.08266666666666667
2 0.25 0.968 0.044 0.058666666666666666
2 0.403 0.976 0.058 0.03733333333333333
4 0.778 0.524 0.23600000000000002 0.14666666666666667
4 0.9470000000000001 0.5786666666666667 0.098 0.15466666666666667
4 0.149 0.5426666666666666 0.28600000000000003 0.14666666666666667
4 0.499 0.4573333333333333 0.158 0.14133333333333334
4 0.624 0.5013333333333333 0.068 0.06933333333333333
