0 0.051250000000000004 0.6629001883239171 0.10250000000000001 0.647834274952919
0 0.121875 0.6242937853107344 0.19625 0.7212806026365348
0 0.255 0.643126177024482 0.1775 0.6534839924670433
0 0.383125 0.6563088512241054 0.18375 0.67984934086629
0 0.489375 0.647834274952919 0.17375000000000002 0.64030131826742
0 0.6375000000000001 0.6826741996233522 0.1575 0.5819209039548022
0 0.786875 0.6666666666666666 0.17375000000000002 0.6440677966101694
0 0.9031250000000001 0.6638418079096045 0.18125 0.6647834274952918
0 0.43062500000000004 0.5451977401129944 0.08125 0.3032015065913371
0 0.943125 0.6741996233521657 0.11125 0.6440677966101694
2 0.84125 0.4293785310734463 0.045 0.1431261770244821
