0 0.03083989501312336 0.19 0.06167979002624672 0.244
0 0.1568241469816273 0.43 0.15354330708661418 0.5760000000000001
0 0.734251968503937 0.362 0.14566929133858267 0.54
0 0.6771653543307087 0.25 0.09448818897637795 0.352
0 0.9599737532808399 0.271 0.0774278215223097 0.366
0 0.8818897637795275 0.655 0.1732283464566929 0.642
0 0.7066929133858267 0.774 0.10367454068241469 0.392
0 0.6089238845144357 0.784 0.10761154855643044 0.4
0 0.49081364829396323 0.78 0.11023622047244094 0.40800000000000003
0 0.4416010498687664 0.787 0.10892388451443569 0.406
0 0.3858267716535433 0.771 0.11811023622047244 0.442
0 0.2572178477690289 0.767 0.12073490813648294 0.45
0 0.2047244094488189 0.8 0.10236220472440945 0.384
0 0.5898950131233596 0.629 0.19291338582677164 0.718
2 0.10761154855643044 0.802 0.13648293963254593 0.276
2 0.13713910761154854 0.891 0.12992125984251968 0.214
2 0.6122047244094488 0.112 0.051181102362204724 0.08
