0 0.26173285198555957 0.5286103542234333 0.04693140794223827 0.17438692098092642
0 0.2933212996389892 0.5422343324250681 0.048736462093862815 0.18528610354223432
0 0.3176895306859206 0.553133514986376 0.05415162454873646 0.20163487738419617
0 0.3601083032490975 0.5626702997275204 0.055956678700361015 0.21525885558583105
0 0.3916967509025271 0.5722070844686649 0.06498194945848376 0.23978201634877383
0 0.4232851985559567 0.5640326975476839 0.0703971119133574 0.2615803814713896
0 0.4629963898916968 0.5817438692098093 0.08483754512635379 0.31335149863760214
0 0.48465703971119134 0.6076294277929155 0.08483754512635379 0.3106267029972752
0 0.5306859205776173 0.603542234332425 0.10108303249097474 0.3787465940054496
0 0.592057761732852 0.6130790190735694 0.12996389891696752 0.48501362397820164
0 0.7572202166064982 0.611716621253406 0.12454873646209387 0.4659400544959128
0 0.720216606498195 0.5871934604904632 0.09747292418772563 0.3678474114441417
0 0.8736462093862816 0.6158038147138964 0.12274368231046932 0.4523160762942779
0 0.9124548736462094 0.6907356948228882 0.14620938628158844 0.5367847411444141
0 0.9476534296028881 0.6239782016348774 0.10108303249097474 0.5504087193460491
0 0.8438628158844765 0.5245231607629428 0.052346570397111915 0.1989100817438692
0 0.8113718411552346 0.5190735694822888 0.048736462093862815 0.1771117166212534
0 0.21299638989169675 0.6062670299727521 0.06498194945848376 0.24250681198910082
0 0.2644404332129964 0.6212534059945504 0.05956678700361011 0.22343324250681199
0 0.18140794223826714 0.5871934604904632 0.04151624548736462 0.16076294277929154
0 0.04061371841155235 0.7384196185286104 0.0812274368231047 0.49046321525885556
0 0.12454873646209387 0.5544959128065395 0.04693140794223827 0.1771117166212534
2 0.8889891696750902 0.391008174386921 0.04151624548736462 0.07901907356948229
2 0.9223826714801444 0.42234332425068116 0.02888086642599278 0.049046321525885554
2 0.3592057761732852 0.43869209809264303 0.021660649819494587 0.0326975476839237
4 0.09115523465703972 0.553133514986376 0.02707581227436823 0.16348773841961853
4 0.157942238267148 0.4863760217983651 0.048736462093862815 0.04632152588555858
