0 0.1925925925925926 0.5197916666666667 0.07703703703703703 0.26875
0 0.027407407407407405 0.296875 0.05481481481481481 0.22291666666666665
0 0.06814814814814814 0.321875 0.05037037037037037 0.17291666666666666
0 0.09555555555555555 0.325 0.048888888888888885 0.16666666666666666
0 0.1348148148148148 0.29791666666666666 0.05333333333333333 0.1875
0 0.16296296296296295 0.3145833333333333 0.04444444444444444 0.15833333333333333
0 0.19037037037037036 0.3333333333333333 0.03407407407407407 0.12083333333333333
0 0.257037037037037 0.340625 0.037037037037037035 0.13125
0 0.2911111111111111 0.32916666666666666 0.04296296296296296 0.15416666666666667
0 0.3385185185185185 0.34479166666666666 0.028148148148148148 0.09791666666666667
0 0.34148148148148144 0.5083333333333333 0.06074074074074074 0.2125
0 0.40148148148148144 0.5239583333333333 0.06222222222222222 0.21875
0 0.47777777777777775 0.503125 0.05185185185185185 0.18125
0 0.5118518518518518 0.5104166666666666 0.045925925925925926 0.15833333333333333
0 0.6088888888888888 0.49583333333333335 0.035555555555555556 0.125
0 0.5777777777777777 0.475 0.04148148148148148 0.14583333333333334
0 0.6607407407407407 0.4708333333333333 0.029629629629629627 0.10416666666666667
0 0.7177777777777777 0.4479166666666667 0.045925925925925926 0.1625
0 0.36296296296296293 0.37604166666666666 0.035555555555555556 0.12708333333333333
0 0.41703703703703704 0.39166666666666666 0.028148148148148148 0.1
0 0.5874074074074074 0.3729166666666667 0.019259259259259257 0.06666666666666667
0 0.5703703703703703 0.384375 0.014814814814814814 0.05625
0 0.35259259259259257 0.85625 0.07703703703703703 0.2625
0 0.6437037037037037 0.503125 0.03111111111111111 0.10625
2 0.16666666666666666 0.6802083333333333 0.09333333333333332 0.18125
2 0.4148148148148148 0.8354166666666667 0.059259259259259255 0.1625
2 0.46444444444444444 0.8145833333333333 0.05481481481481481 0.1375
2 0.49925925925925924 0.775 0.05333333333333333 0.15
2 0.5688888888888889 0.7416666666666667 0.05333333333333333 0.17083333333333334
2 0.5518518518518518 0.6864583333333333 0.04296296296296296 0.12708333333333333
2 0.6059259259259259 0.728125 0.047407407407407405 0.15625
2 0.637037037037037 0.7041666666666666 0.04444444444444444 0.16666666666666666
2 0.6666666666666666 0.6760416666666667 0.035555555555555556 0.16041666666666665
2 0.6903703703703703 0.6645833333333333 0.035555555555555556 0.15416666666666667
2 0.9177777777777777 0.6302083333333334 0.06666666666666667 0.13125
2 0.46148148148148144 0.3802083333333333 0.03407407407407407 0.08125
2 0.6437037037037037 0.578125 0.03407407407407407 0.07708333333333334
2 0.47407407407407404 0.6479166666666667 0.047407407407407405 0.0875
2 0.5155555555555555 0.6322916666666667 0.035555555555555556 0.08541666666666667
2 0.46148148148148144 0.315625 0.03111111111111111 0.052083333333333336
4 0.6688888888888889 0.3770833333333333 0.0637037037037037 0.0375
4 0.757037037037037 0.340625 0.03259259259259259 0.04791666666666666
4 0.7925925925925925 0.43645833333333334 0.11259259259259259 0.11875
4 0.9133333333333333 0.425 0.13185185185185186 0.058333333333333334
4 0.9437037037037037 0.49374999999999997 0.10666666666666666 0.08333333333333333
