0 0.2661122661122661 0.8458333333333334 0.09147609147609148 0.17833333333333334
0 0.630977130977131 0.9 0.06860706860706861 0.14
0 0.893970893970894 0.78 0.07484407484407485 0.14666666666666667
0 0.5935550935550936 0.7725000000000001 0.06860706860706861 0.13833333333333334
0 0.6673596673596673 0.7466666666666667 0.07068607068607069 0.14333333333333334
0 0.4553014553014553 0.7100000000000001 0.06652806652806653 0.13
0 0.10395010395010396 0.625 0.058212058212058215 0.11666666666666667
0 0.058212058212058215 0.63 0.0498960498960499 0.10333333333333335
0 0.34511434511434513 0.5925 0.04573804573804574 0.095
0 0.21101871101871103 0.9066666666666667 0.06860706860706861 0.14
0 0.029106029106029108 0.6008333333333333 0.05405405405405406 0.10833333333333334
0 0.08835758835758836 0.7266666666666667 0.056133056133056136 0.11333333333333334
0 0.8700623700623701 0.5608333333333334 0.0395010395010395 0.08166666666666667
0 0.8773388773388774 0.555 0.04573804573804574 0.09333333333333334
0 0.8378378378378379 0.5425 0.0498960498960499 0.10166666666666667
0 0.4355509355509356 0.4633333333333334 0.035343035343035345 0.07333333333333333
0 0.41891891891891897 0.45833333333333337 0.031185031185031187 0.06666666666666667
0 0.062370062370062374 0.41833333333333333 0.033264033264033266 0.07
0 0.20582120582120583 0.4841666666666667 0.037422037422037424 0.07500000000000001
2 0.3773388773388774 0.8008333333333334 0.060291060291060294 0.065
2 0.7068607068607069 0.7133333333333334 0.02079002079002079 0.06333333333333334
2 0.7629937629937631 0.6191666666666668 0.04573804573804574 0.04833333333333334
2 0.6091476091476091 0.5775 0.04158004158004158 0.05166666666666667
2 0.7193347193347194 0.4683333333333334 0.037422037422037424 0.04
2 0.017671517671517672 0.3775 0.031185031185031187 0.035
2 0.104989604989605 0.3591666666666667 0.035343035343035345 0.035
2 0.20166320166320167 0.3716666666666667 0.033264033264033266 0.030000000000000002
2 0.21933471933471935 0.5033333333333334 0.035343035343035345 0.030000000000000002
2 0.38981288981288986 0.36833333333333335 0.0395010395010395 0.03666666666666667
2 0.4438669438669439 0.37000000000000005 0.035343035343035345 0.016666666666666666
2 0.5987525987525988 0.3691666666666667 0.033264033264033266 0.035
2 0.6735966735966736 0.3925 0.04158004158004158 0.04833333333333334
2 0.7494802494802495 0.4108333333333334 0.031185031185031187 0.028333333333333335
2 0.8898128898128899 0.4025 0.033264033264033266 0.04833333333333334
2 0.7848232848232849 0.36583333333333334 0.031185031185031187 0.03833333333333334
2 0.9158004158004158 0.3541666666666667 0.04365904365904366 0.03166666666666667
3 0.24012474012474014 0.6325000000000001 0.02286902286902287 0.021666666666666667
4 0.19126819126819128 0.275 0.1288981288981289 0.09333333333333334
4 0.2910602910602911 0.3041666666666667 0.07068607068607069 0.095
4 0.7484407484407485 0.29750000000000004 0.25363825363825365 0.06833333333333334
4 0.9625779625779627 0.2891666666666667 0.07068607068607069 0.05166666666666667
4 0.3264033264033264 0.19833333333333333 0.11226611226611227 0.06666666666666667
4 0.49480249480249483 0.2041666666666667 0.062370062370062374 0.035
4 0.6444906444906445 0.18916666666666668 0.02079002079002079 0.028333333333333335
4 0.7380457380457381 0.19 0.04573804573804574 0.02666666666666667
4 0.577962577962578 0.1375 0.029106029106029108 0.03166666666666667
4 0.3180873180873181 0.10833333333333334 0.14553014553014554 0.06666666666666667
4 0.11122661122661123 0.10416666666666667 0.060291060291060294 0.035
4 0.17983367983367984 0.19083333333333335 0.10187110187110188 0.07166666666666667
4 0.056133056133056136 0.2066666666666667 0.02079002079002079 0.023333333333333334
4 0.06756756756756757 0.24416666666666667 0.1101871101871102 0.04833333333333334
