0 0.05566218809980806 0.6873198847262247 0.11132437619961612 0.5907780979827089
0 0.1708253358925144 0.4682997118155619 0.06525911708253358 0.239193083573487
0 0.28886756238003836 0.6714697406340058 0.14395393474088292 0.5244956772334294
0 0.3560460652591171 0.4956772334293948 0.06333973128598848 0.23054755043227665
0 0.3963531669865643 0.6570605187319885 0.15163147792706333 0.5590778097982708
0 0.5047984644913628 0.6599423631123918 0.16506717850287908 0.6051873198847262
0 0.46833013435700577 0.569164265129683 0.12284069097888675 0.4524495677233429
0 0.5978886756238003 0.5835734870317002 0.12092130518234165 0.446685878962536
0 0.6381957773512476 0.648414985590778 0.15930902111324374 0.5821325648414986
0 0.7159309021113244 0.462536023054755 0.04222648752399232 0.15273775216138327
0 0.755278310940499 0.4510086455331412 0.04798464491362764 0.17579250720461093
0 0.7859884836852207 0.43515850144092216 0.036468330134357005 0.1440922190201729
0 0.8195777351247601 0.4265129682997118 0.030710172744721688 0.12103746397694523
0 0.8397312859884837 0.45389048991354464 0.02879078694817658 0.11239193083573486
0 0.8646833013435701 0.4322766570605187 0.04030710172744722 0.15561959654178673
0 0.8886756238003839 0.4423631123919308 0.0345489443378119 0.12968299711815562
0 0.974088291746641 0.4711815561959654 0.04798464491362764 0.18731988472622477
0 0.7370441458733206 0.42507204610951005 0.030710172744721688 0.11815561959654178
2 0.4491362763915547 0.3688760806916426 0.03838771593090211 0.13832853025936598
2 0.5844529750479847 0.3688760806916426 0.044145873320537425 0.12103746397694523
2 0.2476007677543186 0.3876080691642651 0.12284069097888675 0.07204610951008646
