0 0.06702127659574468 0.47850318471337583 0.10638297872340426 0.3869426751592357
0 0.10425531914893617 0.47770700636942676 0.11063829787234043 0.40445859872611467
0 0.15585106382978722 0.49124203821656054 0.09893617021276596 0.36464968152866245
0 0.1952127659574468 0.4713375796178344 0.12234042553191489 0.44904458598726116
0 0.2648936170212766 0.4538216560509554 0.1148936170212766 0.42038216560509556
0 0.30159574468085104 0.4729299363057325 0.13936170212765958 0.5127388535031847
0 0.34202127659574466 0.47770700636942676 0.12872340425531914 0.4713375796178344
0 0.32553191489361705 0.4371019108280255 0.12127659574468086 0.44745222929936307
0 0.37340425531914895 0.375 0.1574468085106383 0.5748407643312102
0 0.4978723404255319 0.48805732484076436 0.13829787234042554 0.5047770700636943
0 0.6590425531914894 0.4570063694267516 0.13297872340425532 0.4872611464968153
0 0.6968085106382979 0.44745222929936307 0.11702127659574468 0.4299363057324841
0 0.725531914893617 0.4546178343949045 0.1 0.36783439490445863
0 0.7526595744680851 0.4426751592356688 0.11808510638297873 0.43630573248407645
0 0.8579787234042553 0.41878980891719747 0.12234042553191489 0.44904458598726116
0 0.9579787234042554 0.40605095541401276 0.08191489361702128 0.42038216560509556
2 0.45797872340425533 0.3471337579617835 0.08617021276595745 0.2929936305732484
