0 0.059255079006772 0.6285140562248995 0.06884875846501128 0.3012048192771084
0 0.11173814898419863 0.6385542168674698 0.06997742663656885 0.3092369477911646
0 0.13544018058690743 0.5491967871485943 0.03386004514672686 0.1546184738955823
0 0.15237020316027086 0.5341365461847389 0.03837471783295711 0.1686746987951807
0 0.1608352144469526 0.5341365461847389 0.03950338600451467 0.17670682730923692
0 0.19187358916478553 0.5933734939759036 0.0474040632054176 0.2108433734939759
0 0.23589164785553046 0.6074297188755019 0.05417607223476298 0.23493975903614456
0 0.23984198645598193 0.5471887550200802 0.04853273137697516 0.214859437751004
0 0.27595936794582393 0.5662650602409638 0.04853273137697516 0.21285140562248994
0 0.31094808126410833 0.5481927710843373 0.046275395033860044 0.2008032128514056
0 0.3329571106094808 0.6024096385542168 0.0564334085778781 0.24899598393574296
0 0.36738148984198643 0.5672690763052208 0.05530474040632054 0.23895582329317266
0 0.3860045146726862 0.539156626506024 0.0474040632054176 0.2108433734939759
0 0.40180586907449206 0.5321285140562249 0.0474040632054176 0.21285140562248994
0 0.43510158013544015 0.6506024096385542 0.06207674943566591 0.2690763052208835
0 0.46670428893905186 0.6285140562248995 0.06884875846501128 0.2971887550200803
0 0.5129796839729119 0.535140562248996 0.04853273137697516 0.2108433734939759
0 0.5338600451467268 0.5923694779116465 0.05191873589164785 0.2289156626506024
0 0.5648984198645598 0.6255020080321284 0.0801354401805869 0.35542168674698793
0 0.6038374717832956 0.6957831325301204 0.09932279909706546 0.43172690763052207
0 0.628668171557562 0.6315261044176707 0.09029345372460496 0.39558232931726905
0 0.6670428893905191 0.6636546184738955 0.10158013544018057 0.4397590361445783
0 0.6884875846501128 0.6746987951807228 0.08803611738148984 0.38955823293172687
0 0.7409706546275394 0.606425702811245 0.05756207674943566 0.2570281124497992
0 0.768058690744921 0.6385542168674698 0.07787810383747178 0.34538152610441764
0 0.7945823927765236 0.6295180722891566 0.07674943566591422 0.33132530120481923
0 0.8702031602708803 0.7128514056224899 0.11060948081264108 0.48192771084337344
0 0.8781038374717832 0.6315261044176707 0.0857787810383747 0.37148594377510036
0 0.9255079006772008 0.6606425702811244 0.07674943566591422 0.3373493975903614
0 0.9537246049661399 0.717871485943775 0.09029345372460496 0.4598393574297188
0 0.7161399548532731 0.53714859437751 0.046275395033860044 0.20682730923694778
0 0.06884875846501128 0.6084337349397589 0.05417607223476298 0.2369477911646586
2 0.12133182844243791 0.4769076305220883 0.05079006772009029 0.07429718875502007
2 0.21783295711060946 0.47088353413654616 0.0948081264108352 0.09036144578313252
2 0.3826185101580135 0.4588353413654618 0.21670428893905191 0.0823293172690763
2 0.5626410835214446 0.4477911646586345 0.05079006772009029 0.08835341365461846
2 0.6766365688487584 0.45682730923694775 0.05981941309255079 0.1144578313253012
2 0.7663656884875846 0.4688755020080321 0.11060948081264108 0.1184738955823293
2 0.9446952595936794 0.504016064257028 0.10835214446952596 0.09236947791164658
