0 0.06916666666666667 0.418444165621079 0.07 0.25972396486825594
0 0.08458333333333334 0.4190715181932246 0.0675 0.2484316185696361
0 0.09833333333333334 0.41342534504391465 0.06833333333333334 0.2547051442910916
0 0.11041666666666668 0.42409033877038893 0.0675 0.2509410288582183
0 0.18125000000000002 0.3607277289836888 0.04916666666666667 0.18193224592220827
0 0.1991666666666667 0.3676286072772898 0.04666666666666667 0.17314930991217062
0 0.21125000000000002 0.36449184441656207 0.04416666666666667 0.16687578419071517
0 0.2329166666666667 0.3688833124215809 0.04416666666666667 0.1656210790464241
0 0.35833333333333334 0.49309912170639897 0.06666666666666667 0.2484316185696361
0 0.5354166666666667 0.46424090338770385 0.0575 0.21580928481806774
0 0.47625 0.4196988707653701 0.04916666666666667 0.17942283563362607
0 0.8008333333333334 0.534504391468005 0.07666666666666667 0.2835633626097867
0 0.7716666666666667 0.4611041405269761 0.08833333333333333 0.3274780426599749
0 0.7908333333333334 0.46361355081555833 0.09000000000000001 0.33500627352572143
0 0.8595833333333334 0.5018820577164366 0.09916666666666667 0.3688833124215809
0 0.9108333333333334 0.5062735257214555 0.09333333333333334 0.34755332496863234
0 0.6954166666666667 0.3456712672521957 0.022500000000000003 0.08406524466750313
0 0.7033333333333334 0.3387703889585947 0.02 0.07528230865746549
0 0.7104166666666667 0.33375156838143033 0.022500000000000003 0.08531994981179422
0 0.71875 0.32559598494353825 0.020833333333333336 0.07904642409033877
0 0.5700000000000001 0.35445420326223337 0.018333333333333333 0.06649937264742785
2 0.1366666666666667 0.47741530740276034 0.05333333333333334 0.08155583437892094
2 0.2041666666666667 0.49435382685069007 0.11166666666666668 0.10539523212045168
2 0.31083333333333335 0.5112923462986197 0.135 0.10664993726474278
2 0.4166666666666667 0.5457967377666249 0.09166666666666667 0.09033877038895859
2 0.52375 0.5608531994981178 0.09916666666666667 0.09033877038895859
2 0.6320833333333333 0.45169385194479295 0.12583333333333335 0.047678795483061476
2 0.6275000000000001 0.56900878293601 0.08833333333333333 0.043914680050188205
2 0.6958333333333334 0.5207026348808029 0.02666666666666667 0.08531994981179422
2 0.7675000000000001 0.5947302383939773 0.08166666666666667 0.09786700125470514
2 0.4141666666666667 0.33814303638644916 0.04 0.02634880803011292
2 0.5675 0.3676286072772898 0.26666666666666666 0.03262233375156838
