0 0.04166666666666667 0.6950000000000001 0.08333333333333334 0.315
0 0.085 0.70375 0.08333333333333334 0.3075
0 0.1375 0.74875 0.058333333333333334 0.2225
0 0.18083333333333335 0.69125 0.09166666666666667 0.3375
0 0.21083333333333334 0.7025 0.085 0.32
0 0.21833333333333335 0.775 0.04666666666666667 0.17
0 0.26583333333333337 0.71125 0.08166666666666667 0.3075
0 0.32833333333333337 0.70125 0.08666666666666667 0.3175
0 0.39666666666666667 0.71375 0.08666666666666667 0.3175
0 0.4625 0.75625 0.058333333333333334 0.2125
0 0.44833333333333336 0.7125 0.08666666666666667 0.315
0 0.5325000000000001 0.64 0.045000000000000005 0.17
0 0.5516666666666667 0.71 0.08666666666666667 0.315
0 0.5875 0.6950000000000001 0.095 0.35000000000000003
0 0.6366666666666667 0.715 0.08 0.3
0 0.6766666666666667 0.6900000000000001 0.09333333333333334 0.35000000000000003
0 0.7400000000000001 0.69625 0.09000000000000001 0.3375
0 0.7091666666666667 0.7000000000000001 0.09166666666666667 0.335
0 0.7933333333333333 0.69875 0.09000000000000001 0.3275
0 0.8375 0.70375 0.085 0.3175
0 0.8816666666666667 0.69875 0.08666666666666667 0.3225
0 0.9425000000000001 0.6875 0.09166666666666667 0.34500000000000003
