0 0.07200000000000001 0.6097922848664689 0.024 0.09198813056379822
0 0.096 0.6097922848664689 0.024 0.09198813056379822
0 0.123 0.6038575667655787 0.026000000000000002 0.09198813056379822
0 0.138 0.6335311572700297 0.044 0.16913946587537093
0 0.158 0.6053412462908012 0.024 0.09495548961424333
0 0.17400000000000002 0.615727002967359 0.028 0.10385756676557864
0 0.187 0.6231454005934718 0.034 0.12462908011869436
0 0.199 0.6261127596439169 0.038 0.13649851632047477
0 0.213 0.6201780415430267 0.038 0.142433234421365
0 0.233 0.6261127596439169 0.038 0.13649851632047477
0 0.25 0.6320474777448072 0.036000000000000004 0.13649851632047477
0 0.271 0.6201780415430267 0.042 0.1543026706231454
0 0.296 0.6142433234421365 0.048 0.18397626112759644
0 0.332 0.6305637982195846 0.056 0.21068249258160238
0 0.371 0.6335311572700297 0.058 0.2166172106824926
0 0.4 0.6335311572700297 0.064 0.23442136498516322
0 0.423 0.6483679525222552 0.07 0.26409495548961426
0 0.47200000000000003 0.6275964391691395 0.076 0.2818991097922849
0 0.496 0.642433234421365 0.076 0.2759643916913947
0 0.546 0.658753709198813 0.08 0.2967359050445104
0 0.583 0.6498516320474778 0.078 0.29080118694362017
0 0.616 0.6750741839762612 0.092 0.34124629080118696
0 0.655 0.6543026706231454 0.10200000000000001 0.370919881305638
0 0.71 0.655786350148368 0.1 0.36795252225519287
0 0.757 0.685459940652819 0.11 0.39762611275964393
0 0.8280000000000001 0.685459940652819 0.14400000000000002 0.5281899109792285
0 0.867 0.6676557863501484 0.098 0.3620178041543027
0 0.922 0.7136498516320475 0.14400000000000002 0.5192878338278932
0 0.9450000000000001 0.6706231454005935 0.106 0.41543026706231456
0 0.9550000000000001 0.7091988130563799 0.08600000000000001 0.46884272997032644
