0 0.0225 0.48333333333333334 0.03 0.1
0 0.05375 0.505 0.0325 0.11666666666666667
0 0.09375 0.46166666666666667 0.0325 0.11666666666666667
0 0.1825 0.755 0.075 0.25
0 0.34375 0.5566666666666668 0.0375 0.12666666666666668
0 0.3175 0.545 0.03 0.10333333333333335
0 0.38 0.535 0.03 0.11
0 0.40625 0.52 0.0275 0.09333333333333334
0 0.425 0.5650000000000001 0.035 0.12333333333333334
0 0.4325 0.5283333333333333 0.035 0.12333333333333334
0 0.47000000000000003 0.5416666666666667 0.03 0.09666666666666668
0 0.4875 0.5766666666666667 0.035 0.12000000000000001
0 0.5075000000000001 0.55 0.025 0.08
0 0.53 0.5716666666666667 0.03 0.10333333333333335
0 0.5525 0.5816666666666667 0.035 0.11666666666666667
0 0.5975 0.5683333333333334 0.03 0.11
0 0.62375 0.6483333333333334 0.0375 0.12333333333333334
0 0.61125 0.52 0.0175 0.06666666666666667
0 0.67625 0.535 0.0225 0.08333333333333334
0 0.77875 0.5366666666666667 0.0275 0.08666666666666667
0 0.80625 0.5233333333333333 0.0275 0.1
0 0.9137500000000001 0.48500000000000004 0.0175 0.05666666666666667
2 0.1625 0.21166666666666667 0.315 0.24333333333333335
2 0.28500000000000003 0.1716666666666667 0.23 0.10333333333333335
2 0.66125 0.3016666666666667 0.6475 0.11666666666666667
2 0.32125 0.3766666666666667 0.1925 0.09333333333333334
2 0.0825 0.3716666666666667 0.11 0.06333333333333334
2 0.445 0.4716666666666667 0.25 0.11
2 0.49375 0.38 0.1325 0.060000000000000005
2 0.70125 0.42500000000000004 0.10250000000000001 0.05666666666666667
2 0.70875 0.5433333333333333 0.0325 0.07333333333333333
2 0.6325000000000001 0.47500000000000003 0.035 0.07666666666666667
2 0.7825 0.3983333333333334 0.11 0.07666666666666667
2 0.92 0.43500000000000005 0.155 0.12333333333333334
2 0.92125 0.43500000000000005 0.0525 0.06333333333333334
