0 0.19708333333333333 0.55875 0.0325 0.12
0 0.4470833333333334 0.556875 0.014166666666666668 0.051250000000000004
0 0.46708333333333335 0.561875 0.0175 0.06375
0 0.48958333333333337 0.5543750000000001 0.0175 0.06375
0 0.47375 0.5475 0.009166666666666667 0.035
0 0.5241666666666667 0.5725 0.02666666666666667 0.1
0 0.5970833333333334 0.584375 0.037500000000000006 0.13625
0 0.62 0.583125 0.03333333333333333 0.12375
0 0.6383333333333334 0.598125 0.045000000000000005 0.16875
0 0.6795833333333334 0.68875 0.08416666666666667 0.31
0 0.7050000000000001 0.62 0.055 0.20500000000000002
0 0.78125 0.609375 0.0625 0.22875
0 0.895 0.645 0.085 0.315
0 0.9129166666666667 0.659375 0.09083333333333334 0.33125
2 0.09000000000000001 0.6118750000000001 0.03666666666666667 0.09875
2 0.09291666666666668 0.535 0.02416666666666667 0.06
2 0.13958333333333334 0.56 0.04583333333333334 0.05
2 0.17541666666666667 0.61125 0.05416666666666667 0.0375
2 0.19458333333333336 0.56375 0.022500000000000003 0.0375
2 0.23083333333333333 0.5906250000000001 0.035 0.03125
2 0.26666666666666666 0.56 0.023333333333333334 0.045
2 0.4425 0.545625 0.04833333333333334 0.051250000000000004
2 0.6695833333333334 0.5337500000000001 0.037500000000000006 0.08750000000000001
