0 0.08083333333333334 0.4974747474747475 0.15833333333333335 0.5858585858585859
0 0.16666666666666669 0.4911616161616162 0.15000000000000002 0.5631313131313131
0 0.2341666666666667 0.5290404040404041 0.13833333333333334 0.5126262626262627
0 0.33416666666666667 0.5265151515151516 0.12833333333333335 0.4772727272727273
0 0.4058333333333334 0.5 0.135 0.5050505050505051
0 0.48000000000000004 0.5075757575757576 0.12333333333333334 0.4595959595959596
0 0.5908333333333333 0.5 0.12833333333333335 0.4747474747474748
0 0.6675000000000001 0.5012626262626263 0.11833333333333335 0.446969696969697
0 0.7400000000000001 0.494949494949495 0.12666666666666668 0.4747474747474748
0 0.8008333333333334 0.49873737373737376 0.12833333333333335 0.4772727272727273
0 0.8808333333333334 0.4734848484848485 0.12833333333333335 0.4823232323232324
0 0.9283333333333333 0.49368686868686873 0.11666666666666667 0.4318181818181819
