0 0.025500000000000002 0.3253012048192771 0.027 0.09939759036144578
0 0.0445 0.33283132530120485 0.025 0.09337349397590362
0 0.055 0.33509036144578314 0.026000000000000002 0.09789156626506025
0 0.368 0.375 0.042 0.15963855421686748
0 0.293 0.3253012048192771 0.016 0.06325301204819278
0 0.4025 0.37123493975903615 0.045 0.17018072289156627
0 0.4615 0.32003012048192775 0.015 0.055722891566265066
0 0.46900000000000003 0.3230421686746988 0.012 0.04969879518072289
0 0.4865 0.3177710843373494 0.015 0.057228915662650606
0 0.836 0.3787650602409639 0.014 0.055722891566265066
0 0.8595 0.35090361445783136 0.033 0.12349397590361447
0 0.876 0.36370481927710846 0.036000000000000004 0.13704819277108435
0 0.9155 0.35918674698795183 0.041 0.15210843373493976
0 0.6855 0.8125 0.045 0.17018072289156627
0 0.708 0.822289156626506 0.036000000000000004 0.13253012048192772
0 0.76 0.8147590361445783 0.034 0.12349397590361447
2 0.23650000000000002 0.33433734939759036 0.025 0.03614457831325302
2 0.2685 0.3373493975903615 0.019 0.045180722891566265
2 0.338 0.33509036144578314 0.05 0.03765060240963856
2 0.332 0.3057228915662651 0.018000000000000002 0.045180722891566265
2 0.434 0.348644578313253 0.02 0.058734939759036146
2 0.47600000000000003 0.34487951807228917 0.024 0.057228915662650606
2 0.441 0.3155120481927711 0.024 0.043674698795180725
2 0.1085 0.7612951807228916 0.063 0.06777108433734941
2 0.20600000000000002 0.7507530120481928 0.026000000000000002 0.06475903614457831
2 0.3595 0.8207831325301205 0.065 0.11746987951807229
2 0.558 0.8079819277108434 0.03 0.03765060240963856
2 0.604 0.7853915662650602 0.026000000000000002 0.02560240963855422
2 0.6395000000000001 0.786144578313253 0.031 0.06626506024096386
2 0.582 0.7432228915662651 0.11800000000000001 0.043674698795180725
2 0.8295 0.7981927710843374 0.037 0.060240963855421686
2 0.8615 0.7816265060240964 0.029 0.05421686746987952
2 0.902 0.7936746987951807 0.038 0.07228915662650603
2 0.778 0.773343373493976 0.02 0.03162650602409639
2 0.7345 0.7590361445783133 0.029 0.03313253012048193
2 0.592 0.7522590361445783 0.05 0.022590361445783132
2 0.5125 0.7914156626506025 0.017 0.08283132530120482
2 0.6335000000000001 0.3177710843373494 0.031 0.045180722891566265
2 0.721 0.32680722891566266 0.026000000000000002 0.057228915662650606
2 0.7475 0.34638554216867473 0.013000000000000001 0.045180722891566265
2 0.093 0.338855421686747 0.028 0.057228915662650606
2 0.1255 0.33207831325301207 0.029 0.07379518072289157
2 0.28250000000000003 0.3102409638554217 0.017 0.04819277108433735
