0 0.249 0.34789156626506024 0.114 0.4246987951807229
0 0.518 0.39608433734939763 0.14 0.5150602409638555
0 0.618 0.32680722891566266 0.064 0.23795180722891568
0 0.717 0.2530120481927711 0.074 0.28313253012048195
0 0.858 0.6024096385542169 0.212 0.7771084337349398
0 0.10400000000000001 0.23343373493975905 0.052000000000000005 0.20180722891566266
0 0.137 0.2605421686746988 0.054 0.1957831325301205
0 0.17500000000000002 0.23493975903614459 0.058 0.21686746987951808
0 0.333 0.23192771084337352 0.066 0.24096385542168675
0 0.28300000000000003 0.22891566265060243 0.066 0.24096385542168675
0 0.582 0.24548192771084337 0.064 0.23795180722891568
0 0.433 0.27259036144578314 0.042 0.1536144578313253
0 0.452 0.24397590361445784 0.056 0.20481927710843376
0 0.377 0.27108433734939763 0.042 0.1566265060240964
0 0.034 0.2530120481927711 0.04 0.1566265060240964
0 0.015 0.2635542168674699 0.03 0.14759036144578314
0 0.06 0.21987951807228917 0.044 0.16867469879518074
0 0.682 0.24698795180722893 0.068 0.24698795180722893
0 0.8220000000000001 0.3493975903614458 0.152 0.5662650602409639
0 0.045 0.2213855421686747 0.054 0.20180722891566266
0 0.395 0.21987951807228917 0.042 0.1566265060240964
0 0.484 0.20030120481927713 0.024 0.09939759036144578
0 0.936 0.177710843373494 0.028 0.10240963855421688
0 0.915 0.1897590361445783 0.034 0.13253012048192772
2 0.02 0.15813253012048192 0.036000000000000004 0.057228915662650606
2 0.893 0.1852409638554217 0.034 0.08734939759036145
2 0.636 0.19126506024096387 0.04 0.09939759036144578
4 0.977 0.18222891566265062 0.042 0.10542168674698796
