0 0.00682261208576998 0.7553846153846154 0.01364522417153996 0.08307692307692308
0 0.0341130604288499 0.7061538461538461 0.021442495126705652 0.08307692307692308
0 0.07017543859649122 0.7738461538461539 0.042884990253411304 0.1753846153846154
0 0.09649122807017543 0.7876923076923077 0.056530214424951264 0.22153846153846155
0 0.17641325536062377 0.7138461538461538 0.029239766081871343 0.12307692307692308
0 0.23391812865497075 0.6676923076923077 0.023391812865497075 0.09846153846153846
0 0.3235867446393762 0.7923076923076923 0.031189083820662766 0.12615384615384614
0 0.33820662768031184 0.7492307692307693 0.04873294346978557 0.19384615384615383
0 0.3771929824561403 0.7138461538461538 0.037037037037037035 0.15384615384615385
0 0.4346978557504873 0.7307692307692307 0.03508771929824561 0.13230769230769232
0 0.5438596491228069 0.6907692307692308 0.02729044834307992 0.1076923076923077
0 0.5419103313840156 0.7492307692307693 0.03508771929824561 0.13230769230769232
0 0.601364522417154 0.6876923076923077 0.017543859649122806 0.07692307692307693
0 0.6539961013645224 0.7369230769230769 0.04093567251461988 0.15692307692307692
0 0.6773879142300194 0.7784615384615384 0.03313840155945419 0.13538461538461538
0 0.7017543859649122 0.7292307692307692 0.042884990253411304 0.1723076923076923
0 0.7192982456140351 0.68 0.01949317738791423 0.07384615384615384
0 0.7543859649122806 0.7 0.02729044834307992 0.1076923076923077
0 0.8177387914230019 0.6630769230769231 0.03313840155945419 0.12615384615384614
0 0.8177387914230019 0.7246153846153847 0.037037037037037035 0.15076923076923077
0 0.871345029239766 0.72 0.03508771929824561 0.13538461538461538
0 0.9249512670565302 0.7138461538461538 0.03313840155945419 0.13538461538461538
0 0.9649122807017543 0.7076923076923077 0.03508771929824561 0.14153846153846153
0 0.9775828460038986 0.7138461538461538 0.04093567251461988 0.17846153846153845
