0 0.4513888888888889 0.46481481481481485 0.075 0.24074074074074076
0 0.5208333333333334 0.4851851851851852 0.075 0.24444444444444446
0 0.5347222222222222 0.7444444444444445 0.08055555555555556 0.25925925925925924
0 0.5694444444444444 0.7351851851851852 0.06666666666666667 0.22592592592592595
0 0.6069444444444445 0.7425925925925926 0.0638888888888889 0.21851851851851853
0 0.46111111111111114 0.7296296296296296 0.07222222222222223 0.24444444444444446
0 0.4138888888888889 0.7481481481481482 0.06666666666666667 0.22222222222222224
0 0.3902777777777778 0.6981481481481482 0.10833333333333334 0.3592592592592593
2 0.13611111111111113 0.5407407407407407 0.07222222222222223 0.08888888888888889
2 0.1 0.6148148148148148 0.044444444444444446 0.10370370370370371
2 0.15416666666666667 0.6166666666666667 0.05277777777777778 0.07777777777777778
2 0.011111111111111112 0.7055555555555556 0.022222222222222223 0.0925925925925926
2 0.1513888888888889 0.6962962962962963 0.20277777777777778 0.08888888888888889
2 0.3625 0.5407407407407407 0.058333333333333334 0.15555555555555556
2 0.34305555555555556 0.6685185185185185 0.0638888888888889 0.1814814814814815
2 0.3 0.7092592592592593 0.044444444444444446 0.07037037037037037
2 0.5125000000000001 0.2851851851851852 0.09166666666666667 0.13333333333333333
2 0.6666666666666667 0.6222222222222222 0.09444444444444444 0.24444444444444446
2 0.8208333333333334 0.5888888888888889 0.14166666666666666 0.24444444444444446
2 0.9527777777777778 0.587037037037037 0.07777777777777778 0.2777777777777778
2 0.0375 0.5555555555555556 0.058333333333333334 0.11111111111111112
2 0.18194444444444446 0.5462962962962963 0.21944444444444444 0.10740740740740741
2 0.25277777777777777 0.5425925925925926 0.10555555555555556 0.12962962962962962
2 0.6680555555555556 0.4814814814814815 0.19166666666666668 0.05185185185185186
2 0.7305555555555556 0.5314814814814816 0.06666666666666667 0.14444444444444446
2 0.8652777777777778 0.43703703703703706 0.16944444444444445 0.10370370370370371
