0 0.30625 0.16276346604215455 0.025 0.09601873536299765
0 0.06796875000000001 0.48009367681498827 0.0671875 0.24824355971896955
0 0.14765625000000002 0.49414519906323184 0.0671875 0.24355971896955503
0 0.1765625 0.4613583138173302 0.065625 0.24824355971896955
0 0.32890625 0.2388758782201405 0.026562500000000003 0.10304449648711944
0 0.3796875 0.16042154566744732 0.025 0.09601873536299765
0 0.58046875 0.6194379391100703 0.09843750000000001 0.36768149882903983
0 0.67734375 0.47423887587822017 0.060937500000000006 0.2224824355971897
0 0.5906250000000001 0.148711943793911 0.018750000000000003 0.07728337236533958
0 0.5632812500000001 0.14402810304449648 0.0203125 0.07259953161592506
0 0.728125 0.3477751756440281 0.03125 0.11475409836065574
0 0.75 0.32201405152224827 0.021875000000000002 0.08665105386416862
2 0.1921875 0.17330210772833723 0.015625 0.02810304449648712
2 0.1546875 0.1721311475409836 0.018750000000000003 0.02576112412177986
2 0.1046875 0.2611241217798595 0.018750000000000003 0.02576112412177986
2 0.08984375 0.2693208430913349 0.0140625 0.023419203747072598
2 0.025781250000000002 0.18969555035128804 0.010937500000000001 0.01873536299765808
2 0.039843750000000004 0.20843091334894615 0.0140625 0.03278688524590164
2 0.22031250000000002 0.42505854800936765 0.034375 0.04918032786885246
2 0.23828125 0.382903981264637 0.0203125 0.04918032786885246
2 0.2515625 0.3548009367681499 0.018750000000000003 0.03981264637002342
2 0.27890625 0.4718969555035129 0.029687500000000002 0.053864168618266976
2 0.29296875 0.41920374707259955 0.0234375 0.04215456674473068
2 0.30625 0.36768149882903983 0.021875000000000002 0.03747072599531616
2 0.31875000000000003 0.3594847775175644 0.015625 0.0351288056206089
2 0.36171875000000003 0.4496487119437939 0.026562500000000003 0.046838407494145196
2 0.38828125 0.4133489461358314 0.0234375 0.04449648711943794
2 0.40546875000000004 0.373536299765808 0.0203125 0.03981264637002342
2 0.38828125 0.34660421545667447 0.0171875 0.03747072599531616
2 0.42500000000000004 0.45433255269320844 0.028125 0.04215456674473068
2 0.4578125 0.41569086651053866 0.025 0.03981264637002342
2 0.46015625000000004 0.34660421545667447 0.0203125 0.03747072599531616
2 0.49609375 0.3770491803278688 0.0203125 0.03747072599531616
2 0.359375 0.3372365339578454 0.0125 0.023419203747072598
2 0.4 0.33138173302107726 0.0125 0.02107728337236534
2 0.4234375 0.3360655737704918 0.015625 0.02576112412177986
2 0.41484375 0.3044496487119438 0.010937500000000001 0.01873536299765808
2 0.39453125 0.27985948477751754 0.010937500000000001 0.02107728337236534
2 0.41640625000000003 0.2775175644028103 0.0140625 0.02107728337236534
2 0.390625 0.23536299765807964 0.0125 0.02576112412177986
2 0.41015625 0.23536299765807964 0.0171875 0.02107728337236534
2 0.42890625000000004 0.2306791569086651 0.010937500000000001 0.02576112412177986
2 0.43046875 0.20725995316159251 0.010937500000000001 0.02107728337236534
2 0.38906250000000003 0.18969555035128804 0.015625 0.023419203747072598
2 0.48750000000000004 0.5398126463700235 0.028125 0.0585480093676815
2 0.496875 0.4531615925058548 0.028125 0.04449648711943794
2 0.5234375 0.42271662763466045 0.028125 0.0351288056206089
2 0.55390625 0.38173302107728335 0.0234375 0.03747072599531616
2 0.53671875 0.3524590163934426 0.0171875 0.0351288056206089
2 0.5984375000000001 0.4203747072599532 0.028125 0.0351288056206089
2 0.61640625 0.35362997658079626 0.0203125 0.03747072599531616
2 0.68515625 0.3559718969555035 0.0171875 0.03747072599531616
2 0.70078125 0.3407494145199063 0.0140625 0.03044496487119438
2 0.6570312500000001 0.3325526932084309 0.0171875 0.02810304449648712
2 0.6328125 0.33138173302107726 0.015625 0.02107728337236534
2 0.7203125 0.3360655737704918 0.0125 0.03044496487119438
2 0.4390625 0.18266978922716628 0.0125 0.023419203747072598
2 0.45 0.20843091334894615 0.0125 0.023419203747072598
2 0.47421875 0.19086651053864168 0.0140625 0.02576112412177986
2 0.48515625 0.16744730679156908 0.0140625 0.03044496487119438
2 0.5109375 0.20960187353629978 0.0125 0.02576112412177986
2 0.52890625 0.20960187353629978 0.0140625 0.02576112412177986
2 0.55234375 0.20960187353629978 0.0140625 0.02576112412177986
2 0.5554687500000001 0.18618266978922718 0.010937500000000001 0.02107728337236534
2 0.57265625 0.20960187353629978 0.0140625 0.02107728337236534
2 0.6101562500000001 0.16159250585480095 0.010937500000000001 0.023419203747072598
2 0.6546875000000001 0.16627634660421545 0.0125 0.023419203747072598
2 0.6570312500000001 0.20960187353629978 0.010937500000000001 0.02107728337236534
2 0.6351562500000001 0.19086651053864168 0.0140625 0.02107728337236534
2 0.61484375 0.20725995316159251 0.010937500000000001 0.01639344262295082
2 0.61484375 0.23185011709601874 0.010937500000000001 0.01873536299765808
2 0.6101562500000001 0.25175644028103045 0.010937500000000001 0.01639344262295082
2 0.6375000000000001 0.21662763466042154 0.015625 0.01639344262295082
2 0.6570312500000001 0.24824355971896955 0.0140625 0.01873536299765808
2 0.6335937500000001 0.2540983606557377 0.010937500000000001 0.02107728337236534
2 0.56484375 0.3360655737704918 0.0171875 0.03044496487119438
2 0.59609375 0.3407494145199063 0.010937500000000001 0.0351288056206089
2 0.68359375 0.1323185011709602 0.0390625 0.07728337236533958
