0 0.007083333333333334 0.7124223602484472 0.014166666666666668 0.055900621118012424
0 0.025 0.7136645962732919 0.011666666666666667 0.04596273291925466
0 0.04125 0.7037267080745342 0.014166666666666668 0.05093167701863354
0 0.05166666666666667 0.7142857142857143 0.008333333333333333 0.03229813664596273
0 0.06833333333333334 0.6962732919254658 0.006666666666666667 0.028571428571428574
0 0.09250000000000001 0.7006211180124224 0.01 0.037267080745341616
0 0.09833333333333334 0.6931677018633541 0.01 0.03975155279503106
0 0.11833333333333335 0.6975155279503106 0.008333333333333333 0.031055900621118012
0 0.19083333333333335 0.7198757763975155 0.01 0.0360248447204969
0 0.18125000000000002 0.7161490683229814 0.010833333333333334 0.03850931677018634
0 0.21875000000000003 0.7204968944099379 0.009166666666666667 0.037267080745341616
0 0.24166666666666667 0.7192546583850932 0.01 0.03975155279503106
0 0.25083333333333335 0.6944099378881988 0.008333333333333333 0.02981366459627329
0 0.2629166666666667 0.7173913043478262 0.009166666666666667 0.03354037267080746
0 0.30541666666666667 0.7111801242236025 0.010833333333333334 0.040993788819875775
0 0.6112500000000001 0.6919254658385093 0.007500000000000001 0.02981366459627329
0 0.9629166666666668 0.7062111801242237 0.009166666666666667 0.03354037267080746
0 0.9495833333333334 0.7037267080745342 0.009166666666666667 0.0360248447204969
0 0.9287500000000001 0.7006211180124224 0.010833333333333334 0.03975155279503106
0 0.8608333333333333 0.7031055900621118 0.008333333333333333 0.02981366459627329
0 0.7875000000000001 0.6968944099378882 0.006666666666666667 0.02484472049689441
2 0.13416666666666668 0.7018633540372671 0.011666666666666667 0.02484472049689441
2 0.41875 0.6962732919254658 0.009166666666666667 0.013664596273291927
2 0.55 0.7248447204968944 0.018333333333333333 0.016149068322981366
2 0.5204166666666667 0.722360248447205 0.0175 0.031055900621118012
2 0.6445833333333334 0.7124223602484472 0.0125 0.0360248447204969
2 0.6604166666666668 0.7161490683229814 0.014166666666666668 0.028571428571428574
2 0.6995833333333333 0.7180124223602484 0.015833333333333335 0.034782608695652174
2 0.8170833333333334 0.7291925465838509 0.015833333333333335 0.02236024844720497
2 0.8712500000000001 0.7049689440993789 0.010833333333333334 0.016149068322981366
2 0.9408333333333334 0.7055900621118013 0.008333333333333333 0.01987577639751553
2 0.9875 0.7198757763975155 0.021666666666666667 0.0484472049689441
3 0.36083333333333334 0.5 0.09666666666666668 0.28695652173913044
3 0.49500000000000005 0.6565217391304348 0.021666666666666667 0.0782608695652174
3 0.4841666666666667 0.6782608695652174 0.02666666666666667 0.03229813664596273
3 0.46625000000000005 0.6565217391304348 0.022500000000000003 0.06832298136645963
