0 0.2046440972222222 0.654296875 0.07942708333333333 0.29166666666666663
0 0.27994791666666663 0.6722005208333333 0.08072916666666666 0.2962239583333333
0 0.2901475694444444 0.6236979166666666 0.0837673611111111 0.3059895833333333
0 0.3626302083333333 0.6695963541666666 0.07682291666666666 0.28190104166666663
0 0.41276041666666663 0.6767578125 0.07552083333333333 0.27799479166666663
0 0.48849826388888884 0.6761067708333333 0.08463541666666666 0.30924479166666663
0 0.537109375 0.6412760416666666 0.0915798611111111 0.3372395833333333
0 0.5868055555555555 0.6624348958333333 0.08159722222222222 0.298828125
0 0.6065538194444444 0.6806640625 0.09852430555555555 0.3626302083333333
0 0.751953125 0.6188151041666666 0.07335069444444443 0.27018229166666663
0 0.8040364583333333 0.6149088541666666 0.07161458333333333 0.26236979166666663
0 0.9123263888888888 0.6009114583333333 0.06857638888888888 0.2513020833333333
0 0.8977864583333333 0.6061197916666666 0.06727430555555555 0.24739583333333331
2 0.7217881944444444 0.751953125 0.12586805555555555 0.13802083333333331
2 0.8289930555555555 0.6689453125 0.07725694444444443 0.11263020833333333
2 0.8921440972222222 0.65234375 0.06987847222222222 0.109375
2 0.8582899305555555 0.7164713541666666 0.13324652777777776 0.166015625
2 0.9524739583333333 0.783203125 0.08810763888888888 0.1484375
2 0.93359375 0.7477213541666666 0.09635416666666666 0.193359375
2 0.9828559027777777 0.6653645833333333 0.02907986111111111 0.12890625
2 0.400390625 0.5315755208333333 0.06206597222222222 0.087890625
2 0.8244357638888888 0.5556640625 0.047309027777777776 0.15169270833333331
