0 0.13110307414104883 0.5922459893048128 0.0922242314647378 0.3342245989304813
0 0.17088607594936708 0.5975935828877005 0.09584086799276673 0.3449197860962567
0 0.19981916817359854 0.5855614973262032 0.11754068716094032 0.42780748663101603
0 0.294755877034358 0.606951871657754 0.12296564195298372 0.4491978609625668
0 0.3589511754068716 0.6096256684491979 0.09584086799276673 0.3529411764705882
0 0.4086799276672694 0.6042780748663101 0.08318264014466546 0.3101604278074866
0 0.4701627486437613 0.6176470588235293 0.09764918625678119 0.3582887700534759
0 0.488245931283906 0.6296791443850267 0.07956600361663653 0.29679144385026734
0 0.6347197106690777 0.6363636363636364 0.13381555153707053 0.48128342245989303
0 0.7242314647377939 0.6377005347593583 0.10669077757685352 0.38235294117647056
0 0.7703435804701627 0.6483957219251336 0.09764918625678119 0.35026737967914434
0 0.8878842676311031 0.6377005347593583 0.11211573236889692 0.40909090909090906
2 0.6962025316455696 0.5280748663101604 0.05786618444846293 0.13636363636363635
