0 0.04916666666666667 0.69875 0.09833333333333334 0.5375
0 0.10333333333333335 0.63 0.11333333333333334 0.42
0 0.17833333333333334 0.59 0.08 0.3
0 0.24500000000000002 0.58375 0.07333333333333333 0.2725
0 0.2991666666666667 0.5675 0.06166666666666667 0.23
0 0.33 0.55125 0.06333333333333334 0.2325
0 0.35750000000000004 0.54125 0.058333333333333334 0.2125
0 0.37833333333333335 0.54125 0.05 0.1825
0 0.4008333333333334 0.5337500000000001 0.045000000000000005 0.1625
0 0.42083333333333334 0.52875 0.04166666666666667 0.1575
0 0.4666666666666667 0.52375 0.04 0.1525
0 0.49750000000000005 0.5125 0.03833333333333334 0.14
0 0.5375000000000001 0.49875 0.045000000000000005 0.1625
0 0.5808333333333334 0.51625 0.045000000000000005 0.1625
0 0.6225 0.5175 0.045000000000000005 0.17
0 0.6658333333333334 0.51375 0.05166666666666667 0.1875
0 0.7100000000000001 0.5275 0.05333333333333334 0.195
0 0.8208333333333334 0.46625 0.028333333333333335 0.1125
0 0.8566666666666667 0.51 0.05 0.185
0 0.9033333333333334 0.51625 0.05666666666666667 0.2125
0 0.9683333333333334 0.50625 0.05 0.1825
2 0.49500000000000005 0.455 0.016666666666666666 0.06
