0 0.04137323943661972 0.75 0.0721830985915493 0.2696335078534032
0 0.07834507042253522 0.7486910994764399 0.0721830985915493 0.2617801047120419
0 0.1619718309859155 0.8089005235602095 0.07746478873239437 0.28272251308900526
0 0.18221830985915494 0.7460732984293195 0.07922535211267606 0.2879581151832461
0 0.20950704225352113 0.7146596858638744 0.07394366197183098 0.2774869109947644
0 0.1091549295774648 0.6884816753926702 0.05985915492957747 0.21465968586387435
0 0.272887323943662 0.7761780104712043 0.08098591549295775 0.29581151832460734
0 0.2992957746478873 0.7238219895287958 0.07746478873239437 0.28534031413612565
0 0.3336267605633803 0.7539267015706806 0.08274647887323944 0.30366492146596863
0 0.3846830985915493 0.7801047120418849 0.08274647887323944 0.3089005235602094
0 0.4084507042253521 0.7159685863874345 0.07746478873239437 0.28534031413612565
0 0.46742957746478875 0.7879581151832461 0.08626760563380281 0.3193717277486911
0 0.5017605633802817 0.7172774869109948 0.08098591549295775 0.29319371727748694
0 0.5536971830985916 0.8089005235602095 0.0897887323943662 0.32460732984293195
0 0.5871478873239436 0.786649214659686 0.08626760563380281 0.3167539267015707
0 0.5563380281690141 0.6007853403141361 0.05985915492957747 0.22251308900523561
0 0.6734154929577465 0.7369109947643979 0.07922535211267606 0.28534031413612565
0 0.7174295774647887 0.7984293193717278 0.08274647887323944 0.3089005235602094
0 0.8380281690140845 0.7460732984293195 0.07394366197183098 0.2670157068062827
0 0.7191901408450705 0.6178010471204188 0.08274647887323944 0.3089005235602094
0 0.6857394366197184 0.630890052356021 0.07922535211267606 0.2879581151832461
0 0.8169014084507042 0.6505235602094241 0.09154929577464789 0.337696335078534
0 0.932218309859155 0.6609947643979058 0.07922535211267606 0.29581151832460734
0 0.9049295774647887 0.6191099476439791 0.07394366197183098 0.2696335078534032
0 0.9700704225352113 0.5706806282722513 0.056338028169014086 0.2879581151832461
0 0.6285211267605634 0.6662303664921466 0.07746478873239437 0.2801047120418848
2 0.03609154929577465 0.7971204188481675 0.06866197183098592 0.3481675392670157
2 0.24559859154929578 0.6583769633507853 0.04753521126760563 0.1649214659685864
2 0.3494718309859155 0.6034031413612566 0.03697183098591549 0.0549738219895288
2 0.3380281690140845 0.581151832460733 0.03169014084507042 0.04712041884816754
2 0.45510563380281693 0.5628272251308901 0.04401408450704226 0.05759162303664922
2 0.6522887323943662 0.5143979057591623 0.051056338028169015 0.10732984293193717
2 0.9216549295774648 0.43062827225130895 0.04401408450704226 0.13350785340314136
