0 0.08666666666666667 0.655 0.03333333333333333 0.13
0 0.06333333333333334 0.64 0.03333333333333333 0.13
0 0.14833333333333334 0.615 0.05 0.19
0 0.195 0.59 0.06333333333333334 0.25
0 0.25 0.665 0.02666666666666667 0.1
0 0.2816666666666667 0.67 0.023333333333333334 0.09
0 0.325 0.555 0.07666666666666667 0.29
0 0.38 0.635 0.04666666666666667 0.17
0 0.4133333333333334 0.47000000000000003 0.14 0.53
0 0.45833333333333337 0.615 0.05666666666666667 0.22
0 0.4733333333333334 0.6675 0.02666666666666667 0.115
0 0.515 0.65 0.03666666666666667 0.13
0 0.5683333333333334 0.62 0.05 0.18
0 0.615 0.6125 0.05666666666666667 0.215
0 0.6766666666666667 0.545 0.09333333333333334 0.34
0 0.6966666666666667 0.6075 0.04666666666666667 0.17500000000000002
0 0.7233333333333334 0.6375000000000001 0.04 0.145
0 0.81 0.615 0.04666666666666667 0.19
0 0.8383333333333334 0.5775 0.07 0.275
0 0.9083333333333334 0.5925 0.06333333333333334 0.23500000000000001
0 0.8700000000000001 0.63 0.03333333333333333 0.12
0 0.9700000000000001 0.6 0.05333333333333334 0.21
0 0.10833333333333334 0.66 0.023333333333333334 0.09
0 0.35833333333333334 0.665 0.023333333333333334 0.09
2 0.05166666666666667 0.65 0.03666666666666667 0.1
2 0.058333333333333334 0.5175 0.10333333333333335 0.485
2 0.18166666666666667 0.645 0.030000000000000002 0.07
2 0.2316666666666667 0.615 0.030000000000000002 0.14
2 0.4366666666666667 0.6725 0.02666666666666667 0.095
2 0.9383333333333334 0.63 0.05 0.16
2 0.5983333333333334 0.6725 0.023333333333333334 0.075
2 0.6466666666666667 0.6725 0.03333333333333333 0.055
