0 0.026000000000000002 0.6002673796791443 0.04 0.13636363636363635
0 0.08 0.5909090909090908 0.04 0.1283422459893048
0 0.13 0.5815508021390374 0.036000000000000004 0.12566844919786097
0 0.167 0.5721925133689839 0.034 0.11764705882352941
0 0.189 0.5735294117647058 0.034 0.11497326203208555
0 0.216 0.5641711229946523 0.032 0.10695187165775401
0 0.201 0.56951871657754 0.03 0.1016042780748663
0 0.266 0.5641711229946523 0.028 0.0962566844919786
0 0.425 0.6911764705882353 0.162 0.5320855614973262
0 0.51 0.6550802139037433 0.16 0.5240641711229946
0 0.612 0.6737967914438502 0.152 0.49732620320855614
0 0.925 0.5334224598930482 0.062 0.20588235294117646
0 0.97 0.4745989304812834 0.016 0.05080213903743315
0 0.881 0.5026737967914439 0.034 0.11764705882352941
0 0.851 0.4959893048128342 0.022 0.07754010695187165
0 0.8300000000000001 0.4799465240641711 0.016 0.05080213903743315
0 0.809 0.5066844919786095 0.022 0.07219251336898395
0 0.789 0.4959893048128342 0.022 0.07219251336898395
0 0.771 0.48930481283422456 0.014 0.0481283422459893
0 0.752 0.5080213903743315 0.028 0.0962566844919786
0 0.717 0.516042780748663 0.014 0.053475935828877004
0 0.685 0.5133689839572192 0.022 0.0748663101604278
2 0.015 0.5227272727272727 0.03 0.09358288770053476
2 0.04 0.5133689839572192 0.036000000000000004 0.08021390374331551
2 0.075 0.5227272727272727 0.038 0.08288770053475936
2 0.097 0.5227272727272727 0.03 0.08288770053475936
2 0.076 0.4652406417112299 0.02 0.0374331550802139
2 0.154 0.5080213903743315 0.032 0.0641711229946524
2 0.18 0.4919786096256684 0.024 0.0427807486631016
2 0.247 0.49732620320855614 0.034 0.0748663101604278
2 0.28800000000000003 0.5561497326203209 0.024 0.0855614973262032
2 0.313 0.5614973262032085 0.042 0.0855614973262032
2 0.34400000000000003 0.5601604278074866 0.04 0.08823529411764705
2 0.223 0.5093582887700534 0.014 0.02406417112299465
2 0.45 0.5013368983957219 0.024 0.040106951871657755
2 0.631 0.48262032085561496 0.018000000000000002 0.02406417112299465
2 0.663 0.4866310160427807 0.014 0.026737967914438502
2 0.9430000000000001 0.46256684491978606 0.022 0.0481283422459893
2 0.895 0.4679144385026738 0.014 0.0374331550802139
