0 0.3338888888888889 0.20036101083032493 0.012222222222222223 0.05415162454873646
0 0.32611111111111113 0.20126353790613719 0.014444444444444444 0.055956678700361015
0 0.34555555555555556 0.20667870036101083 0.011111111111111112 0.04512635379061372
0 0.37 0.2157039711191336 0.008888888888888889 0.03429602888086643
0 0.38166666666666665 0.22653429602888087 0.01 0.03790613718411553
0 0.4166666666666667 0.23104693140794225 0.008888888888888889 0.039711191335740074
0 0.4861111111111111 0.25631768953068595 0.0077777777777777776 0.03249097472924188
0 0.49722222222222223 0.2581227436823105 0.0077777777777777776 0.036101083032490974
0 0.5027777777777778 0.2527075812274368 0.0077777777777777776 0.036101083032490974
0 0.16333333333333333 0.41335740072202165 0.022222222222222223 0.09025270758122744
0 0.014444444444444444 0.43231046931407946 0.028888888888888888 0.12815884476534298
0 0.044444444444444446 0.4476534296028881 0.035555555555555556 0.1407942238267148
0 0.22666666666666666 0.4205776173285199 0.03111111111111111 0.1263537906137184
0 0.185 0.44584837545126355 0.03666666666666667 0.148014440433213
0 0.24555555555555555 0.4476534296028881 0.03777777777777778 0.148014440433213
0 0.2577777777777778 0.41787003610108303 0.024444444444444446 0.10288808664259928
0 0.27 0.4205776173285199 0.024444444444444446 0.10108303249097474
0 0.9722222222222222 0.4151624548736462 0.03333333333333333 0.1371841155234657
0 0.9505555555555556 0.4232851985559567 0.03 0.12093862815884476
0 0.7211111111111111 0.40613718411552346 0.015555555555555555 0.06859205776173286
0 0.7038888888888889 0.3953068592057762 0.012222222222222223 0.05054151624548737
0 0.6833333333333333 0.3944043321299639 0.013333333333333332 0.05956678700361011
0 0.5283333333333333 0.3853790613718412 0.01 0.03790613718411553
0 0.2811111111111111 0.40252707581227437 0.015555555555555555 0.06859205776173286
2 0.23777777777777778 0.3772563176895307 0.013333333333333332 0.02888086642599278
2 0.31222222222222223 0.4277978339350181 0.028888888888888888 0.11913357400722022
2 0.345 0.4232851985559567 0.043333333333333335 0.12815884476534298
2 0.38 0.4268953068592058 0.051111111111111114 0.13537906137184116
2 0.41055555555555556 0.434115523465704 0.043333333333333335 0.13537906137184116
2 0.4494444444444444 0.4620938628158845 0.056666666666666664 0.09386281588447654
2 0.4938888888888889 0.47743682310469315 0.04555555555555556 0.12454873646209387
2 0.5144444444444445 0.4196750902527076 0.042222222222222223 0.13176895306859207
2 0.49777777777777776 0.3853790613718412 0.008888888888888889 0.03068592057761733
2 0.5477777777777778 0.3817689530685921 0.028888888888888888 0.06678700361010831
2 0.5661111111111111 0.434115523465704 0.06111111111111111 0.13176895306859207
2 0.585 0.41335740072202165 0.03666666666666667 0.1407942238267148
2 0.6172222222222222 0.40523465703971123 0.04555555555555556 0.12093862815884476
2 0.5988888888888889 0.5189530685920578 0.042222222222222223 0.14620938628158844
2 0.8238888888888889 0.4873646209386282 0.08777777777777777 0.1624548736462094
2 0.9216666666666666 0.5956678700361011 0.09 0.2924187725631769
2 0.9677777777777777 0.6037906137184116 0.06222222222222222 0.15703971119133575
2 0.7144444444444444 0.8935018050541517 0.1688888888888889 0.20216606498194947
2 0.3433333333333333 0.5279783393501806 0.057777777777777775 0.18953068592057762
2 0.08166666666666667 0.40974729241877256 0.021111111111111112 0.043321299638989175
2 0.14222222222222222 0.4088447653429603 0.015555555555555555 0.04512635379061372
2 0.6633333333333333 0.27256317689530685 0.017777777777777778 0.025270758122743684
2 0.6783333333333333 0.26895306859205775 0.012222222222222223 0.025270758122743684
2 0.7411111111111112 0.39981949458483756 0.028888888888888888 0.0631768953068592
2 0.7933333333333333 0.40433212996389895 0.03333333333333333 0.07581227436823106
