0 0.5866666666666667 0.4556213017751479 0.1 0.4437869822485207
0 0.7533333333333334 0.39201183431952663 0.05666666666666667 0.2514792899408284
0 0.165 0.3165680473372781 0.03666666666666667 0.15976331360946744
0 0.9116666666666667 0.34467455621301774 0.04 0.1804733727810651
0 0.9450000000000001 0.35650887573964496 0.043333333333333335 0.1923076923076923
0 0.9641666666666667 0.36538461538461536 0.045000000000000005 0.1982248520710059
0 0.7933333333333333 0.3254437869822485 0.03333333333333333 0.15384615384615385
0 0.77 0.3269230769230769 0.03666666666666667 0.16272189349112426
2 0.8550000000000001 0.3165680473372781 0.03333333333333333 0.07692307692307693
4 0.24500000000000002 0.28106508875739644 0.24666666666666667 0.07100591715976332
4 0.4466666666666667 0.2958579881656805 0.15333333333333335 0.1301775147928994
4 0.5491666666666667 0.2662721893491124 0.045000000000000005 0.05325443786982249
4 0.6766666666666667 0.2943786982248521 0.11 0.07396449704142012
4 0.060000000000000005 0.5384615384615384 0.11666666666666667 0.8875739644970414
