0 0.04083333333333333 0.6614173228346456 0.058333333333333334 0.22572178477690288
0 0.14 0.6942257217847769 0.060000000000000005 0.22834645669291337
0 0.19666666666666668 0.610236220472441 0.05 0.19160104986876642
0 0.30083333333333334 0.6968503937007874 0.07166666666666667 0.2755905511811024
0 0.33916666666666667 0.6141732283464567 0.04833333333333334 0.1942257217847769
0 0.37083333333333335 0.7493438320209974 0.08833333333333333 0.3438320209973753
0 0.48750000000000004 0.7099737532808399 0.07500000000000001 0.29658792650918636
0 0.4566666666666667 0.60498687664042 0.030000000000000002 0.11811023622047244
0 0.5558333333333334 0.7795275590551181 0.09166666666666667 0.3569553805774278
0 0.5191666666666667 0.6535433070866141 0.058333333333333334 0.23097112860892388
0 0.6016666666666667 0.6968503937007874 0.06333333333333334 0.24934383202099736
0 0.6341666666666667 0.6640419947506562 0.05166666666666667 0.2047244094488189
0 0.6575000000000001 0.6456692913385826 0.04833333333333334 0.1837270341207349
0 0.9483333333333334 0.6128608923884514 0.04 0.16010498687664043
0 0.9775 0.6811023622047244 0.04166666666666667 0.21784776902887137
0 0.7941666666666667 0.5708661417322834 0.025 0.10236220472440945
0 0.9 0.568241469816273 0.02 0.08661417322834646
2 0.37083333333333335 0.5236220472440944 0.025 0.04461942257217848
