0 0.33768115942028987 0.6442516268980477 0.1681159420289855 0.6117136659436009
0 0.4934782608695652 0.6171366594360087 0.050724637681159424 0.19305856832971802
0 0.5855072463768116 0.6117136659436009 0.03188405797101449 0.12147505422993493
0 0.7405797101449275 0.5574837310195228 0.04927536231884058 0.1822125813449024
0 0.8456521739130435 0.586767895878525 0.20144927536231885 0.7396963123644252
0 0.7043478260869566 0.5585683297180044 0.028985507246376812 0.10629067245119306
0 0.9731884057971014 0.5553145336225597 0.030434782608695653 0.11713665943600868
0 0.6391304347826087 0.5574837310195228 0.028985507246376812 0.10412147505422994
0 0.213768115942029 0.5455531453362256 0.02753623188405797 0.10195227765726682
0 0.44782608695652176 0.5488069414316703 0.026086956521739132 0.09544468546637744
0 0.4702898550724638 0.544468546637744 0.02463768115942029 0.0911062906724512
0 0.5355072463768116 0.5498915401301518 0.02463768115942029 0.09327548806941433
2 0.682608695652174 0.49457700650759223 0.028985507246376812 0.05206073752711497
2 0.40869565217391307 0.4175704989154013 0.0463768115942029 0.11496746203904555
