0 0.2217391304347826 0.44880174291939 0.12173913043478261 0.44880174291939
0 0.33260869565217394 0.3311546840958606 0.07391304347826087 0.2788671023965142
0 0.3717391304347826 0.30936819172113295 0.07971014492753624 0.30065359477124187
0 0.4173913043478261 0.26252723311546844 0.05507246376811594 0.2069716775599129
0 0.4673913043478261 0.29520697167755994 0.07391304347826087 0.27668845315904145
0 0.5644927536231884 0.3921568627450981 0.050724637681159424 0.1917211328976035
0 0.021739130434782608 0.45533769063180835 0.043478260869565216 0.19607843137254904
0 0.963768115942029 0.3104575163398693 0.06956521739130435 0.30718954248366015
0 0.7557971014492754 0.3801742919389979 0.030434782608695653 0.11111111111111112
0 0.7847826086956522 0.369281045751634 0.030434782608695653 0.11546840958605666
0 0.8079710144927537 0.3714596949891068 0.02463768115942029 0.09803921568627452
0 0.8456521739130435 0.36165577342047933 0.02753623188405797 0.10457516339869283
0 0.8695652173913043 0.3583877995642702 0.026086956521739132 0.10239651416122006
0 0.6811594202898551 0.3845315904139434 0.03188405797101449 0.12418300653594773
0 0.7094202898550724 0.3845315904139434 0.030434782608695653 0.11546840958605666
0 0.6543478260869565 0.3790849673202615 0.030434782608695653 0.11328976034858389
0 0.04492753623188406 0.4477124183006536 0.04927536231884058 0.1851851851851852
2 0.24130434782608695 0.14705882352941177 0.0536231884057971 0.08496732026143791
2 0.08550724637681159 0.3453159041394336 0.026086956521739132 0.054466230936819175
2 0.9159420289855073 0.36274509803921573 0.052173913043478265 0.12418300653594773
