0 0.07833333333333334 0.5925 0.10333333333333335 0.375
0 0.35000000000000003 0.5925 0.1 0.365
0 0.2733333333333334 0.59 0.09333333333333334 0.35000000000000003
0 0.225 0.5650000000000001 0.07 0.26
0 0.18833333333333335 0.5650000000000001 0.06333333333333334 0.24
0 0.14 0.545 0.060000000000000005 0.23
0 0.4466666666666667 0.5750000000000001 0.07333333333333333 0.27
0 0.4083333333333334 0.5675 0.07 0.275
0 0.55 0.56 0.13333333333333333 0.49
0 0.635 0.5700000000000001 0.07666666666666667 0.28
0 0.6983333333333334 0.59 0.07666666666666667 0.28
0 0.7983333333333333 0.625 0.15000000000000002 0.56
0 0.8983333333333334 0.535 0.09000000000000001 0.34
0 0.9600000000000001 0.5675 0.07333333333333333 0.365
2 0.8533333333333334 0.3675 0.06666666666666667 0.145
