0 0.08333333333333334 0.68625 0.05 0.1825
0 0.165 0.73375 0.05 0.1925
0 0.23 0.7625000000000001 0.05 0.19
0 0.28583333333333333 0.8025 0.055 0.21
0 0.3441666666666667 0.8512500000000001 0.06166666666666667 0.2275
0 0.43583333333333335 0.79 0.058333333333333334 0.215
0 0.5 0.8425 0.060000000000000005 0.225
0 0.635 0.80625 0.060000000000000005 0.2175
0 0.5641666666666667 0.77 0.055 0.20500000000000002
0 0.7566666666666667 0.7675000000000001 0.05333333333333334 0.195
0 0.6983333333333334 0.72375 0.05 0.1875
0 0.8241666666666667 0.74125 0.055 0.2025
0 0.8883333333333334 0.71375 0.04666666666666667 0.17250000000000001
0 0.27166666666666667 0.72 0.05666666666666667 0.20500000000000002
0 0.41000000000000003 0.67625 0.05 0.1875
2 0.20833333333333334 0.57875 0.03666666666666667 0.0375
2 0.37000000000000005 0.62 0.03333333333333333 0.055
2 0.3591666666666667 0.6675 0.04166666666666667 0.06
2 0.47500000000000003 0.62375 0.02666666666666667 0.0475
2 0.5291666666666667 0.6012500000000001 0.04166666666666667 0.0825
2 0.5900000000000001 0.63625 0.03333333333333333 0.0675
2 0.6158333333333333 0.59875 0.04833333333333334 0.0675
