0 0.14100000000000001 0.708 0.154 0.504
0 0.20600000000000002 0.6626666666666666 0.18 0.5893333333333333
0 0.262 0.696 0.184 0.5973333333333333
0 0.332 0.6826666666666666 0.17200000000000001 0.5599999999999999
0 0.40800000000000003 0.6933333333333334 0.176 0.5706666666666667
0 0.511 0.7093333333333333 0.162 0.528
0 0.606 0.7213333333333333 0.148 0.48266666666666663
0 0.717 0.7226666666666667 0.158 0.5173333333333333
0 0.787 0.6653333333333333 0.158 0.52
0 0.918 0.6906666666666667 0.16 0.5599999999999999
0 0.083 0.5946666666666667 0.114 0.3733333333333333
0 0.045 0.564 0.09 0.296
2 0.454 0.4026666666666667 0.06 0.10666666666666666
2 0.594 0.36933333333333335 0.092 0.07733333333333334
2 0.116 0.33199999999999996 0.06 0.056
2 0.06 0.328 0.064 0.08533333333333333
2 0.28 0.35733333333333334 0.08 0.05333333333333333
2 0.375 0.34933333333333333 0.034 0.03733333333333333
2 0.41000000000000003 0.3133333333333333 0.036000000000000004 0.04533333333333333
2 0.869 0.37066666666666664 0.106 0.08
2 0.685 0.39599999999999996 0.038 0.072
