0 0.045000000000000005 0.6888888888888889 0.09000000000000001 0.36444444444444446
0 0.115 0.6977777777777778 0.13 0.42666666666666664
0 0.24500000000000002 0.6888888888888889 0.13 0.43555555555555553
0 0.3416666666666667 0.7022222222222222 0.1366666666666667 0.4444444444444444
0 0.4666666666666667 0.7 0.14666666666666667 0.47555555555555556
0 0.5883333333333334 0.6844444444444444 0.14333333333333334 0.48
0 0.7166666666666667 0.7044444444444444 0.14666666666666667 0.47555555555555556
0 0.8416666666666667 0.7022222222222222 0.14333333333333334 0.48
0 0.9483333333333334 0.6666666666666666 0.09666666666666668 0.5777777777777777
2 0.2866666666666667 0.30666666666666664 0.10666666666666667 0.12444444444444444
2 0.3866666666666667 0.3422222222222222 0.060000000000000005 0.12444444444444444
2 0.4783333333333334 0.29333333333333333 0.06333333333333334 0.08
2 0.4733333333333334 0.37555555555555553 0.07333333333333333 0.06666666666666667
2 0.5883333333333334 0.3466666666666667 0.05666666666666667 0.11555555555555555
2 0.7166666666666667 0.3 0.07333333333333333 0.06666666666666667
2 0.7150000000000001 0.36666666666666664 0.06333333333333334 0.057777777777777775
2 0.8216666666666668 0.29555555555555557 0.05 0.10222222222222223
2 0.8766666666666667 0.3688888888888889 0.05333333333333334 0.09777777777777778
2 0.9516666666666668 0.25555555555555554 0.07 0.13777777777777778
