0 0.09875 0.6898496240601504 0.1375 0.5075187969924811
0 0.20500000000000002 0.7086466165413533 0.105 0.3872180451127819
0 0.28250000000000003 0.6823308270676691 0.115 0.4323308270676691
0 0.37875000000000003 0.6597744360902256 0.0675 0.25187969924812026
0 0.51375 0.7142857142857142 0.1275 0.47368421052631576
0 0.6587500000000001 0.6992481203007519 0.0925 0.3458646616541353
0 0.71875 0.6409774436090225 0.0675 0.2593984962406015
0 0.7837500000000001 0.7124060150375939 0.1375 0.5150375939849624
0 0.455 0.6522556390977443 0.085 0.31954887218045114
2 0.86 0.36278195488721804 0.165 0.21428571428571427
