0 0.037 0.5906148867313916 0.074 0.33980582524271846
0 0.073 0.5598705501618123 0.082 0.3236245954692557
0 0.244 0.5647249190938511 0.08 0.32038834951456313
0 0.092 0.5598705501618123 0.076 0.3042071197411003
0 0.292 0.5533980582524272 0.07200000000000001 0.284789644012945
0 0.397 0.6585760517799353 0.15 0.598705501618123
0 0.499 0.6375404530744336 0.146 0.5760517799352751
0 0.614 0.6634304207119741 0.148 0.5954692556634305
0 0.5710000000000001 0.5485436893203883 0.094 0.37216828478964403
0 0.735 0.5679611650485438 0.11800000000000001 0.4627831715210356
0 0.8190000000000001 0.5501618122977346 0.08600000000000001 0.34304207119741104
0 0.879 0.5631067961165048 0.074 0.29126213592233013
0 0.96 0.5161812297734628 0.076 0.3527508090614887
0 0.93 0.511326860841424 0.08 0.3236245954692557
0 0.34800000000000003 0.5307443365695793 0.084 0.3300970873786408
2 0.464 0.36893203883495146 0.032 0.11003236245954694
2 0.887 0.34951456310679613 0.038 0.09061488673139159
2 0.84 0.3381877022653722 0.048 0.08090614886731393
2 0.773 0.3300970873786408 0.046 0.09061488673139159
