0 0.47890625000000003 0.6222222222222222 0.15156250000000002 0.6666666666666667
0 0.06406250000000001 0.5222222222222223 0.12812500000000002 0.5888888888888889
0 0.15859375 0.3888888888888889 0.0578125 0.25
0 0.09453125000000001 0.39166666666666666 0.0671875 0.3
0 0.19375 0.3791666666666667 0.065625 0.28611111111111115
0 0.2546875 0.42083333333333334 0.09062500000000001 0.39722222222222225
0 0.34687500000000004 0.46111111111111114 0.1125 0.48888888888888893
0 0.62265625 0.4291666666666667 0.0921875 0.4027777777777778
0 0.7765625 0.5513888888888889 0.1375 0.6027777777777777
0 0.8453125 0.40694444444444444 0.078125 0.3472222222222222
0 0.93671875 0.4930555555555556 0.1203125 0.5305555555555556
0 0.8773437500000001 0.30972222222222223 0.045312500000000006 0.20277777777777778
0 0.9109375000000001 0.31527777777777777 0.046875 0.20833333333333334
0 0.54921875 0.34444444444444444 0.0546875 0.2388888888888889
0 0.2265625 0.3888888888888889 0.0625 0.27222222222222225
2 0.07968750000000001 0.16666666666666669 0.046875 0.09444444444444444
2 0.0421875 0.1513888888888889 0.025 0.0638888888888889
2 0.01171875 0.2638888888888889 0.0203125 0.08888888888888889
2 0.2921875 0.16666666666666669 0.03125 0.06666666666666667
2 0.3203125 0.17222222222222222 0.025 0.07222222222222223
2 0.44140625 0.16527777777777777 0.035937500000000004 0.0638888888888889
2 0.3875 0.18472222222222223 0.025 0.06944444444444445
2 0.40390625 0.23194444444444445 0.026562500000000003 0.04722222222222222
2 0.5007812500000001 0.16527777777777777 0.0421875 0.058333333333333334
2 0.5609375 0.16944444444444445 0.043750000000000004 0.05
2 0.51171875 0.25972222222222224 0.0421875 0.11944444444444445
