0 0.038 0.8127035830618893 0.048 0.19218241042345277
0 0.077 0.6254071661237786 0.038 0.15635179153094464
0 0.20600000000000002 0.7035830618892508 0.044 0.18241042345276873
0 0.184 0.8680781758957655 0.044 0.1726384364820847
0 0.393 0.7052117263843648 0.042 0.1791530944625407
0 0.442 0.8208469055374593 0.048 0.20195439739413681
0 0.507 0.737785016286645 0.038 0.15309446254071662
0 0.59 0.8827361563517916 0.04 0.1693811074918567
0 0.607 0.7198697068403909 0.038 0.15635179153094464
0 0.669 0.8778501628664496 0.042 0.1791530944625407
0 0.785 0.7671009771986971 0.042 0.1726384364820847
0 0.7010000000000001 0.7231270358306189 0.038 0.16286644951140067
0 0.849 0.7280130293159609 0.042 0.16612377850162868
0 0.877 0.7052117263843648 0.042 0.16612377850162868
0 0.926 0.7915309446254072 0.04 0.16286644951140067
0 0.901 0.6514657980456027 0.034 0.14332247557003258
0 0.29 0.5570032573289903 0.032 0.13680781758957655
0 0.178 0.5472312703583062 0.028 0.1237785016286645
0 0.127 0.5309446254071661 0.034 0.14332247557003258
0 0.051000000000000004 0.503257328990228 0.026000000000000002 0.11400651465798047
0 0.23700000000000002 0.49348534201954397 0.026000000000000002 0.10749185667752444
0 0.342 0.5488599348534202 0.028 0.1205211726384365
0 0.318 0.506514657980456 0.028 0.1205211726384365
0 0.382 0.49348534201954397 0.028 0.1205211726384365
0 0.41500000000000004 0.5293159609120521 0.034 0.13355048859934854
0 0.47200000000000003 0.5309446254071661 0.032 0.13029315960912052
0 0.492 0.495114006514658 0.028 0.11726384364820848
0 0.543 0.5260586319218241 0.03 0.1205211726384365
0 0.8290000000000001 0.5488599348534202 0.026000000000000002 0.11400651465798047
0 0.725 0.5781758957654723 0.03 0.1205211726384365
0 0.683 0.49348534201954397 0.026000000000000002 0.11400651465798047
0 0.66 0.5374592833876222 0.032 0.13029315960912052
0 0.14200000000000002 0.4690553745928339 0.028 0.11726384364820848
0 0.091 0.4592833876221499 0.03 0.1237785016286645
0 0.027 0.4462540716612378 0.026000000000000002 0.10423452768729642
0 0.9510000000000001 0.45276872964169385 0.022 0.08469055374592835
0 0.781 0.4706840390879479 0.03 0.1205211726384365
2 0.315 0.7752442996742671 0.062 0.05863192182410424
2 0.307 0.8941368078175896 0.09 0.0749185667752443
2 0.488 0.8420195439739414 0.064 0.11400651465798047
2 0.687 0.7198697068403909 0.05 0.09771986970684039
2 0.791 0.6123778501628665 0.054 0.06514657980456026
2 0.435 0.4462540716612378 0.058 0.04560260586319218
2 0.921 0.48045602605863197 0.074 0.10749185667752444
