0 0.18875 0.64 0.1875 0.6066666666666667
0 0.48625 0.4083333333333334 0.0775 0.2566666666666667
0 0.30625 0.3766666666666667 0.0475 0.16
0 0.38375000000000004 0.40166666666666667 0.0275 0.09000000000000001
0 0.35875 0.3716666666666667 0.0325 0.11666666666666667
0 0.41125 0.36833333333333335 0.0375 0.13
0 0.67125 0.37833333333333335 0.0525 0.17666666666666667
0 0.61375 0.385 0.0475 0.16333333333333333
0 0.5875 0.385 0.05 0.17
0 0.56 0.36833333333333335 0.045 0.15666666666666668
0 0.5337500000000001 0.3716666666666667 0.0425 0.1366666666666667
0 0.715 0.3866666666666667 0.045 0.15333333333333335
0 0.75375 0.39666666666666667 0.0525 0.17333333333333334
0 0.78125 0.40166666666666667 0.0425 0.15000000000000002
0 0.8575 0.3866666666666667 0.05 0.17333333333333334
0 0.8975 0.41833333333333333 0.04 0.13
0 0.93125 0.40166666666666667 0.0525 0.17
0 0.9712500000000001 0.4033333333333334 0.0525 0.17333333333333334
0 0.435 0.37833333333333335 0.04 0.13
2 0.8025 0.28833333333333333 0.035 0.043333333333333335
2 0.9025 0.2966666666666667 0.03 0.05333333333333334
2 0.94125 0.28 0.0325 0.04
2 0.6900000000000001 0.28 0.03 0.04666666666666667
2 0.37875000000000003 0.32333333333333336 0.0275 0.03333333333333333
2 0.01375 0.29833333333333334 0.0175 0.043333333333333335
