0 0.562 0.612 0.188 0.616
0 0.7020000000000001 0.6106666666666667 0.14 0.45866666666666667
0 0.402 0.6253333333333333 0.12 0.39199999999999996
0 0.34700000000000003 0.608 0.106 0.352
0 0.299 0.5906666666666667 0.11 0.36
0 0.267 0.584 0.10200000000000001 0.33599999999999997
0 0.47700000000000004 0.5893333333333333 0.106 0.352
0 0.148 0.5066666666666666 0.04 0.13333333333333333
0 0.092 0.508 0.04 0.13066666666666665
0 0.021 0.5213333333333333 0.042 0.13599999999999998
2 0.438 0.42 0.036000000000000004 0.07733333333333334
2 0.368 0.39999999999999997 0.032 0.048
