0 0.06736111111111111 0.1974206349206349 0.05694444444444444 0.20039682539682538
0 0.09583333333333334 0.1845238095238095 0.05277777777777778 0.18253968253968253
0 0.18055555555555555 0.13194444444444445 0.05 0.17261904761904762
0 0.42291666666666666 0.6676587301587301 0.0625 0.22023809523809523
0 0.35694444444444445 0.5724206349206349 0.05555555555555556 0.19642857142857142
0 0.3027777777777778 0.47916666666666663 0.05555555555555556 0.19246031746031744
0 0.2604166666666667 0.4097222222222222 0.04861111111111111 0.17658730158730157
0 0.20347222222222222 0.3958333333333333 0.05416666666666667 0.1884920634920635
0 0.26458333333333334 0.27976190476190477 0.059722222222222225 0.20634920634920634
0 0.2777777777777778 0.22023809523809523 0.05555555555555556 0.1984126984126984
0 0.5277777777777778 0.867063492063492 0.058333333333333334 0.20634920634920634
0 0.48680555555555555 0.5783730158730158 0.06805555555555556 0.24007936507936506
0 0.5590277777777778 0.7162698412698413 0.05694444444444444 0.1984126984126984
0 0.5701388888888889 0.6954365079365079 0.05416666666666667 0.19246031746031744
0 0.5659722222222222 0.5466269841269841 0.06527777777777778 0.22817460317460317
0 0.3388888888888889 0.28075396825396826 0.061111111111111116 0.21626984126984125
0 0.3611111111111111 0.30257936507936506 0.05555555555555556 0.20039682539682538
0 0.4416666666666667 0.3214285714285714 0.061111111111111116 0.21428571428571427
0 0.4916666666666667 0.34027777777777773 0.058333333333333334 0.20436507936507936
0 0.5298611111111111 0.25 0.04861111111111111 0.17063492063492064
0 0.5701388888888889 0.31646825396825395 0.04861111111111111 0.16865079365079363
0 0.5951388888888889 0.07738095238095238 0.043055555555555555 0.15476190476190477
0 0.6798611111111111 0.34325396825396826 0.05694444444444444 0.1984126984126984
0 0.7097222222222223 0.30357142857142855 0.058333333333333334 0.20634920634920634
0 0.7236111111111111 0.494047619047619 0.05555555555555556 0.1984126984126984
0 0.757638888888889 0.7589285714285714 0.051388888888888894 0.18055555555555555
0 0.7875 0.8918650793650793 0.05555555555555556 0.19642857142857142
0 0.8090277777777778 0.9017857142857142 0.051388888888888894 0.18055555555555555
0 0.920138888888889 0.6488095238095237 0.059722222222222225 0.21428571428571427
0 0.9729166666666667 0.8263888888888888 0.051388888888888894 0.24007936507936506
0 0.976388888888889 0.6785714285714285 0.044444444444444446 0.1984126984126984
0 0.9270833333333334 0.0873015873015873 0.04861111111111111 0.17063492063492064
0 0.9638888888888889 0.10019841269841269 0.05 0.17261904761904762
0 0.9861111111111112 0.06646825396825397 0.025 0.13293650793650794
0 0.9819444444444445 0.3343253968253968 0.03333333333333333 0.15674603174603174
0 0.38333333333333336 0.22123015873015872 0.044444444444444446 0.1607142857142857
2 0.059722222222222225 0.04464285714285714 0.03888888888888889 0.0734126984126984
2 0.2888888888888889 0.04563492063492063 0.05 0.08333333333333333
2 0.6805555555555556 0.027777777777777776 0.022222222222222223 0.051587301587301584
2 0.7076388888888889 0.0367063492063492 0.02638888888888889 0.0734126984126984
2 0.7819444444444444 0.041666666666666664 0.030555555555555558 0.07539682539682539
2 0.5319444444444444 0.9583333333333333 0.061111111111111116 0.07539682539682539
2 0.5409722222222222 0.9117063492063492 0.051388888888888894 0.04563492063492063
2 0.63125 0.9434523809523809 0.05416666666666667 0.10515873015873015
2 0.6819444444444445 0.9454365079365079 0.04166666666666667 0.08928571428571427
2 0.9673611111111111 0.9781746031746031 0.05416666666666667 0.03571428571428571
3 0.0638888888888889 0.37797619047619047 0.036111111111111115 0.16468253968253968
3 0.09930555555555556 0.3621031746031746 0.029166666666666667 0.16865079365079363
3 0.20416666666666666 0.5515873015873015 0.04722222222222222 0.15476190476190477
3 0.39722222222222225 0.865079365079365 0.06666666666666667 0.14285714285714285
3 0.47361111111111115 0.7996031746031745 0.05555555555555556 0.19444444444444442
3 0.6576388888888889 0.5496031746031745 0.043055555555555555 0.18253968253968253
3 0.7041666666666667 0.681547619047619 0.0638888888888889 0.19642857142857142
3 0.9013888888888889 0.8472222222222222 0.05555555555555556 0.1984126984126984
3 0.7375 0.9146825396825397 0.05277777777777778 0.15079365079365079
3 0.6743055555555556 0.11408730158730158 0.02638888888888889 0.12896825396825395
3 0.7006944444444445 0.12996031746031744 0.020833333333333336 0.13293650793650794
3 0.775 0.14781746031746032 0.036111111111111115 0.15674603174603174
3 0.8527777777777779 0.09523809523809523 0.044444444444444446 0.18253968253968253
3 0.913888888888889 0.23412698412698413 0.036111111111111115 0.15079365079365079
3 0.9486111111111112 0.2628968253968254 0.022222222222222223 0.1607142857142857
3 0.9784722222222223 0.21527777777777776 0.020833333333333336 0.15277777777777776
3 0.9770833333333334 0.49900793650793646 0.034722222222222224 0.20436507936507936
