0 0.06453900709219859 0.5986460348162476 0.12907801418439718 0.5822050290135397
0 0.1524822695035461 0.4448742746615087 0.09787234042553192 0.33268858800773693
0 0.19574468085106383 0.3597678916827853 0.025531914893617023 0.08897485493230174
0 0.21347517730496454 0.36266924564796904 0.021276595744680854 0.07543520309477757
0 0.23687943262411348 0.3607350096711799 0.025531914893617023 0.08704061895551257
0 0.24822695035460995 0.36266924564796904 0.025531914893617023 0.08317214700193423
0 0.2921985815602837 0.4071566731141199 0.056737588652482275 0.18762088974854932
0 0.3312056737588653 0.38878143133462284 0.04680851063829788 0.16247582205029013
0 0.3943262411347518 0.38878143133462284 0.0624113475177305 0.2127659574468085
0 0.424822695035461 0.3955512572533849 0.05815602836879433 0.19922630560928434
0 0.49503546099290785 0.3994197292069632 0.0624113475177305 0.20696324951644102
2 0.5170212765957447 0.4506769825918762 0.06950354609929078 0.1702127659574468
2 0.5652482269503546 0.3568665377176016 0.04397163120567376 0.1411992263056093
2 0.6063829787234043 0.30947775628626695 0.04680851063829788 0.1586073500967118
2 0.5673758865248227 0.5638297872340425 0.15035460992907804 0.4390715667311412
2 0.8127659574468086 0.40618955512572535 0.09361702127659575 0.30947775628626695
2 0.7042553191489362 0.3742746615087041 0.06950354609929078 0.23017408123791103
2 0.7092198581560284 0.4941972920696325 0.07659574468085106 0.2727272727272727
2 0.7468085106382979 0.5038684719535783 0.11773049645390071 0.2727272727272727
