0 0.042727272727272725 0.3571428571428571 0.08545454545454545 0.4074074074074074
0 0.08818181818181818 0.3558201058201058 0.11454545454545455 0.41005291005291
0 0.15454545454545454 0.39550264550264547 0.09090909090909091 0.3306878306878307
0 0.19090909090909092 0.3677248677248677 0.10545454545454545 0.37566137566137564
0 0.24727272727272728 0.373015873015873 0.10181818181818182 0.36507936507936506
0 0.29818181818181816 0.37037037037037035 0.09818181818181818 0.3544973544973545
0 0.36272727272727273 0.35978835978835977 0.10363636363636364 0.37566137566137564
0 0.5836363636363636 0.39550264550264547 0.09818181818181818 0.35185185185185186
0 0.6509090909090909 0.4074074074074074 0.09454545454545454 0.3333333333333333
0 0.7081818181818181 0.38227513227513227 0.09636363636363636 0.35185185185185186
0 0.8427272727272728 0.4325396825396825 0.09636363636363636 0.3465608465608465
0 0.9518181818181818 0.42592592592592593 0.09272727272727273 0.4126984126984127
0 0.9172727272727272 0.31481481481481477 0.09636363636363636 0.3492063492063492
0 0.4263636363636364 0.5912698412698413 0.1290909090909091 0.46825396825396826
0 0.7727272727272727 0.5436507936507936 0.14545454545454545 0.5211640211640212
2 0.06909090909090909 0.8796296296296295 0.13818181818181818 0.21957671957671956
2 0.7772727272727272 0.9365079365079365 0.10727272727272727 0.12169312169312169
2 0.95 0.914021164021164 0.09272727272727273 0.16137566137566137
2 0.8381818181818181 0.2526455026455026 0.06909090909090909 0.11904761904761904
2 0.17636363636363636 0.6574074074074073 0.22545454545454546 0.38888888888888884
2 0.4527272727272727 0.8267195767195766 0.15636363636363637 0.3412698412698413
2 0.76 0.2103174603174603 0.04727272727272727 0.0873015873015873
2 0.7827272727272727 0.2962962962962963 0.07454545454545454 0.15873015873015872
