0 0.9240702479338844 0.5050154320987654 0.052685950413223145 0.09645061728395062
0 0.9514462809917356 0.5268132716049383 0.06301652892561983 0.11535493827160494
0 0.981404958677686 0.5117669753086419 0.036157024793388434 0.08371913580246913
0 0.9173553719008265 0.7339891975308641 0.15702479338842976 0.2858796296296296
0 0.9589359504132232 0.7191358024691358 0.08109504132231406 0.26157407407407407
0 0.7861570247933884 0.7511574074074073 0.27169421487603307 0.49459876543209874
0 0.702995867768595 0.7773919753086419 0.24173553719008264 0.441358024691358
0 0.597107438016529 0.7139274691358024 0.14979338842975207 0.2743055555555555
0 0.5100723140495868 0.7285879629629629 0.18646694214876033 0.33989197530864196
0 0.04803719008264463 0.73804012345679 0.09607438016528926 0.290895061728395
0 0.253099173553719 0.6664737654320987 0.12706611570247933 0.23263888888888887
0 0.3143078512396694 0.5902777777777778 0.09452479338842976 0.1728395061728395
0 0.3806818181818182 0.5640432098765432 0.08057851239669422 0.14814814814814814
0 0.47288223140495866 0.5210262345679012 0.07489669421487603 0.13618827160493827
0 0.45790289256198347 0.5055941358024691 0.06766528925619834 0.12307098765432098
0 0.4269111570247934 0.4907407407407407 0.057334710743801656 0.10493827160493827
0 0.6226756198347108 0.4562114197530864 0.035640495867768594 0.06520061728395062
0 0.6508264462809917 0.4548611111111111 0.038223140495867766 0.07021604938271604
0 0.6967975206611571 0.4556327160493827 0.04338842975206612 0.08024691358024691
0 0.7350206611570248 0.4654706790123457 0.042355371900826444 0.0783179012345679
0 0.7600723140495868 0.4714506172839506 0.04183884297520661 0.07716049382716049
0 0.7900309917355373 0.49479166666666663 0.04597107438016529 0.08449074074074074
0 0.8545971074380165 0.4577546296296296 0.031508264462809916 0.05825617283950617
0 0.5198863636363636 0.4581404320987654 0.031508264462809916 0.05825617283950617
0 0.40831611570247933 0.4592978395061728 0.052169421487603305 0.0952932098765432
0 0.3631198347107438 0.49556327160493824 0.07024793388429752 0.1277006172839506
0 0.026084710743801653 0.5219907407407407 0.052169421487603305 0.14891975308641975
0 0.0684400826446281 0.47878086419753085 0.07799586776859505 0.1427469135802469
0 0.11828512396694216 0.5906635802469136 0.09504132231404959 0.1728395061728395
0 0.16580578512396696 0.5459104938271605 0.09297520661157024 0.16975308641975306
0 0.2141012396694215 0.5221836419753086 0.08419421487603305 0.15470679012345678
0 0.2827995867768595 0.5285493827160493 0.07386363636363637 0.13425925925925924
0 0.2466425619834711 0.5742669753086419 0.09245867768595041 0.16859567901234568
0 0.3060433884297521 0.44830246913580246 0.042871900826446284 0.0794753086419753
2 0.8168904958677686 0.5893132716049383 0.04700413223140496 0.04359567901234568
2 0.8644111570247934 0.6120756172839505 0.05010330578512397 0.04050925925925926
2 0.9434400826446281 0.6219135802469136 0.03667355371900827 0.033950617283950615
2 0.017820247933884297 0.43441358024691357 0.03460743801652893 0.03317901234567901
2 0.10175619834710745 0.41608796296296297 0.03305785123966942 0.059027777777777776
2 0.09736570247933884 0.44656635802469136 0.035640495867768594 0.03742283950617284
2 0.13610537190082644 0.46836419753086417 0.04803719008264463 0.038580246913580245
2 0.1410123966942149 0.4407793209876543 0.030991735537190084 0.027391975308641972
2 0.1722623966942149 0.45119598765432095 0.035640495867768594 0.02816358024691358
2 0.2394111570247934 0.46392746913580246 0.0253099173553719 0.02044753086419753
2 0.2740185950413223 0.44521604938271603 0.04803719008264463 0.033950617283950615
2 0.3044938016528926 0.4619984567901234 0.019111570247933883 0.018132716049382713
2 0.2737603305785124 0.4729938271604938 0.04028925619834711 0.034722222222222224
2 0.3210227272727273 0.486304012345679 0.026342975206611573 0.03587962962962963
2 0.3357438016528926 0.5001929012345678 0.04028925619834711 0.0474537037037037
2 0.9798553719008265 0.4552469135802469 0.01962809917355372 0.02700617283950617
2 0.9382747933884298 0.447145061728395 0.020144628099173556 0.031635802469135804
2 0.9163223140495868 0.45138888888888884 0.026859504132231406 0.037037037037037035
2 0.1397210743801653 0.4116512345679012 0.038739669421487606 0.027777777777777776
2 0.1846590909090909 0.4392361111111111 0.040805785123966945 0.04822530864197531
2 0.2184917355371901 0.4299768518518518 0.015495867768595042 0.013503086419753086
2 0.23450413223140495 0.441358024691358 0.01859504132231405 0.017746913580246913
4 0.2732438016528926 0.40007716049382713 0.44421487603305787 0.06481481481481481
4 0.6513429752066116 0.41550925925925924 0.30991735537190085 0.047839506172839504
4 0.9003099173553719 0.431520061728395 0.19834710743801653 0.04822530864197531
