0 0.049999999999999996 0.7028112449799196 0.09999999999999999 0.465863453815261
0 0.13999999999999999 0.715863453815261 0.11733333333333333 0.43172690763052207
0 0.22533333333333333 0.7098393574297188 0.112 0.4116465863453815
0 0.20066666666666666 0.6767068273092369 0.09999999999999999 0.36947791164658633
0 0.284 0.7018072289156626 0.128 0.4759036144578313
0 0.30533333333333335 0.7369477911646586 0.11733333333333333 0.4377510040160642
0 0.40599999999999997 0.6847389558232931 0.108 0.4016064257028112
0 0.45466666666666666 0.6736947791164658 0.13066666666666665 0.4799196787148594
0 0.51 0.6726907630522088 0.10533333333333333 0.393574297188755
0 0.7046666666666667 0.6837349397590361 0.12666666666666665 0.4638554216867469
0 0.824 0.6636546184738955 0.09866666666666667 0.36746987951807225
0 0.06999999999999999 0.570281124497992 0.04133333333333333 0.15662650602409636
0 0.112 0.5562248995983935 0.03733333333333333 0.14457831325301204
2 0.8793333333333333 0.5311244979919678 0.06 0.142570281124498
2 0.9393333333333334 0.5120481927710843 0.025333333333333333 0.07630522088353413
2 0.9533333333333333 0.5421686746987951 0.03733333333333333 0.09638554216867469
2 0.7506666666666666 0.5050200803212851 0.034666666666666665 0.06626506024096385
2 0.7926666666666666 0.5682730923694779 0.04933333333333333 0.14457831325301204
2 0.5413333333333333 0.5240963855421686 0.042666666666666665 0.08032128514056225
2 0.17666666666666667 0.5582329317269076 0.030666666666666665 0.09638554216867469
2 0.09266666666666666 0.5080321285140562 0.022666666666666665 0.05220883534136546
2 0.07066666666666667 0.47791164658634533 0.021333333333333333 0.04417670682730923
2 0.34199999999999997 0.5311244979919678 0.05466666666666666 0.12650602409638553
2 0.6366666666666666 0.7329317269076304 0.076 0.2931726907630522
2 0.636 0.5662650602409638 0.088 0.10441767068273092
2 0.13733333333333334 0.49196787148594373 0.029333333333333333 0.04417670682730923
2 0.18266666666666667 0.4949799196787148 0.026666666666666665 0.038152610441767064
3 0.13799999999999998 0.9518072289156626 0.076 0.08433734939759036
3 0.19866666666666666 0.9548192771084336 0.024 0.07429718875502007
3 0.23333333333333334 0.9618473895582328 0.032 0.07228915662650602
3 0.27666666666666667 0.970883534136546 0.04666666666666666 0.05421686746987951
3 0.4073333333333333 0.9447791164658633 0.06266666666666666 0.10642570281124497
3 0.71 0.9578313253012047 0.07866666666666666 0.07630522088353413
