0 0.029296875 0.421875 0.05859375 0.24375
0 0.0546875 0.4427083333333333 0.0765625 0.2520833333333333
0 0.131640625 0.47760416666666666 0.09453125000000001 0.3072916666666667
0 0.162109375 0.4635416666666667 0.07890625000000001 0.2583333333333333
0 0.20234375000000002 0.4421875 0.0671875 0.21979166666666666
0 0.23125 0.4609375 0.0734375 0.24270833333333333
0 0.328125 0.4583333333333333 0.07187500000000001 0.23333333333333334
0 0.40703125 0.44947916666666665 0.09062500000000001 0.2947916666666667
0 0.4421875 0.4661458333333333 0.09531250000000001 0.31354166666666666
0 0.525390625 0.4692708333333333 0.08203125 0.2677083333333333
0 0.5554687500000001 0.45989583333333334 0.06406250000000001 0.209375
0 0.620703125 0.48385416666666664 0.09453125000000001 0.309375
0 0.6882812500000001 0.4666666666666667 0.0734375 0.24166666666666667
0 0.786328125 0.4692708333333333 0.09609375 0.31354166666666666
2 0.48828125 0.5369791666666667 0.203125 0.6197916666666666
2 0.34101562500000004 0.36041666666666666 0.014843750000000001 0.035416666666666666
2 0.7644531250000001 0.3776041666666667 0.030468750000000003 0.103125
3 0.7683593750000001 0.7302083333333333 0.10546875 0.23333333333333334
