0 0.6605882352941176 0.21287128712871287 0.010588235294117647 0.039603960396039604
0 0.12411764705882351 0.2962046204620462 0.022352941176470586 0.07755775577557755
0 0.16117647058823528 0.29207920792079206 0.018823529411764704 0.066006600660066
0 0.018235294117647058 0.23267326732673269 0.012941176470588234 0.04950495049504951
0 0.21705882352941175 0.2202970297029703 0.01764705882352941 0.06105610561056106
0 0.23941176470588232 0.2698019801980198 0.01764705882352941 0.06105610561056106
0 0.25705882352941173 0.2632013201320132 0.019999999999999997 0.06765676567656766
0 0.3717647058823529 0.19224422442244224 0.011764705882352941 0.04455445544554455
0 0.41470588235294115 0.18234323432343236 0.015294117647058823 0.05115511551155116
0 0.9135294117647058 0.5165016501650165 0.05058823529411764 0.1716171617161716
0 0.7152941176470587 0.509075907590759 0.04941176470588235 0.16996699669966997
0 0.5647058823529412 0.5214521452145214 0.051764705882352935 0.18151815181518152
0 0.4417647058823529 0.45874587458745875 0.041176470588235294 0.1419141914191419
0 0.2564705882352941 0.48102310231023104 0.03294117647058823 0.11386138613861387
0 0.19235294117647056 0.613036303630363 0.04352941176470588 0.15346534653465346
0 0.1711764705882353 0.6773927392739274 0.07176470588235294 0.24587458745874588
0 0.378235294117647 0.7227722772277227 0.0788235294117647 0.2739273927392739
0 0.6388235294117647 0.5676567656765676 0.05411764705882353 0.19141914191419143
0 0.7164705882352941 0.641914191419142 0.06352941176470588 0.22112211221122113
0 0.36999999999999994 0.5693069306930694 0.05294117647058823 0.18151815181518152
0 0.4205882352941176 0.6056105610561057 0.057647058823529405 0.20132013201320131
2 0.3764705882352941 0.2887788778877888 0.06117647058823529 0.026402640264026403
2 0.03529411764705882 0.297029702970297 0.039999999999999994 0.036303630363036306
2 0.16235294117647056 0.7986798679867987 0.11529411764705881 0.1551155115511551
2 0.44352941176470584 0.716996699669967 0.17411764705882352 0.09405940594059406
2 0.5947058823529411 0.6806930693069307 0.05294117647058823 0.08415841584158416
2 0.59 0.6237623762376238 0.06470588235294117 0.0858085808580858
2 0.6611764705882353 0.655940594059406 0.047058823529411764 0.11716171617161716
2 0.8170588235294117 0.6823432343234324 0.05529411764705882 0.10066006600660066
2 0.82 0.6526402640264026 0.08941176470588234 0.12376237623762376
2 0.8294117647058823 0.5808580858085809 0.15999999999999998 0.056105610561056105
2 0.8276470588235293 0.5346534653465347 0.036470588235294116 0.04950495049504951
2 0.7699999999999999 0.5255775577557756 0.041176470588235294 0.04785478547854786
2 0.7364705882352941 0.4735973597359736 0.028235294117647056 0.09240924092409242
2 0.6688235294117646 0.4372937293729373 0.0388235294117647 0.06930693069306931
2 0.7070588235294117 0.40594059405940597 0.03764705882352941 0.0594059405940594
2 0.7423529411764705 0.41171617161716173 0.03294117647058823 0.057755775577557754
2 0.6211764705882352 0.37541254125412543 0.03294117647058823 0.054455445544554455
2 0.6547058823529411 0.349009900990099 0.027058823529411764 0.04455445544554455
2 0.6752941176470587 0.3844884488448845 0.03764705882352941 0.056105610561056105
4 0.8005882352941176 0.2235973597359736 0.23882352941176468 0.07425742574257425
