0 0.03831041257367387 0.7335526315789473 0.07662082514734773 0.5197368421052632
0 0.08644400785854617 0.731907894736842 0.12573673870333987 0.5164473684210527
0 0.1404715127701375 0.7417763157894737 0.11591355599214144 0.48355263157894735
0 0.22003929273084477 0.7171052631578947 0.12966601178781925 0.5328947368421052
0 0.29764243614931235 0.7384868421052632 0.11984282907662082 0.49671052631578944
0 0.37524557956777993 0.7401315789473684 0.11787819253438113 0.4934210526315789
0 0.42337917485265225 0.7450657894736842 0.11984282907662082 0.4901315789473684
0 0.5088408644400786 0.7220394736842105 0.12966601178781925 0.5296052631578947
0 0.5874263261296659 0.7203947368421052 0.12966601178781925 0.5328947368421052
0 0.6856581532416502 0.7286184210526315 0.12180746561886051 0.5098684210526315
0 0.7897838899803535 0.7269736842105263 0.12966601178781925 0.5263157894736842
0 0.8555992141453831 0.7203947368421052 0.13163064833005894 0.5394736842105263
0 0.943025540275049 0.7055921052631579 0.11001964636542239 0.569078947368421
