0 0.05305989583333333 0.869140625 0.10611979166666666 0.255859375
0 0.22005208333333331 0.834716796875 0.10026041666666666 0.18505859375
0 0.2529296875 0.829833984375 0.08658854166666666 0.15869140625
0 0.2952473958333333 0.85302734375 0.146484375 0.267578125
0 0.1884765625 0.826416015625 0.09049479166666666 0.16552734375
0 0.111328125 0.81298828125 0.045572916666666664 0.0849609375
0 0.1416015625 0.812744140625 0.044921875 0.08251953125
0 0.48404947916666663 0.771240234375 0.026692708333333332 0.05029296875
0 0.5201822916666666 0.77490234375 0.04036458333333333 0.07421875
0 0.5911458333333333 0.77978515625 0.05859375 0.1083984375
0 0.6380208333333333 0.79736328125 0.09765625 0.1796875
0 0.6774088541666666 0.77880859375 0.05794270833333333 0.1064453125
0 0.7281901041666666 0.80859375 0.10481770833333333 0.1923828125
0 0.8323567708333333 0.813720703125 0.134765625 0.24755859375
0 0.9283854166666666 0.799560546875 0.11979166666666666 0.21923828125
0 0.8714192708333333 0.75634765625 0.05013020833333333 0.091796875
2 0.36881510416666663 0.8642578125 0.259765625 0.2373046875
2 0.8994140625 0.718505859375 0.029296875 0.02783203125
2 0.9752604166666666 0.71826171875 0.045572916666666664 0.0517578125
4 0.4736328125 0.74951171875 0.16341145833333331 0.0263671875
