0 0.021212121212121213 0.5120481927710844 0.04242424242424243 0.2096385542168675
0 0.08333333333333333 0.5036144578313253 0.03939393939393939 0.15421686746987953
0 0.1318181818181818 0.5084337349397591 0.03636363636363636 0.1493975903614458
0 0.17727272727272728 0.5024096385542169 0.03333333333333333 0.13734939759036147
0 0.2106060606060606 0.536144578313253 0.05454545454545454 0.21927710843373496
0 0.3007575757575758 0.5096385542168675 0.031818181818181815 0.13253012048192772
0 0.3606060606060606 0.6493975903614458 0.15757575757575756 0.6096385542168675
0 0.46515151515151515 0.6493975903614458 0.15454545454545454 0.6048192771084338
0 0.5568181818181818 0.6518072289156627 0.15606060606060607 0.6144578313253013
0 0.6439393939393939 0.6650602409638555 0.15757575757575756 0.6120481927710844
0 0.7568181818181818 0.5506024096385542 0.05606060606060606 0.21927710843373496
0 0.8090909090909091 0.5506024096385542 0.05454545454545454 0.21445783132530122
0 0.9121212121212121 0.5228915662650603 0.03939393939393939 0.15421686746987953
0 0.9325757575757576 0.5168674698795181 0.02878787878787879 0.11807228915662651
0 0.9575757575757575 0.5313253012048194 0.03333333333333333 0.13734939759036147
0 0.8795454545454545 0.5156626506024097 0.022727272727272728 0.09156626506024097
0 0.05606060606060606 0.4951807228915663 0.03636363636363636 0.14698795180722893
2 0.8674242424242424 0.5433734939759036 0.03484848484848485 0.0746987951807229
2 0.7136363636363636 0.5265060240963856 0.024242424242424242 0.07951807228915664
2 0.7871212121212121 0.5433734939759036 0.019696969696969695 0.050602409638554224
2 0.25984848484848483 0.5060240963855422 0.031818181818181815 0.06265060240963856
3 0.353030303030303 0.9807228915662651 0.08484848484848485 0.024096385542168676
3 0.4575757575757576 0.9795180722891567 0.1 0.03132530120481928
3 0.5568181818181818 0.9734939759036145 0.0803030303030303 0.03855421686746988
3 0.6484848484848484 0.9783132530120483 0.08181818181818182 0.033734939759036145
