0 0.02416666666666667 0.36256544502617805 0.04833333333333334 0.3010471204188482
0 0.04833333333333334 0.35340314136125656 0.07 0.27225130890052357
0 0.1375 0.3782722513089005 0.06833333333333334 0.26439790575916233
0 0.18666666666666668 0.36125654450261785 0.06333333333333334 0.25130890052356025
0 0.23 0.36125654450261785 0.05666666666666667 0.22513089005235604
0 0.3116666666666667 0.35471204188481675 0.05666666666666667 0.22251308900523561
0 0.3358333333333334 0.39005235602094246 0.08166666666666667 0.3193717277486911
0 0.35833333333333334 0.35340314136125656 0.05666666666666667 0.22513089005235604
0 0.38333333333333336 0.33507853403141363 0.060000000000000005 0.23036649214659688
0 0.4133333333333334 0.3390052356020943 0.05666666666666667 0.21727748691099477
0 0.44 0.3416230366492147 0.05333333333333334 0.2068062827225131
0 0.48833333333333334 0.587696335078534 0.16666666666666669 0.6361256544502618
0 0.5233333333333333 0.35209424083769636 0.04666666666666667 0.18062827225130892
0 0.535 0.3717277486910995 0.03333333333333333 0.12565445026178013
0 0.5516666666666667 0.35340314136125656 0.04666666666666667 0.1780104712041885
0 0.5841666666666667 0.3795811518324608 0.07833333333333334 0.30366492146596863
0 0.675 0.337696335078534 0.04666666666666667 0.18324607329842932
0 0.7175 0.3573298429319372 0.045000000000000005 0.17015706806282724
0 0.7558333333333334 0.36256544502617805 0.045000000000000005 0.18062827225130892
0 0.7925000000000001 0.5615183246073299 0.17500000000000002 0.6727748691099477
0 0.8700000000000001 0.35078534031413616 0.05 0.193717277486911
0 0.9141666666666667 0.37434554973821993 0.055 0.21465968586387435
0 0.9500000000000001 0.3586387434554974 0.043333333333333335 0.17277486910994766
0 0.9816666666666667 0.21335078534031415 0.02666666666666667 0.10209424083769635
0 0.9400000000000001 0.2041884816753927 0.030000000000000002 0.11518324607329844
0 0.8241666666666667 0.18193717277486912 0.028333333333333335 0.10732984293193717
0 0.7516666666666667 0.18062827225130892 0.030000000000000002 0.12041884816753927
0 0.6941666666666667 0.17670157068062828 0.035 0.1387434554973822
0 0.645 0.18193717277486912 0.03333333333333333 0.12827225130890052
0 0.61 0.18062827225130892 0.03333333333333333 0.12565445026178013
0 0.7141666666666667 0.18062827225130892 0.03833333333333334 0.14659685863874347
2 0.4708333333333334 0.2617801047120419 0.025 0.041884816753926704
2 0.5066666666666667 0.2892670157068063 0.016666666666666666 0.03926701570680628
2 0.8675 0.1531413612565445 0.028333333333333335 0.060209424083769635
2 0.8833333333333334 0.14790575916230367 0.023333333333333334 0.044502617801047126
2 0.8833333333333334 0.21727748691099477 0.023333333333333334 0.08900523560209425
2 0.9041666666666667 0.21335078534031415 0.021666666666666667 0.08115183246073299
2 0.7491666666666668 0.12565445026178013 0.025 0.04712041884816754
2 0.7275 0.09816753926701571 0.025 0.034031413612565446
2 0.7075 0.08769633507853404 0.028333333333333335 0.03926701570680628
2 0.5583333333333333 0.06413612565445026 0.02666666666666667 0.034031413612565446
2 0.5916666666666667 0.06675392670157068 0.023333333333333334 0.03926701570680628
2 0.6091666666666667 0.07198952879581152 0.021666666666666667 0.03926701570680628
2 0.5416666666666667 0.034031413612565446 0.023333333333333334 0.05235602094240838
2 0.5583333333333333 0.044502617801047126 0.023333333333333334 0.05235602094240838
2 0.5875 0.02356020942408377 0.028333333333333335 0.04712041884816754
4 0.7325 0.05628272251308901 0.21833333333333335 0.11256544502617802
4 0.9308333333333334 0.0549738219895288 0.125 0.10471204188481675
