0 0.986111111111111 0.5542695473251029 0.02700617283950617 0.16203703703703706
0 0.6346450617283951 0.4737654320987655 0.045524691358024685 0.1491769547325103
0 0.7152777777777778 0.4709362139917696 0.05092592592592592 0.16512345679012347
0 0.0638503086419753 0.6041666666666667 0.0945216049382716 0.30915637860082307
0 0.10570987654320987 0.6262860082304528 0.11805555555555555 0.3842592592592593
0 0.15528549382716048 0.6851851851851852 0.1585648148148148 0.5164609053497943
0 0.3115354938271605 0.5681584362139919 0.09915123456790123 0.3225308641975309
0 0.40046296296296297 0.5964506172839507 0.11265432098765432 0.367798353909465
0 0.5341435185185185 0.6527777777777778 0.15625 0.5082304526748972
0 0.5987654320987654 0.5550411522633746 0.08796296296296297 0.2860082304526749
0 0.7266589506172839 0.5869341563786009 0.09915123456790123 0.3220164609053498
0 0.9108796296296295 0.621141975308642 0.13117283950617284 0.42746913580246915
2 0.601466049382716 0.42978395061728397 0.023919753086419752 0.06532921810699589
2 0.6398533950617283 0.5010288065843622 0.060570987654320986 0.1388888888888889
