0 0.03 0.3590225563909774 0.06 0.39473684210526316
0 0.065 0.31954887218045114 0.105 0.39097744360902253
0 0.17375000000000002 0.2913533834586466 0.08750000000000001 0.31954887218045114
0 0.22 0.26691729323308266 0.04 0.15037593984962405
0 0.2425 0.2706766917293233 0.045 0.16541353383458646
0 0.29 0.28195488721804507 0.06 0.21804511278195488
0 0.3175 0.2706766917293233 0.045 0.16541353383458646
0 0.5025000000000001 0.2932330827067669 0.06 0.22556390977443608
0 0.42875 0.6109022556390977 0.20750000000000002 0.763157894736842
0 0.75875 0.4849624060150376 0.1475 0.5413533834586466
0 0.8275 0.28195488721804507 0.05 0.18045112781954886
0 0.8975 0.4473684210526315 0.08 0.2932330827067669
0 0.95375 0.22180451127819548 0.08750000000000001 0.41353383458646614
0 0.895 0.2932330827067669 0.045 0.16541353383458646
0 0.905 0.23308270676691728 0.045 0.17293233082706766
0 0.93875 0.23872180451127817 0.0475 0.18421052631578946
0 0.12125 0.2932330827067669 0.0675 0.2556390977443609
0 0.1525 0.2763157894736842 0.08 0.2969924812030075
0 0.54 0.3007518796992481 0.045 0.16541353383458646
0 0.595 0.31954887218045114 0.035 0.13533834586466165
2 0.195 0.18045112781954886 0.035 0.07518796992481203
2 0.21875 0.17105263157894735 0.0275 0.05639097744360902
2 0.23625000000000002 0.16917293233082706 0.0275 0.06015037593984962
2 0.2525 0.17293233082706766 0.02 0.05263157894736842
2 0.27 0.16729323308270677 0.02 0.04887218045112782
2 0.3375 0.18421052631578946 0.025 0.06015037593984962
2 0.45375 0.22180451127819548 0.0575 0.10526315789473684
2 0.85375 0.2838345864661654 0.0525 0.08646616541353383
