0 0.0263671875 0.29166666666666663 0.033203125 0.10677083333333333
0 0.31494140625 0.28580729166666663 0.0302734375 0.09765625
0 0.3193359375 0.28385416666666663 0.02734375 0.09375
0 0.525390625 0.27018229166666663 0.029296875 0.10026041666666666
0 0.5419921875 0.2747395833333333 0.02734375 0.08854166666666666
0 0.58203125 0.31315104166666663 0.052734375 0.17578125
0 0.626953125 0.2688802083333333 0.0234375 0.07682291666666666
0 0.69775390625 0.27018229166666663 0.0244140625 0.08203125
0 0.720703125 0.275390625 0.025390625 0.08203125
0 0.74951171875 0.2708333333333333 0.0302734375 0.1015625
0 0.77099609375 0.27734375 0.0302734375 0.1015625
0 0.8134765625 0.267578125 0.021484375 0.07421875
0 0.61083984375 0.244140625 0.0087890625 0.03255208333333333
0 0.904296875 0.27018229166666663 0.025390625 0.08723958333333333
0 0.93505859375 0.275390625 0.0244140625 0.07942708333333333
0 0.92529296875 0.2669270833333333 0.0224609375 0.07552083333333333
2 0.13623046875 0.33463541666666663 0.0830078125 0.08072916666666666
3 0.64208984375 0.9309895833333333 0.1591796875 0.13541666666666666
