0 0.1015625 0.5058616647127784 0.203125 0.40679953106682293
0 0.49843750000000003 0.5070339976553341 0.30312500000000003 0.5545134818288393
0 0.46484375 0.43317702227432586 0.1609375 0.2942555685814771
0 0.2171875 0.45486518171160606 0.153125 0.28370457209847594
0 0.26484375 0.41266119577960136 0.09531250000000001 0.17584994138335286
0 0.28515625 0.3622508792497069 0.051562500000000004 0.09613130128956623
0 0.32343750000000004 0.358147713950762 0.046875 0.08558030480656506
0 0.41718750000000004 0.4079718640093786 0.115625 0.21570926143024619
0 0.578125 0.35638921453692846 0.05625 0.10316529894490034
0 0.5890625 0.34642438452520513 0.053125000000000006 0.09730363423212192
0 0.625 0.3417350527549824 0.037500000000000006 0.07151230949589683
0 0.6421875 0.3645955451348183 0.065625 0.12192262602579132
0 0.6796875 0.3352872215709261 0.034375 0.0656506447831184
0 0.6976562500000001 0.3458382180539273 0.0484375 0.09144196951934348
0 0.71484375 0.3417350527549824 0.045312500000000006 0.08323563892145369
0 0.753125 0.3827667057444314 0.1 0.18405627198124266
0 0.8226562500000001 0.43434935521688156 0.16718750000000002 0.305978898007034
0 0.9554687500000001 0.41148886283704567 0.0859375 0.20867526377491205
0 0.9226562500000001 0.3294255568581477 0.045312500000000006 0.08440797186400938
0 0.88203125 0.35111371629542787 0.060937500000000006 0.11137162954279015
0 0.95234375 0.3710433763188745 0.07968750000000001 0.14888628370457208
0 0.115625 0.34642438452520513 0.040625 0.0738569753810082
0 0.04453125 0.4144196951934349 0.0890625 0.21219226260257912
0 0.35000000000000003 0.34876905041031653 0.021875000000000002 0.041031652989449004
0 0.61328125 0.33177022274325907 0.0328125 0.06096131301289566
2 0.22968750000000002 0.33177022274325907 0.034375 0.056271981242672915
2 0.26171875 0.31535756154747946 0.0328125 0.03048065650644783
2 0.3953125 0.3223915592028136 0.043750000000000004 0.028135990621336458
4 0.6625000000000001 0.3083235638921453 0.040625 0.028135990621336458
4 0.7914062500000001 0.3083235638921453 0.045312500000000006 0.04689331770222743
4 0.9203125000000001 0.3083235638921453 0.05 0.04689331770222743
