0 0.08734939759036144 0.5830564784053156 0.02610441767068273 0.11627906976744186
0 0.058232931726907626 0.6013289036544851 0.020080321285140562 0.08637873754152824
0 0.04919678714859437 0.5946843853820598 0.022088353413654616 0.09302325581395349
0 0.008032128514056224 0.5930232558139535 0.01606425702811245 0.10299003322259137
0 0.2891566265060241 0.7375415282392027 0.08835341365461846 0.3654485049833887
0 0.36144578313253006 0.739202657807309 0.08835341365461846 0.3554817275747508
0 0.4407630522088353 0.7259136212624585 0.09036144578313252 0.3754152823920266
0 0.5311244979919678 0.7259136212624585 0.08634538152610441 0.3554817275747508
0 0.5963855421686747 0.7225913621262459 0.08032128514056225 0.3355481727574751
0 0.7148594377510039 0.7225913621262459 0.08032128514056225 0.3222591362126246
0 0.7700803212851405 0.707641196013289 0.07831325301204818 0.31893687707641194
0 0.8273092369477911 0.7192691029900332 0.07228915662650602 0.28903654485049834
0 0.8734939759036143 0.7159468438538206 0.056224899598393566 0.23588039867109636
0 0.9327309236947791 0.717607973421927 0.04618473895582329 0.19269102990033224
2 0.16967871485943772 0.5481727574750831 0.07028112449799197 0.09966777408637874
2 0.6516064257028111 0.6196013289036545 0.05421686746987951 0.16279069767441862
4 0.12751004016064255 0.5764119601328904 0.02610441767068273 0.10299003322259137
