0 0.154 0.5476190476190476 0.092 0.3333333333333333
0 0.215 0.47172619047619047 0.074 0.27678571428571425
0 0.197 0.650297619047619 0.11800000000000001 0.4255952380952381
0 0.322 0.5803571428571428 0.088 0.3214285714285714
0 0.354 0.4895833333333333 0.076 0.27678571428571425
0 0.34900000000000003 0.38541666666666663 0.058 0.2113095238095238
0 0.443 0.44940476190476186 0.058 0.22023809523809523
0 0.545 0.7648809523809523 0.126 0.46428571428571425
0 0.615 0.6324404761904762 0.09 0.33035714285714285
0 0.455 0.400297619047619 0.054 0.1994047619047619
0 0.5720000000000001 0.5119047619047619 0.08 0.29166666666666663
0 0.646 0.45535714285714285 0.068 0.25
0 0.731 0.4255952380952381 0.062 0.22619047619047616
0 0.773 0.47619047619047616 0.062 0.23214285714285712
0 0.803 0.5297619047619048 0.082 0.2976190476190476
0 0.897 0.6488095238095237 0.098 0.3630952380952381
0 0.603 0.3645833333333333 0.042 0.15773809523809523
0 0.642 0.37648809523809523 0.052000000000000005 0.1875
0 0.559 0.41220238095238093 0.054 0.20535714285714285
0 0.588 0.30803571428571425 0.032 0.11607142857142856
0 0.485 0.3125 0.038 0.1369047619047619
2 0.307 0.400297619047619 0.062 0.15773809523809523
2 0.54 0.34226190476190477 0.028 0.11309523809523808
4 0.545 0.26785714285714285 0.062 0.1369047619047619
