0 0.05733333333333333 0.7404426559356138 0.11466666666666667 0.5150905432595574
0 0.2793333333333333 0.7826961770623743 0.092 0.34607645875251514
0 0.33399999999999996 0.7806841046277667 0.09999999999999999 0.37424547283702214
0 0.3813333333333333 0.7857142857142858 0.11466666666666667 0.420523138832998
0 0.43066666666666664 0.7706237424547284 0.12 0.4466800804828974
0 0.49866666666666665 0.7565392354124749 0.13066666666666665 0.48289738430583506
0 0.5346666666666666 0.688128772635815 0.11733333333333333 0.43058350100603626
0 0.6053333333333333 0.7545271629778673 0.13066666666666665 0.48289738430583506
0 0.7166666666666667 0.7464788732394367 0.13733333333333334 0.5030181086519115
0 0.9 0.7263581488933603 0.14666666666666667 0.5432595573440644
0 0.9306666666666666 0.6559356136820926 0.13599999999999998 0.591549295774648
0 0.9493333333333333 0.4748490945674045 0.09866666666666667 0.48289738430583506
0 0.822 0.6680080482897385 0.14266666666666666 0.5271629778672032
0 0.6566666666666666 0.5563380281690141 0.108 0.40442655935613686
0 0.7413333333333333 0.5321931589537224 0.12 0.4406438631790745
2 0.9279999999999999 0.26760563380281693 0.050666666666666665 0.19315895372233402
2 0.8553333333333333 0.3802816901408451 0.09466666666666666 0.20925553319919518
2 0.368 0.5865191146881288 0.021333333333333333 0.04225352112676057
2 0.41 0.5563380281690141 0.044 0.1348088531187123
2 0.45399999999999996 0.5331991951710262 0.028 0.1529175050301811
2 0.474 0.5623742454728371 0.044 0.12273641851106641
2 0.486 0.454728370221328 0.05466666666666666 0.12072434607645877
2 0.5133333333333333 0.4839034205231389 0.03733333333333333 0.11468812877263583
2 0.5733333333333334 0.4728370221327968 0.042666666666666665 0.15694164989939638
2 0.6106666666666667 0.4054325955734407 0.05333333333333333 0.1348088531187123
2 0.6033333333333333 0.5442655935613683 0.124 0.19517102615694168
2 0.7726666666666666 0.329979879275654 0.08133333333333333 0.1529175050301811
