0 0.17500000000000002 0.8174757281553398 0.09 0.34563106796116505
0 0.26937500000000003 0.8184466019417476 0.08875 0.3436893203883495
0 0.321875 0.8087378640776699 0.09625 0.3631067961165048
0 0.38 0.7796116504854369 0.0925 0.35145631067961164
0 0.42812500000000003 0.8349514563106796 0.07875 0.3029126213592233
0 0.47875 0.8427184466019417 0.0825 0.3106796116504854
0 0.596875 0.8339805825242718 0.08375 0.32427184466019415
0 0.666875 0.8378640776699029 0.07875 0.3048543689320388
0 0.745 0.8446601941747572 0.0825 0.30679611650485433
0 0.041875 0.8699029126213592 0.06625 0.2563106796116505
0 0.95125 0.7233009708737864 0.075 0.28932038834951457
0 0.9675 0.8349514563106796 0.0625 0.3106796116504854
0 0.380625 0.6679611650485436 0.06625 0.2524271844660194
0 0.323125 0.7368932038834951 0.08875 0.3359223300970874
0 0.33437500000000003 0.5009708737864077 0.04875 0.19029126213592232
0 0.301875 0.5407766990291262 0.058750000000000004 0.2233009708737864
0 0.274375 0.5932038834951456 0.06125 0.23883495145631067
0 0.23625000000000002 0.558252427184466 0.065 0.2466019417475728
0 0.18875 0.558252427184466 0.0525 0.19999999999999998
0 0.0775 0.27475728155339807 0.0175 0.06796116504854369
0 0.130625 0.28058252427184466 0.01625 0.06796116504854369
0 0.45937500000000003 0.5184466019417475 0.03875 0.15145631067961166
0 0.6625 0.5155339805825242 0.0375 0.14174757281553396
0 0.7106250000000001 0.6242718446601941 0.05625 0.2116504854368932
0 0.8668750000000001 0.6854368932038835 0.058750000000000004 0.229126213592233
0 0.8981250000000001 0.6378640776699029 0.06625 0.2543689320388349
0 0.923125 0.654368932038835 0.06875 0.2640776699029126
0 0.79125 0.8495145631067961 0.075 0.2854368932038835
2 0.041875 0.7320388349514563 0.08375 0.1941747572815534
2 0.665625 0.6718446601941748 0.07375 0.12815533980582525
2 0.625 0.7 0.0575 0.16504854368932037
2 0.41500000000000004 0.6466019417475728 0.0575 0.11650485436893203
2 0.426875 0.633009708737864 0.02125 0.058252427184466014
2 0.47500000000000003 0.6514563106796116 0.07 0.17669902912621357
2 0.525 0.6300970873786408 0.0575 0.16504854368932037
2 0.54125 0.7242718446601941 0.08750000000000001 0.2174757281553398
2 0.5575 0.6660194174757281 0.045 0.1087378640776699
2 0.5825 0.6271844660194175 0.0475 0.0970873786407767
2 0.66625 0.6388349514563106 0.0725 0.1436893203883495
2 0.735625 0.7485436893203883 0.08375 0.15339805825242717
2 0.40875 0.5475728155339805 0.0275 0.062135922330097085
2 0.42625 0.5902912621359223 0.06 0.1436893203883495
2 0.481875 0.562135922330097 0.03125 0.1145631067961165
2 0.52 0.5699029126213592 0.055 0.08737864077669903
2 0.506875 0.5135922330097087 0.03125 0.07572815533980583
2 0.074375 0.4436893203883495 0.04125 0.11067961165048543
2 0.0675 0.37766990291262137 0.0225 0.04854368932038835
2 0.02 0.3990291262135922 0.035 0.07961165048543689
2 0.108125 0.39514563106796113 0.03375 0.11067961165048543
2 0.14375000000000002 0.40970873786407763 0.025 0.06990291262135923
2 0.165 0.41456310679611647 0.0275 0.07572815533980583
2 0.1975 0.43300970873786404 0.0325 0.0854368932038835
2 0.216875 0.4048543689320388 0.02375 0.06019417475728155
2 0.23 0.4378640776699029 0.035 0.07961165048543689
2 0.26 0.4155339805825243 0.025 0.09320388349514563
2 0.283125 0.39514563106796113 0.02375 0.06407766990291262
2 0.30312500000000003 0.3844660194174757 0.01875 0.027184466019417475
2 0.294375 0.4155339805825243 0.02125 0.03495145631067961
2 0.279375 0.4466019417475728 0.03125 0.07378640776699029
2 0.1825 0.45922330097087377 0.035 0.08349514563106795
2 0.15625 0.4553398058252427 0.035 0.07961165048543689
2 0.1075 0.4854368932038835 0.03 0.062135922330097085
2 0.15375 0.3650485436893204 0.04 0.05436893203883495
2 0.0925 0.41650485436893203 0.0375 0.07572815533980583
2 0.124375 0.5077669902912622 0.04625 0.13398058252427184
2 0.315 0.4233009708737864 0.02 0.05048543689320388
2 0.314375 0.37766990291262137 0.01875 0.04854368932038835
2 0.34500000000000003 0.38543689320388347 0.0225 0.07572815533980583
2 0.364375 0.36796116504854365 0.01625 0.05631067961165048
2 0.353125 0.41650485436893203 0.03375 0.0912621359223301
2 0.38625 0.4262135922330097 0.035 0.06019417475728155
2 0.37625000000000003 0.3825242718446602 0.0175 0.04660194174757282
2 0.38375000000000004 0.39514563106796113 0.03 0.04466019417475728
2 0.395 0.37475728155339805 0.02 0.031067961165048542
2 0.410625 0.3786407766990291 0.01625 0.04660194174757282
2 0.40750000000000003 0.4223300970873786 0.025 0.06796116504854369
2 0.421875 0.4048543689320388 0.01375 0.04466019417475728
2 0.433125 0.4233009708737864 0.03375 0.058252427184466014
2 0.46 0.4262135922330097 0.025 0.06796116504854369
2 0.47875 0.4048543689320388 0.0225 0.06407766990291262
2 0.473125 0.46310679611650485 0.02625 0.07572815533980583
2 0.49 0.44854368932038835 0.0225 0.062135922330097085
2 0.505 0.4679611650485437 0.0375 0.06601941747572815
2 0.524375 0.4194174757281553 0.02375 0.06990291262135923
2 0.51125 0.42718446601941745 0.035 0.05436893203883495
2 0.495 0.38543689320388347 0.025 0.05242718446601941
2 0.5387500000000001 0.4009708737864078 0.0175 0.04466019417475728
2 0.545 0.487378640776699 0.03 0.0854368932038835
2 0.54625 0.42524271844660194 0.0225 0.03495145631067961
2 0.55875 0.45631067961165045 0.0225 0.06990291262135923
2 0.56875 0.48834951456310677 0.0225 0.06407766990291262
2 0.5806250000000001 0.5378640776699029 0.03625 0.08155339805825243
2 0.591875 0.5786407766990291 0.03625 0.0854368932038835
2 0.61875 0.5805825242718446 0.0325 0.07378640776699029
2 0.579375 0.43106796116504853 0.02375 0.04660194174757282
2 0.59 0.4601941747572815 0.025 0.07378640776699029
2 0.61375 0.5223300970873787 0.03 0.05436893203883495
2 0.609375 0.47961165048543686 0.03375 0.07378640776699029
2 0.615625 0.458252427184466 0.02125 0.06990291262135923
2 0.605 0.41456310679611647 0.03 0.04854368932038835
2 0.634375 0.43398058252427185 0.02375 0.06796116504854369
2 0.64875 0.43592233009708736 0.025 0.05242718446601941
2 0.654375 0.4601941747572815 0.01625 0.03495145631067961
2 0.67625 0.5786407766990291 0.0475 0.1320388349514563
2 0.683125 0.49029126213592233 0.02375 0.04466019417475728
2 0.6900000000000001 0.5359223300970873 0.0325 0.0970873786407767
2 0.7225 0.5271844660194175 0.0325 0.06796116504854369
2 0.745 0.5572815533980582 0.0275 0.12427184466019417
2 0.759375 0.5990291262135922 0.051250000000000004 0.13398058252427184
2 0.76375 0.5058252427184465 0.035 0.07572815533980583
2 0.71625 0.46310679611650485 0.03 0.07184466019417475
2 0.6925 0.4611650485436893 0.0325 0.06407766990291262
2 0.794375 0.5601941747572815 0.043750000000000004 0.07961165048543689
2 0.82125 0.6378640776699029 0.0425 0.14563106796116504
2 0.8456250000000001 0.7485436893203883 0.07375 0.20776699029126214
2 0.854375 0.5815533980582525 0.03875 0.1145631067961165
2 0.884375 0.5504854368932038 0.03125 0.07572815533980583
2 0.83375 0.5194174757281553 0.03 0.07572815533980583
2 0.819375 0.4854368932038835 0.02375 0.038834951456310676
2 0.851875 0.4893203883495145 0.01875 0.062135922330097085
2 0.9606250000000001 0.5699029126213592 0.02375 0.04466019417475728
2 0.9656250000000001 0.5339805825242718 0.02125 0.04271844660194175
2 0.981875 0.5922330097087378 0.03125 0.07766990291262135
2 0.85875 0.41844660194174754 0.0275 0.06019417475728155
2 0.980625 0.45631067961165045 0.02875 0.04271844660194175
2 0.94875 0.41650485436893203 0.02 0.04466019417475728
2 0.98375 0.512621359223301 0.03 0.06990291262135923
2 0.926875 0.5 0.02125 0.05631067961165048
2 0.964375 0.5029126213592233 0.02375 0.062135922330097085
2 0.89 0.4825242718446602 0.02 0.06019417475728155
2 0.79 0.533009708737864 0.03 0.08349514563106795
3 0.045625 0.3757281553398058 0.01625 0.02524271844660194
3 0.076875 0.3485436893203883 0.01375 0.021359223300970873
3 0.051875000000000004 0.3485436893203883 0.01625 0.029126213592233007
4 0.19375 0.2757281553398058 0.3875 0.07766990291262135
4 0.60375 0.3970873786407767 0.4525 0.17281553398058253
