0 0.66796875 0.6135416666666667 0.1609375 0.5229166666666667
0 0.8343750000000001 0.5385416666666667 0.14375000000000002 0.46875
0 0.7820312500000001 0.4614583333333333 0.1328125 0.4354166666666667
0 0.8625 0.453125 0.134375 0.44375
0 0.0328125 0.44479166666666664 0.065625 0.4270833333333333
0 0.12265625000000001 0.5541666666666667 0.1453125 0.4708333333333333
0 0.19921875 0.5791666666666666 0.1421875 0.46249999999999997
0 0.290625 0.5697916666666667 0.15625 0.5145833333333333
0 0.3765625 0.5760416666666667 0.15937500000000002 0.5229166666666667
0 0.4453125 0.60625 0.16562500000000002 0.5458333333333333
0 0.503125 0.578125 0.140625 0.46458333333333335
0 0.58515625 0.5833333333333334 0.13593750000000002 0.45
0 0.92109375 0.45729166666666665 0.1078125 0.35625
0 0.71640625 0.48020833333333335 0.1203125 0.39791666666666664
0 0.6265625 0.5208333333333334 0.14375000000000002 0.475
0 0.25078125 0.5166666666666666 0.1296875 0.42083333333333334
0 0.23046875 0.46979166666666666 0.1328125 0.43124999999999997
2 0.7625000000000001 0.2989583333333333 0.046875 0.11041666666666666
2 0.6796875 0.36666666666666664 0.05625 0.175
2 0.55390625 0.37604166666666666 0.045312500000000006 0.11041666666666666
2 0.525 0.32916666666666666 0.034375 0.041666666666666664
2 0.6062500000000001 0.3104166666666667 0.059375000000000004 0.12083333333333333
2 0.47265625 0.35625 0.051562500000000004 0.1375
2 0.34140625 0.34791666666666665 0.060937500000000006 0.13333333333333333
2 0.290625 0.28541666666666665 0.043750000000000004 0.08333333333333333
2 0.31484375000000003 0.25416666666666665 0.0421875 0.075
2 0.35859375000000004 0.26458333333333334 0.0546875 0.10416666666666667
2 0.38593750000000004 0.2635416666666667 0.03125 0.07708333333333334
2 0.45156250000000003 0.31354166666666666 0.1125 0.17708333333333334
2 0.44609375 0.23333333333333334 0.0421875 0.1
2 0.49609375 0.28854166666666664 0.035937500000000004 0.08958333333333333
2 0.53671875 0.2875 0.0921875 0.15416666666666667
2 0.540625 0.19166666666666665 0.146875 0.2375
2 0.65546875 0.25416666666666665 0.0484375 0.06666666666666667
2 0.69921875 0.28541666666666665 0.0546875 0.12916666666666665
