0 0.128 0.6539145907473309 0.13599999999999998 0.44306049822064053
0 0.09266666666666666 0.5400355871886121 0.04933333333333333 0.16548042704626334
0 0.03266666666666666 0.5435943060498221 0.05466666666666666 0.1797153024911032
0 0.22333333333333333 0.5213523131672597 0.044 0.14590747330960854
0 0.26466666666666666 0.5204626334519573 0.044 0.14768683274021352
0 0.3133333333333333 0.5053380782918149 0.04 0.13523131672597863
0 0.35 0.5151245551601423 0.028 0.09430604982206406
0 0.41666666666666663 0.5818505338078291 0.108 0.3558718861209964
0 0.508 0.547153024911032 0.07466666666666666 0.2473309608540925
0 0.8913333333333333 0.5097864768683273 0.11333333333333333 0.37188612099644125
0 0.9513333333333333 0.49110320284697506 0.09466666666666666 0.3558718861209964
2 0.6473333333333333 0.5738434163701067 0.076 0.22241992882562275
2 0.746 0.5169039145907474 0.04133333333333333 0.33985765124555156
2 0.7153333333333333 0.5195729537366548 0.04133333333333333 0.298932384341637
2 0.8039999999999999 0.5115658362989324 0.050666666666666665 0.3362989323843416
2 0.9886666666666666 0.38256227758007116 0.02 0.0498220640569395
2 0.5086666666666666 0.41637010676156583 0.028 0.042704626334519574
2 0.5513333333333333 0.4154804270462633 0.025333333333333333 0.03380782918149466
2 0.44666666666666666 0.49555160142348753 0.032 0.16192170818505336
2 0.049999999999999996 0.5782918149466192 0.025333333333333333 0.12811387900355872
3 0.16799999999999998 0.9341637010676156 0.09066666666666666 0.12811387900355872
3 0.434 0.8816725978647686 0.09999999999999999 0.22241992882562275
3 0.5306666666666666 0.7846975088967971 0.07466666666666666 0.22064056939501778
3 0.6573333333333333 0.8104982206405693 0.088 0.23665480427046262
3 0.74 0.8078291814946619 0.08266666666666667 0.24199288256227758
3 0.832 0.8051601423487544 0.08 0.24377224199288255
3 0.9239999999999999 0.8211743772241993 0.096 0.21174377224199287
4 0.5586666666666666 0.4154804270462633 0.06933333333333333 0.02669039145907473
