0 0.44333333333333336 0.5320855614973262 0.030000000000000002 0.11764705882352941
0 0.46166666666666667 0.5307486631016043 0.02666666666666667 0.10962566844919786
0 0.4291666666666667 0.5200534759358288 0.028333333333333335 0.10962566844919786
0 0.5025000000000001 0.516042780748663 0.025 0.1016042780748663
0 0.5216666666666667 0.516042780748663 0.02666666666666667 0.10695187165775401
0 0.5433333333333333 0.5227272727272727 0.02666666666666667 0.10427807486631016
0 0.5583333333333333 0.5187165775401069 0.030000000000000002 0.11764705882352941
0 0.5783333333333334 0.5093582887700534 0.030000000000000002 0.12566844919786097
0 0.6033333333333334 0.516042780748663 0.03333333333333333 0.1336898395721925
0 0.6183333333333334 0.5227272727272727 0.03333333333333333 0.13101604278074866
0 0.64 0.5147058823529411 0.03666666666666667 0.15240641711229946
0 0.6975 0.5120320855614973 0.04166666666666667 0.16310160427807485
0 0.7708333333333334 0.5066844919786095 0.045000000000000005 0.17914438502673796
0 0.8133333333333334 0.517379679144385 0.04666666666666667 0.18449197860962566
0 0.8516666666666667 0.5320855614973262 0.043333333333333335 0.1711229946524064
0 0.88 0.516042780748663 0.04666666666666667 0.1818181818181818
0 0.905 0.5467914438502673 0.04666666666666667 0.18983957219251335
0 0.9666666666666667 0.5013368983957219 0.06333333333333334 0.28074866310160423
0 0.275 0.5200534759358288 0.013333333333333334 0.05080213903743315
2 0.07666666666666667 0.4585561497326203 0.04666666666666667 0.10962566844919786
2 0.12250000000000001 0.4866310160427807 0.035 0.06951871657754011
2 0.36000000000000004 0.5080213903743315 0.023333333333333334 0.0962566844919786
2 0.39416666666666667 0.5080213903743315 0.018333333333333333 0.0909090909090909
4 0.2016666666666667 0.517379679144385 0.030000000000000002 0.04545454545454545
