0 0.9231884057971015 0.6744186046511628 0.11304347826086956 0.4909560723514212
0 0.7572463768115942 0.7260981912144703 0.11739130434782609 0.5116279069767442
0 0.6224637681159421 0.599483204134367 0.08550724637681159 0.37209302325581395
0 0.5427536231884058 0.6976744186046512 0.09710144927536232 0.4289405684754522
0 0.4956521739130435 0.5671834625322998 0.06086956521739131 0.2661498708010336
0 0.39710144927536234 0.6705426356589148 0.08985507246376812 0.39534883720930236
0 0.3347826086956522 0.5284237726098191 0.0463768115942029 0.20930232558139536
0 0.2739130434782609 0.48578811369509045 0.034782608695652174 0.15503875968992248
0 0.3094202898550725 0.4534883720930233 0.02463768115942029 0.11627906976744186
0 0.2963768115942029 0.4418604651162791 0.030434782608695653 0.1343669250645995
0 0.21594202898550724 0.5103359173126615 0.026086956521739132 0.11111111111111112
0 0.23695652173913043 0.4896640826873385 0.030434782608695653 0.13695090439276486
0 0.2565217391304348 0.4741602067183463 0.028985507246376812 0.13178294573643412
0 0.09130434782608696 0.47932816537467704 0.020289855072463767 0.09560723514211887
0 0.16594202898550725 0.49741602067183466 0.015942028985507246 0.06976744186046512
2 0.12536231884057972 0.4819121447028424 0.021739130434782608 0.11111111111111112
2 0.14492753623188406 0.4935400516795866 0.03188405797101449 0.1343669250645995
2 0.19057971014492753 0.5038759689922481 0.021739130434782608 0.11886304909560724
2 0.14855072463768115 0.6808785529715763 0.04782608695652174 0.13178294573643412
2 0.2210144927536232 0.6705426356589148 0.0536231884057971 0.15762273901808785
2 0.2811594202898551 0.7131782945736435 0.0782608695652174 0.24806201550387597
2 0.2971014492753623 0.6808785529715763 0.02318840579710145 0.07493540051679587
2 0.7246376811594203 0.5671834625322998 0.034782608695652174 0.16795865633074936
2 0.5710144927536231 0.4560723514211886 0.057971014492753624 0.1524547803617571
2 0.48840579710144927 0.4315245478036176 0.03188405797101449 0.0516795865633075
2 0.3818840579710145 0.4405684754521964 0.0391304347826087 0.05426356589147287
2 0.32681159420289857 0.41731266149870805 0.01884057971014493 0.023255813953488372
