0 0.15583333333333335 0.64875 0.12166666666666667 0.4475
0 0.2566666666666667 0.71 0.11 0.4
0 0.30250000000000005 0.7000000000000001 0.095 0.355
0 0.33083333333333337 0.7225 0.10166666666666667 0.37
0 0.3666666666666667 0.7175 0.11666666666666667 0.43
0 0.4341666666666667 0.76375 0.12166666666666667 0.4475
0 0.5391666666666667 0.7262500000000001 0.14500000000000002 0.5375
0 0.6208333333333333 0.69875 0.15833333333333335 0.5775
0 0.7208333333333333 0.7775 0.11166666666666668 0.41500000000000004
0 0.745 0.7212500000000001 0.14333333333333334 0.5275
0 0.8058333333333334 0.7425 0.135 0.5
0 0.9008333333333334 0.725 0.14500000000000002 0.53
0 0.9516666666666668 0.65375 0.09333333333333334 0.5575
0 0.8733333333333334 0.6575 0.13333333333333333 0.495
0 0.6958333333333334 0.4375 0.07166666666666667 0.26
0 0.5850000000000001 0.6687500000000001 0.10666666666666667 0.3975
2 0.3141666666666667 0.51375 0.025 0.0525
2 0.9650000000000001 0.46625 0.02 0.0525
2 0.9383333333333334 0.44125000000000003 0.023333333333333334 0.0625
2 0.8450000000000001 0.445 0.03333333333333333 0.06
2 0.8108333333333334 0.45 0.03833333333333334 0.06
2 0.7708333333333334 0.46125 0.05166666666666667 0.0825
