0 0.7140255009107468 0.6803713527851458 0.04007285974499089 0.15119363395225463
0 0.7495446265938069 0.669761273209549 0.03825136612021858 0.14058355437665782
0 0.9098360655737705 0.4761273209549071 0.030965391621129327 0.10875331564986737
0 0.9499089253187614 0.46021220159151194 0.030965391621129327 0.10875331564986737
0 0.9663023679417122 0.4615384615384615 0.03460837887067395 0.12201591511936338
0 0.8870673952641166 0.4496021220159151 0.03278688524590164 0.11405835543766578
0 0.8979963570127505 0.4509283819628647 0.03278688524590164 0.11671087533156498
0 0.8715846994535519 0.4509283819628647 0.0273224043715847 0.10079575596816975
0 0.8597449908925319 0.4456233421750663 0.025500910746812384 0.09549071618037135
0 0.7604735883424408 0.4403183023872679 0.030965391621129327 0.11140583554376657
0 0.7723132969034608 0.43899204244031825 0.029143897996357013 0.10344827586206896
0 0.5774134790528234 0.3740053050397878 0.025500910746812384 0.09549071618037135
0 0.6193078324225865 0.3673740053050398 0.025500910746812384 0.09283819628647215
0 0.6320582877959927 0.36339522546419095 0.02185792349726776 0.08488063660477453
0 0.6020036429872495 0.3647214854111406 0.023679417122040074 0.08753315649867374
0 0.5437158469945356 0.3620689655172414 0.023679417122040074 0.09283819628647215
0 0.5346083788706739 0.35676392572944293 0.023679417122040074 0.08222811671087532
0 0.5154826958105647 0.35013262599469497 0.025500910746812384 0.10079575596816975
0 0.4972677595628415 0.35543766578249336 0.02185792349726776 0.08488063660477453
0 0.4808743169398907 0.34615384615384615 0.02185792349726776 0.07692307692307691
0 0.465391621129326 0.3421750663129973 0.023679417122040074 0.09018567639257294
0 0.43624772313296906 0.3421750663129973 0.023679417122040074 0.08488063660477453
2 0.9480874316939891 0.5649867374005305 0.03460837887067395 0.12201591511936338
4 0.5482695810564663 0.28116710875331563 0.5027322404371585 0.2015915119363395
4 0.8979963570127505 0.3103448275862069 0.1894353369763206 0.143236074270557
