0 0.013427734375 0.6877033181522447 0.02685546875 0.11581001951854263
0 0.025146484375 0.679245283018868 0.02490234375 0.0819778789850358
0 0.12353515625 0.7563435263500325 0.103515625 0.3376707872478855
0 0.1630859375 0.7426805465191932 0.076171875 0.2491867273910215
0 0.282470703125 0.6073519843851659 0.01513671875 0.05139882888744308
0 0.396484375 0.6717631750162655 0.0361328125 0.11776187378009109
0 0.411865234375 0.6688353936239428 0.03662109375 0.11971372804163957
0 0.37744140625 0.6473649967469096 0.0185546875 0.059856864020819786
0 0.45458984375 0.6714378659726741 0.03515625 0.11581001951854263
0 0.475341796875 0.683148991541965 0.03955078125 0.13012361743656475
0 0.44287109375 0.653220559531555 0.021484375 0.07026675341574497
0 0.500244140625 0.6577748861418348 0.02294921875 0.0741704619388419
0 0.519775390625 0.6558230318802863 0.02099609375 0.06896551724137931
0 0.51416015625 0.6037735849056605 0.0146484375 0.048145738451528954
0 0.52587890625 0.6158100195185426 0.0087890625 0.029277813923227067
0 0.480712890625 0.6067013662979831 0.01318359375 0.04229017566688354
0 0.466796875 0.6008458035133377 0.0126953125 0.04229017566688354
0 0.44482421875 0.5972674040338322 0.0126953125 0.04163955757970072
0 0.42822265625 0.6027976577748861 0.0107421875 0.03708523096942095
0 0.4326171875 0.5614834092387769 0.0087890625 0.029928432010409893
0 0.390869140625 0.560832791151594 0.01220703125 0.03903708523096942
0 0.381103515625 0.5653871177618738 0.00830078125 0.028627195836044245
0 0.3671875 0.5618087182823683 0.0107421875 0.03708523096942095
0 0.3564453125 0.5644111906310996 0.0107421875 0.035783994795055306
0 0.3271484375 0.5657124268054652 0.009765625 0.03188028627195836
0 0.31884765625 0.5634352635003254 0.0107421875 0.03643461288223813
0 0.49658203125 0.5556278464541314 0.01171875 0.03903708523096942
0 0.5029296875 0.5611581001951854 0.0087890625 0.030579050097592715
2 0.519775390625 0.5660377358490566 0.00634765625 0.018217306441119064
2 0.26806640625 0.5735198438516591 0.0126953125 0.01886792452830189
2 0.40283203125 0.6236174365647366 0.005859375 0.009759271307742356
2 0.4599609375 0.6236174365647366 0.005859375 0.013662979830839299
2 0.47412109375 0.5910865322055954 0.005859375 0.009759271307742356
