0 0.6907114624505928 0.28272251308900526 0.04545454545454545 0.14659685863874347
0 0.7539525691699605 0.26308900523560214 0.04545454545454545 0.1492146596858639
0 0.9407114624505928 0.2774869109947644 0.03952569169960474 0.13612565445026178
0 0.9654150197628458 0.2774869109947644 0.04545454545454545 0.15183246073298431
0 0.9792490118577074 0.28141361256544506 0.037549407114624504 0.1649214659685864
0 0.8774703557312252 0.2617801047120419 0.03952569169960474 0.13612565445026178
0 0.9120553359683794 0.27225130890052357 0.037549407114624504 0.12565445026178013
0 0.19268774703557312 0.3390052356020943 0.04940711462450593 0.1649214659685864
0 0.22134387351778656 0.32591623036649214 0.04743083003952569 0.1544502617801047
0 0.16304347826086957 0.33376963350785344 0.04150197628458498 0.14397905759162305
0 0.1442687747035573 0.39136125654450266 0.03162055335968379 0.10209424083769635
0 0.10770750988142291 0.32068062827225136 0.04940711462450593 0.15968586387434555
0 0.062252964426877465 0.337696335078534 0.04940711462450593 0.15706806282722513
0 0.016798418972332016 0.3416230366492147 0.03359683794466403 0.1544502617801047
2 0.3745059288537549 0.5641361256544503 0.23913043478260868 0.8141361256544503
2 0.5988142292490118 0.5549738219895288 0.17786561264822134 0.7958115183246074
4 0.1650197628458498 0.10209424083769635 0.32608695652173914 0.12565445026178013
4 0.9347826086956521 0.2041884816753927 0.12252964426877469 0.041884816753926704
4 0.8053359683794465 0.22905759162303665 0.07312252964426877 0.02356020942408377
4 0.24802371541501975 0.2774869109947644 0.04545454545454545 0.05235602094240838
