0 0.73 0.6413333333333333 0.17 0.5519999999999999
0 0.659 0.596 0.124 0.408
0 0.453 0.6113333333333333 0.152 0.4973333333333333
0 0.2675 0.5773333333333334 0.109 0.35733333333333334
0 0.3785 0.49666666666666665 0.073 0.23866666666666667
0 0.194 0.4973333333333333 0.062 0.20266666666666666
0 0.132 0.46599999999999997 0.04 0.13466666666666666
0 0.10400000000000001 0.5693333333333334 0.094 0.30666666666666664
0 0.5285 0.496 0.055 0.18133333333333332
0 0.9475 0.5539999999999999 0.08700000000000001 0.2866666666666667
2 0.015 0.424 0.026000000000000002 0.03733333333333333
2 0.0285 0.42466666666666664 0.019 0.03333333333333333
2 0.0495 0.432 0.023 0.06666666666666667
2 0.0805 0.418 0.039 0.08133333333333333
2 0.0735 0.6573333333333333 0.145 0.36533333333333334
2 0.22 0.49666666666666665 0.016 0.18
2 0.35000000000000003 0.5246666666666666 0.018000000000000002 0.06799999999999999
2 0.417 0.5113333333333333 0.012 0.22799999999999998
2 0.5165 0.4973333333333333 0.025 0.176
2 0.4985 0.4973333333333333 0.015 0.18133333333333332
2 0.5645 0.502 0.019 0.19599999999999998
2 0.594 0.5013333333333333 0.018000000000000002 0.20266666666666666
2 0.624 0.5113333333333333 0.022 0.20133333333333334
2 0.9735 0.6106666666666667 0.041 0.576
3 0.084 0.9166666666666666 0.166 0.10533333333333333
3 0.106 0.6766666666666666 0.078 0.06266666666666666
3 0.2455 0.6859999999999999 0.131 0.13999999999999999
3 0.52 0.7513333333333333 0.41000000000000003 0.2573333333333333
3 0.352 0.5933333333333333 0.07 0.058666666666666666
3 0.8755000000000001 0.7973333333333333 0.23900000000000002 0.144
3 0.857 0.6779999999999999 0.212 0.08133333333333333
