0 0.06616052060737528 0.6493055555555555 0.07592190889370933 0.3055555555555555
0 0.1442516268980477 0.625 0.06290672451193059 0.25
0 0.26681127982646424 0.736111111111111 0.1301518438177874 0.5069444444444444
0 0.3167028199566161 0.6822916666666666 0.09978308026030369 0.3923611111111111
0 0.3351409978308026 0.6545138888888888 0.08459869848156182 0.3298611111111111
0 0.35032537960954446 0.6475694444444444 0.07158351409978309 0.28125
0 0.4967462039045553 0.7239583333333333 0.13449023861171366 0.53125
0 0.4566160520607375 0.720486111111111 0.11496746203904555 0.4618055555555555
0 0.5379609544468547 0.6180555555555555 0.060737527114967466 0.24305555555555555
0 0.5759219088937093 0.6024305555555555 0.05422993492407809 0.21180555555555555
0 0.6084598698481563 0.6371527777777778 0.06724511930585683 0.2673611111111111
0 0.6355748373101953 0.65625 0.07809110629067245 0.3125
0 0.683297180043384 0.673611111111111 0.0911062906724512 0.3680555555555555
0 0.720173535791757 0.7118055555555555 0.11713665943600868 0.46527777777777773
0 0.7722342733188721 0.7291666666666666 0.1301518438177874 0.5138888888888888
0 0.9013015184381779 0.6701388888888888 0.09327548806941433 0.3611111111111111
0 0.8275488069414317 0.657986111111111 0.07592190889370933 0.3020833333333333
0 0.8763557483731019 0.625 0.0650759219088937 0.2638888888888889
0 0.9587852494577007 0.611111111111111 0.060737527114967466 0.24305555555555555
0 0.9663774403470716 0.6909722222222222 0.06290672451193059 0.41666666666666663
2 0.10303687635574837 0.4427083333333333 0.036876355748373106 0.07291666666666666
2 0.28199566160520606 0.4392361111111111 0.039045553145336226 0.0798611111111111
2 0.40238611713665945 0.4722222222222222 0.02386117136659436 0.048611111111111105
2 0.24295010845986986 0.9375 0.05206073752711497 0.06944444444444445
2 0.42516268980477223 0.546875 0.039045553145336226 0.10763888888888888
2 0.4436008676789588 0.5190972222222222 0.019522776572668113 0.03819444444444444
2 0.43926247288503256 0.4739583333333333 0.02386117136659436 0.03819444444444444
2 0.5260303687635575 0.5086805555555556 0.015184381778741866 0.03819444444444444
2 0.5542299349240781 0.5052083333333333 0.015184381778741866 0.04513888888888889
2 0.5542299349240781 0.47916666666666663 0.019522776572668113 0.034722222222222224
2 0.5683297180043384 0.453125 0.01735357917570499 0.06597222222222222
2 0.5900216919739697 0.4774305555555555 0.021691973969631236 0.04513888888888889
2 0.6409978308026031 0.4774305555555555 0.03253796095444685 0.03125
2 0.6963123644251628 0.4704861111111111 0.03470715835140998 0.11458333333333333
2 0.7483731019522777 0.45138888888888884 0.021691973969631236 0.06944444444444445
2 0.21475054229934926 0.5555555555555556 0.026030368763557486 0.06944444444444445
3 0.10195227765726682 0.9149305555555555 0.19522776572668113 0.03125
3 0.11279826464208244 0.796875 0.21691973969631237 0.03125
3 0.06941431670281996 0.7447916666666666 0.1301518438177874 0.024305555555555552
3 0.6442516268980477 0.9444444444444444 0.7028199566160521 0.06944444444444445
3 0.6377440347071583 0.8576388888888888 0.6811279826464208 0.05555555555555555
3 0.6464208242950109 0.8159722222222222 0.6507592190889371 0.034722222222222224
3 0.6561822125813449 0.765625 0.6052060737527115 0.05208333333333333
