0 0.061 0.3674698795180723 0.062 0.22891566265060243
0 0.165 0.37198795180722893 0.058 0.213855421686747
0 0.376 0.3855421686746988 0.076 0.28313253012048195
0 0.332 0.3855421686746988 0.068 0.25903614457831325
0 0.46900000000000003 0.375 0.066 0.25
0 0.396 0.17921686746987953 0.04 0.14759036144578314
0 0.539 0.33433734939759036 0.05 0.18674698795180725
0 0.504 0.34638554216867473 0.06 0.22289156626506026
0 0.457 0.32981927710843373 0.058 0.213855421686747
0 0.659 0.37198795180722893 0.062 0.23795180722891568
0 0.631 0.32981927710843373 0.046 0.177710843373494
0 0.6930000000000001 0.3313253012048193 0.05 0.18072289156626506
0 0.725 0.3313253012048193 0.05 0.18674698795180725
0 0.895 0.3780120481927711 0.058 0.213855421686747
0 0.019 0.3569277108433735 0.038 0.213855421686747
0 0.198 0.3539156626506024 0.052000000000000005 0.1957831325301205
0 0.224 0.3493975903614458 0.06 0.22289156626506026
2 0.132 0.4307228915662651 0.056 0.11445783132530121
2 0.257 0.3072289156626506 0.042 0.06626506024096386
2 0.294 0.27710843373493976 0.028 0.06626506024096386
2 0.28300000000000003 0.24096385542168675 0.03 0.060240963855421686
2 0.312 0.23343373493975905 0.02 0.05120481927710844
2 0.336 0.2530120481927711 0.028 0.03614457831325302
2 0.34800000000000003 0.27108433734939763 0.016 0.042168674698795185
2 0.672 0.2620481927710844 0.024 0.06626506024096386
2 0.462 0.1430722891566265 0.044 0.05120481927710844
2 0.595 0.1460843373493976 0.042 0.045180722891566265
2 0.724 0.1430722891566265 0.032 0.045180722891566265
