0 0.196875 0.49331848552338525 0.22375 0.977728285077951
0 0.24125 0.4175946547884187 0.1925 0.8351893095768373
0 0.084375 0.4220489977728285 0.16875 0.7906458797327394
0 0.650625 0.27394209354120264 0.12125 0.5300668151447662
0 0.53625 0.14587973273942093 0.0675 0.29175946547884185
0 0.501875 0.14142538975501112 0.06375 0.27839643652561247
0 0.29625 0.18374164810690422 0.055 0.23830734966592426
0 0.328125 0.10579064587973273 0.04875 0.21158129175946547
0 0.26125 0.09910913140311804 0.0425 0.18930957683741648
2 0.63125 0.4298440979955456 0.0425 0.155902004454343
2 0.479375 0.17706013363028952 0.07375 0.2561247216035635
2 0.408125 0.19821826280623608 0.03125 0.27616926503340755
2 0.374375 0.09688195991091314 0.058750000000000004 0.18485523385300667
2 0.288125 0.030066815144766147 0.03875 0.05567928730512249
2 0.724375 0.18930957683741648 0.06875 0.11581291759465479
2 0.706875 0.06347438752783964 0.043750000000000004 0.12249443207126948
2 0.749375 0.08908685968819599 0.03125 0.16926503340757237
2 0.794375 0.10133630289532293 0.043750000000000004 0.19821826280623608
2 0.821875 0.09465478841870824 0.03125 0.18485523385300667
2 0.85375 0.06347438752783964 0.03 0.11804008908685969
2 0.87 0.042316258351893093 0.0125 0.08463251670378619
2 0.8925000000000001 0.045657015590200446 0.015 0.08685968819599109
2 0.9187500000000001 0.06124721603563474 0.0375 0.12249443207126948
2 0.940625 0.044543429844097995 0.02875 0.08908685968819599
2 0.96625 0.07906458797327394 0.02 0.15367483296213807
2 0.01 0.3741648106904231 0.02 0.14253897550111358
3 0.48375 0.856347438752784 0.41250000000000003 0.26948775055679286
3 0.485 0.7249443207126949 0.3975 0.29175946547884185
3 0.755625 0.48106904231625836 0.34375 0.18262806236080179
3 0.085625 0.7717149220489977 0.09125 0.10913140311804008
3 0.060625 0.6681514476614699 0.09625 0.12472160356347438
3 0.515 0.31625835189309576 0.115 0.06236080178173719
3 0.8525 0.210467706013363 0.17500000000000002 0.0779510022271715
