0 0.8280000000000001 0.7293333333333333 0.096 0.3173333333333333
0 0.747 0.7226666666666667 0.078 0.2613333333333333
0 0.668 0.8119999999999999 0.112 0.36533333333333334
0 0.685 0.78 0.11800000000000001 0.3813333333333333
0 0.615 0.7493333333333333 0.106 0.3466666666666667
0 0.529 0.7546666666666666 0.098 0.32
0 0.389 0.7839999999999999 0.13 0.42666666666666664
0 0.5700000000000001 0.6333333333333333 0.044 0.14133333333333334
0 0.538 0.6933333333333334 0.068 0.21866666666666665
2 0.11900000000000001 0.688 0.094 0.15466666666666667
2 0.319 0.596 0.03 0.056
2 0.269 0.592 0.018000000000000002 0.03733333333333333
2 0.253 0.5853333333333333 0.014 0.029333333333333333
2 0.243 0.564 0.018000000000000002 0.029333333333333333
2 0.177 0.576 0.018000000000000002 0.042666666666666665
2 0.532 0.5546666666666666 0.016 0.032
2 0.514 0.5626666666666666 0.02 0.021333333333333333
2 0.481 0.5853333333333333 0.022 0.04
2 0.456 0.5813333333333334 0.02 0.032
2 0.424 0.5973333333333333 0.044 0.048
2 0.38 0.5666666666666667 0.016 0.034666666666666665
2 0.492 0.5733333333333334 0.02 0.026666666666666665
2 0.929 0.8533333333333333 0.134 0.27199999999999996
2 0.968 0.5786666666666667 0.04 0.03733333333333333
2 0.885 0.584 0.034 0.05333333333333333
2 0.873 0.5599999999999999 0.014 0.026666666666666665
2 0.98 0.568 0.024 0.048
2 0.79 0.5946666666666667 0.028 0.06933333333333333
2 0.728 0.564 0.016 0.029333333333333333
2 0.731 0.6066666666666667 0.018000000000000002 0.034666666666666665
2 0.664 0.5626666666666666 0.016 0.026666666666666665
2 0.64 0.572 0.016 0.024
