0 0.4837364470391993 0.61875 0.11509591326105087 0.425
0 0.34612176814011675 0.581875 0.13511259382819016 0.49625
0 0.5746455379482902 0.596875 0.13010842368640532 0.47875
0 0.8936613844870726 0.540625 0.0408673894912427 0.15125
0 0.7051709758131777 0.344375 0.02585487906588824 0.09875
2 0.06463719766472059 0.6325000000000001 0.05421184320266889 0.16
2 0.18932443703085905 0.534375 0.03836530442035029 0.13125
2 0.7894078398665554 0.5625 0.042535446205170975 0.13
2 0.8361134278565471 0.335625 0.16430358632193495 0.13875
4 0.09466221851542952 0.5337500000000001 0.11759799833194329 0.115
4 0.25688073394495414 0.53 0.07839866555462885 0.0925
4 0.6905754795663053 0.52125 0.056713928273561295 0.08
4 0.8490408673894912 0.52375 0.0884070058381985 0.0925
4 0.32151793160967473 0.314375 0.09924937447873228 0.12875
4 0.48206839032527105 0.361875 0.1317764804003336 0.13375
4 0.4245204336947456 0.50875 0.08673894912427021 0.0825
