0 0.41000000000000003 0.7725 0.09333333333333334 0.35000000000000003
0 0.5116666666666667 0.77375 0.09333333333333334 0.3425
0 0.6091666666666667 0.76 0.08833333333333333 0.325
0 0.6725000000000001 0.75 0.085 0.31
0 0.7625000000000001 0.7575000000000001 0.08833333333333333 0.33
0 0.2783333333333334 0.74625 0.10666666666666667 0.3925
0 0.8275 0.7262500000000001 0.08166666666666667 0.3025
0 0.895 0.74125 0.08333333333333334 0.3125
0 0.2025 0.7262500000000001 0.07833333333333334 0.2925
0 0.14916666666666667 0.72 0.07833333333333334 0.28500000000000003
0 0.11416666666666668 0.705 0.07166666666666667 0.265
0 0.07583333333333334 0.6925 0.06166666666666667 0.23500000000000001
0 0.0425 0.69875 0.06166666666666667 0.2275
0 0.35500000000000004 0.5775 0.04 0.15
0 0.38333333333333336 0.5925 0.03333333333333333 0.125
0 0.42583333333333334 0.58625 0.04833333333333334 0.1825
0 0.47500000000000003 0.59125 0.043333333333333335 0.1675
0 0.5650000000000001 0.6012500000000001 0.043333333333333335 0.1625
0 0.6116666666666667 0.58375 0.03666666666666667 0.14250000000000002
0 0.6541666666666667 0.62875 0.04833333333333334 0.1825
0 0.7475 0.63125 0.058333333333333334 0.2125
0 0.8883333333333334 0.6075 0.043333333333333335 0.165
0 0.315 0.665 0.07 0.255
0 0.21666666666666667 0.66625 0.06333333333333334 0.23750000000000002
2 0.7250000000000001 0.57375 0.07 0.08750000000000001
2 0.8658333333333333 0.6025 0.025 0.155
2 0.2516666666666667 0.6175 0.05333333333333334 0.16
4 0.052500000000000005 0.49625 0.10166666666666667 0.0575
4 0.03416666666666667 0.63 0.06166666666666667 0.20500000000000002
4 0.25583333333333336 0.47500000000000003 0.2783333333333334 0.05
4 0.23500000000000001 0.5125 0.2566666666666667 0.05
4 0.12000000000000001 0.5725 0.1 0.085
4 0.4741666666666667 0.485 0.16166666666666668 0.08
4 0.6508333333333334 0.505 0.18166666666666667 0.12
4 0.7741666666666667 0.47125 0.055 0.0525
4 0.8200000000000001 0.51875 0.15000000000000002 0.0775
4 0.9475 0.505 0.09833333333333334 0.08
4 0.9500000000000001 0.60375 0.09333333333333334 0.14250000000000002
