0 0.025 0.603202846975089 0.05 0.40925266903914587
0 0.10300000000000001 0.6494661921708185 0.106 0.46619217081850534
0 0.311 0.7633451957295373 0.078 0.3380782918149466
0 0.40900000000000003 0.6512455516014235 0.08600000000000001 0.38434163701067614
0 0.247 0.5249110320284697 0.042 0.18149466192170818
0 0.28600000000000003 0.5765124555160142 0.052000000000000005 0.23487544483985764
0 0.504 0.6708185053380783 0.07200000000000001 0.3096085409252669
0 0.56 0.6583629893238434 0.076 0.3416370106761566
0 0.661 0.6174377224199288 0.05 0.22419928825622776
0 0.716 0.6619217081850534 0.07200000000000001 0.32028469750889677
0 0.785 0.7473309608540925 0.066 0.2918149466192171
0 0.809 0.7313167259786476 0.066 0.29537366548042704
0 0.8230000000000001 0.6654804270462633 0.07 0.31316725978647686
2 0.333 0.5658362989323843 0.058 0.16370106761565836
2 0.382 0.4875444839857651 0.036000000000000004 0.10676156583629892
2 0.6920000000000001 0.50355871886121 0.028 0.11032028469750889
2 0.729 0.6067615658362989 0.042 0.3380782918149466
2 0.782 0.5604982206405693 0.068 0.17437722419928825
2 0.646 0.5071174377224199 0.032 0.08185053380782918
2 0.167 0.8042704626334519 0.21 0.38434163701067614
4 0.34600000000000003 0.47864768683274017 0.064 0.11032028469750889
4 0.483 0.5338078291814946 0.11800000000000001 0.22064056939501778
4 0.579 0.4822064056939502 0.066 0.06761565836298931
