0 0.4111328125 0.8527918781725888 0.03515625 0.15228426395939085
0 0.0283203125 0.8620981387478849 0.041015625 0.17766497461928935
0 0.10205078125 0.8096446700507614 0.0126953125 0.05922165820642978
0 0.087890625 0.8062605752961083 0.01171875 0.049069373942470386
0 0.0810546875 0.8062605752961083 0.015625 0.06598984771573604
0 0.06884765625 0.8045685279187818 0.0146484375 0.06260575296108291
0 0.056640625 0.8062605752961083 0.01171875 0.049069373942470386
0 0.150390625 0.8037225042301184 0.01171875 0.050761421319796954
0 0.2431640625 0.8519458544839256 0.037109375 0.15736040609137056
0 0.263671875 0.8519458544839256 0.03515625 0.14720812182741116
0 0.4248046875 0.8477157360406091 0.033203125 0.1455160744500846
0 0.544921875 0.8155668358714043 0.017578125 0.07445008460236886
0 0.51953125 0.8130287648054145 0.017578125 0.07614213197969542
0 0.87109375 0.88663282571912 0.041015625 0.17258883248730963
0 0.90380859375 0.8840947546531303 0.0361328125 0.15736040609137056
0 0.93505859375 0.8764805414551607 0.0400390625 0.1692047377326565
0 0.9599609375 0.8739424703891708 0.046875 0.20135363790186125
3 0.19677734375 0.7055837563451777 0.0224609375 0.07106598984771573
3 0.27001953125 0.5617597292724196 0.0302734375 0.12521150592216582
3 0.3095703125 0.5566835871404399 0.029296875 0.12521150592216582
3 0.34423828125 0.5668358714043993 0.0224609375 0.10829103214890017
3 0.3818359375 0.5406091370558376 0.02734375 0.13705583756345177
3 0.42333984375 0.5346869712351946 0.0263671875 0.13874788494077833
3 0.3134765625 0.682741116751269 0.03125 0.021996615905245345
3 0.36328125 0.703891708967851 0.041015625 0.06091370558375634
4 0.18701171875 0.8071065989847716 0.0576171875 0.0676818950930626
4 0.3154296875 0.7935702199661591 0.0625 0.03722504230118443
4 0.4716796875 0.7952622673434856 0.080078125 0.047377326565143825
4 0.57958984375 0.7978003384094754 0.0166015625 0.049069373942470386
4 0.734375 0.7927241962774958 0.091796875 0.035532994923857864
4 0.849609375 0.8020304568527918 0.0859375 0.0676818950930626
