0 0.33265306122448984 0.4986301369863014 0.27346938775510204 0.8931506849315068
0 0.7959183673469389 0.536986301369863 0.2489795918367347 0.8164383561643835
0 0.5551020408163265 0.40273972602739727 0.1959183673469388 0.6520547945205479
0 0.13673469387755102 0.3356164383561644 0.14285714285714288 0.4684931506849315
0 0.2285714285714286 0.17945205479452056 0.08571428571428572 0.2821917808219178
0 0.15714285714285717 0.18493150684931506 0.08979591836734695 0.29863013698630136
0 0.41224489795918373 0.1643835616438356 0.07755102040816328 0.25205479452054796
0 0.4653061224489796 0.16301369863013698 0.07346938775510205 0.2493150684931507
0 0.5 0.19863013698630136 0.0979591836734694 0.32602739726027397
0 0.6959183673469388 0.20136986301369864 0.0979591836734694 0.32054794520547947
0 0.6489795918367347 0.19315068493150686 0.0979591836734694 0.32602739726027397
0 0.8744897959183674 0.24246575342465754 0.1163265306122449 0.38082191780821917
0 0.05 0.21506849315068494 0.0836734693877551 0.2767123287671233
2 0.5602040816326531 0.06027397260273973 0.04693877551020409 0.06027397260273973
2 0.6112244897959184 0.12191780821917808 0.05918367346938776 0.18904109589041096
2 0.7540816326530613 0.09726027397260274 0.07142857142857144 0.11232876712328767
2 0.806122448979592 0.09452054794520548 0.05306122448979592 0.13424657534246576
2 0.942857142857143 0.19863013698630136 0.0326530612244898 0.29863013698630136
4 0.10510204081632654 0.07671232876712329 0.11224489795918369 0.07671232876712329
