0 0.28250000000000003 0.674812030075188 0.17 0.6203007518796992
0 0.11375 0.6221804511278195 0.1075 0.4022556390977443
0 0.3775 0.599624060150376 0.075 0.28195488721804507
0 0.48 0.6466165413533834 0.135 0.5037593984962405
0 0.59375 0.6334586466165413 0.1125 0.4172932330827067
0 0.42125 0.5958646616541353 0.0575 0.21428571428571427
0 0.69625 0.6278195488721804 0.0825 0.3007518796992481
0 0.735 0.6033834586466165 0.07 0.26691729323308266
0 0.79 0.5921052631578947 0.065 0.23684210526315788
0 0.82375 0.6052631578947368 0.0575 0.21804511278195488
3 0.3975 0.9041353383458646 0.165 0.06390977443609022
3 0.55 0.8345864661654134 0.125 0.05263157894736842
3 0.6825 0.7819548872180451 0.065 0.03007518796992481
3 0.72375 0.7349624060150376 0.0575 0.02631578947368421
3 0.3925 0.6936090225563909 0.065 0.02631578947368421
3 0.77875 0.7180451127819548 0.0525 0.03007518796992481
4 0.91 0.5977443609022556 0.12 0.16541353383458646
