0 0.79296875 0.6364653243847874 0.20468750000000002 0.7136465324384788
0 0.70078125 0.6208053691275167 0.2109375 0.7404921700223713
0 0.53671875 0.5302013422818792 0.1609375 0.5637583892617449
0 0.2390625 0.6297539149888143 0.2 0.7046979865771812
0 0.06875 0.5626398210290827 0.1375 0.668903803131991
0 0.453125 0.5436241610738255 0.153125 0.5369127516778524
0 0.59375 0.48210290827740493 0.1375 0.4809843400447427
0 0.89453125 0.45749440715883666 0.1390625 0.4899328859060403
0 0.44921875 0.2684563758389262 0.08281250000000001 0.2953020134228188
0 0.40468750000000003 0.4854586129753915 0.12187500000000001 0.43400447427293065
2 0.62265625 0.39373601789709173 0.051562500000000004 0.3176733780760626
2 0.6351562500000001 0.1767337807606264 0.0703125 0.15212527964205816
2 0.8031250000000001 0.7449664429530202 0.265625 0.4832214765100671
4 0.08125 0.21140939597315436 0.1625 0.4004474272930649
4 0.2609375 0.17225950782997762 0.19687500000000002 0.21476510067114093
4 0.47500000000000003 0.11521252796420581 0.240625 0.18568232662192394
4 0.81796875 0.1912751677852349 0.3515625 0.3825503355704698
