0 0.19523099850968703 0.749438202247191 0.02384500745156483 0.08764044943820226
0 0.21535022354694486 0.7460674157303372 0.022354694485842028 0.08089887640449439
0 0.23546944858420268 0.7449438202247192 0.020864381520119227 0.07865168539325844
0 0.27123695976154993 0.7460674157303372 0.020864381520119227 0.07640449438202247
0 0.3166915052160954 0.7674157303370788 0.028315946348733235 0.11011235955056181
0 0.3897168405365127 0.752808988764045 0.022354694485842028 0.08089887640449439
0 0.4068554396423249 0.755056179775281 0.020864381520119227 0.0853932584269663
0 0.5931445603576752 0.756179775280899 0.020864381520119227 0.08314606741573034
0 0.6065573770491803 0.7606741573033708 0.02384500745156483 0.09213483146067417
0 0.6445603576751118 0.7606741573033708 0.022354694485842028 0.08764044943820226
0 0.7622950819672131 0.7966292134831462 0.043219076005961254 0.15955056179775282
0 0.7146050670640834 0.7595505617977528 0.019374068554396422 0.07640449438202247
0 0.9374068554396423 0.7584269662921349 0.020864381520119227 0.08314606741573034
2 0.05439642324888227 0.8707865168539327 0.05514157973174367 0.150561797752809
2 0.08569299552906111 0.8842696629213483 0.06110283159463487 0.16404494382022472
2 0.12369597615499255 0.752808988764045 0.05365126676602086 0.18426966292134833
2 0.2429210134128167 0.8101123595505618 0.038748137108792845 0.10112359550561799
2 0.8971684053651267 0.8134831460674158 0.03576751117734724 0.08089887640449439
2 0.8643815201192251 0.8011235955056181 0.029806259314456036 0.08314606741573034
2 0.533532041728763 0.7483146067415731 0.020864381520119227 0.04494382022471911
2 0.5603576751117735 0.7471910112359551 0.01788375558867362 0.05168539325842697
2 0.47168405365126675 0.7775280898876405 0.013412816691505215 0.04494382022471911
2 0.9076005961251863 0.7426966292134832 0.02682563338301043 0.05168539325842697
2 0.7809239940387481 0.7696629213483147 0.01788375558867362 0.08764044943820226
4 0.05141579731743666 0.7393258426966293 0.06110283159463487 0.08089887640449439
4 0.47764530551415796 0.7415730337078652 0.07302533532041729 0.04943820224719102
