0 0.03657407407407408 0.3340277777777778 0.07314814814814816 0.29583333333333334
0 0.15833333333333333 0.36041666666666666 0.07037037037037037 0.25972222222222224
0 0.2564814814814815 0.34861111111111115 0.09444444444444444 0.34444444444444444
0 0.22361111111111112 0.3138888888888889 0.06759259259259259 0.25
0 0.32037037037037036 0.325 0.07222222222222223 0.26944444444444443
0 0.34861111111111115 0.29583333333333334 0.04722222222222222 0.17222222222222222
0 0.4314814814814815 0.33472222222222225 0.07777777777777778 0.2888888888888889
0 0.5462962962962963 0.37430555555555556 0.11666666666666667 0.43194444444444446
0 0.6263888888888889 0.3597222222222222 0.09351851851851853 0.3472222222222222
0 0.7472222222222222 0.3458333333333333 0.07592592592592592 0.28055555555555556
0 0.8324074074074075 0.4256944444444445 0.15555555555555556 0.5708333333333333
0 0.9523148148148148 0.3763888888888889 0.09351851851851853 0.4388888888888889
0 0.4842592592592593 0.2972222222222222 0.05 0.18333333333333335
0 0.5143518518518518 0.30972222222222223 0.05462962962962963 0.20277777777777778
0 0.576388888888889 0.3201388888888889 0.06944444444444445 0.25416666666666665
0 0.14120370370370372 0.28402777777777777 0.049074074074074076 0.17916666666666667
0 0.11388888888888889 0.2916666666666667 0.0462962962962963 0.16944444444444445
0 0.06064814814814815 0.3277777777777778 0.06574074074074074 0.24444444444444446
2 0.9365740740740741 0.3652777777777778 0.05277777777777778 0.32222222222222224
2 0.24027777777777778 0.23125 0.025 0.0625
2 0.2101851851851852 0.29375 0.03333333333333333 0.17083333333333334
2 0.08009259259259259 0.28611111111111115 0.03425925925925926 0.15555555555555556
