0 0.028004073319755598 0.5340277777777778 0.056008146639511196 0.3375
0 0.6945010183299388 0.4256944444444445 0.07331975560081466 0.24305555555555555
0 0.5468431771894093 0.3472222222222222 0.04073319755600814 0.1388888888888889
0 0.575356415478615 0.3541666666666667 0.03462321792260692 0.11666666666666667
0 0.9348268839103869 0.39166666666666666 0.09164969450101833 0.30833333333333335
0 0.8778004073319755 0.29583333333333334 0.030549898167006106 0.10555555555555556
0 0.9755600814663951 0.3055555555555556 0.03665987780040733 0.12222222222222223
2 0.47403258655804476 0.3666666666666667 0.09063136456211812 0.18888888888888888
3 0.09368635437881873 0.6166666666666667 0.16496945010183298 0.16666666666666669
3 0.46995926680244393 0.8965277777777778 0.2230142566191446 0.19583333333333333
3 0.8844195519348268 0.7145833333333333 0.225050916496945 0.22361111111111112
3 0.8370672097759674 0.4881944444444445 0.20366598778004072 0.08750000000000001
3 0.6568228105906313 0.5076388888888889 0.09368635437881873 0.07916666666666666
4 0.10997963340122198 0.36458333333333337 0.21181262729124234 0.06527777777777778
4 0.32230142566191444 0.34652777777777777 0.21079429735234215 0.051388888888888894
4 0.5229124236252546 0.32222222222222224 0.03971486761710794 0.07777777777777778
4 0.43890020366598775 0.3194444444444445 0.0570264765784114 0.036111111111111115
4 0.6216904276985743 0.3201388888888889 0.07433808553971485 0.06805555555555556
4 0.7342158859470468 0.31875000000000003 0.13034623217922606 0.07916666666666666
4 0.8396130346232178 0.3 0.06211812627291242 0.08611111111111111
4 0.9068228105906313 0.29305555555555557 0.03971486761710794 0.08611111111111111
4 0.9750509164969449 0.2555555555555556 0.04786150712830957 0.03333333333333333
