0 0.8466666666666667 0.43352601156069365 0.11 0.4682080924855491
0 0.9175000000000001 0.5173410404624277 0.11833333333333335 0.5086705202312138
0 0.22416666666666668 0.3222543352601156 0.095 0.407514450867052
0 0.31333333333333335 0.47254335260115604 0.10666666666666667 0.453757225433526
2 0.11583333333333334 0.6430635838150288 0.065 0.37283236994219654
2 0.21083333333333334 0.657514450867052 0.08166666666666667 0.3786127167630058
2 0.28250000000000003 0.6184971098265896 0.07833333333333334 0.34104046242774566
2 0.37083333333333335 0.6040462427745664 0.065 0.36416184971098264
2 0.4441666666666667 0.6199421965317918 0.06166666666666667 0.35549132947976875
2 0.4966666666666667 0.5867052023121387 0.060000000000000005 0.3699421965317919
2 0.5675 0.5780346820809248 0.06833333333333334 0.3583815028901734
2 0.6375000000000001 0.565028901734104 0.07166666666666667 0.2976878612716763
2 0.7316666666666667 0.5953757225433526 0.07 0.2890173410404624
2 0.8091666666666667 0.6141618497109826 0.055 0.2976878612716763
2 0.9075000000000001 0.6358381502890174 0.11833333333333335 0.30635838150289013
2 0.755 0.338150289017341 0.07 0.1329479768786127
2 0.7108333333333334 0.2861271676300578 0.03833333333333334 0.08092485549132948
2 0.6516666666666667 0.30780346820809246 0.05333333333333334 0.10115606936416184
2 0.6558333333333334 0.23265895953757224 0.058333333333333334 0.0722543352601156
2 0.5858333333333333 0.20086705202312138 0.055 0.0953757225433526
2 0.5425 0.19508670520231214 0.03833333333333334 0.07803468208092486
2 0.5033333333333334 0.18352601156069362 0.04 0.0722543352601156
2 0.44083333333333335 0.16473988439306358 0.05166666666666667 0.057803468208092484
2 0.3775 0.17630057803468208 0.055 0.10404624277456646
2 0.3066666666666667 0.157514450867052 0.05 0.08959537572254335
2 0.1 0.35549132947976875 0.06666666666666667 0.15028901734104044
2 0.17750000000000002 0.338150289017341 0.055 0.16184971098265896
2 0.24666666666666667 0.3236994219653179 0.05333333333333334 0.1329479768786127
2 0.37333333333333335 0.3338150289017341 0.05333333333333334 0.14161849710982657
2 0.42083333333333334 0.31647398843930635 0.04833333333333334 0.13583815028901733
2 0.48500000000000004 0.3208092485549133 0.06333333333333334 0.13872832369942195
2 0.5383333333333333 0.3179190751445087 0.043333333333333335 0.1329479768786127
2 0.5991666666666667 0.338150289017341 0.06166666666666667 0.13872832369942195
