0 0.06875 0.5676691729323308 0.0725 0.2706766917293233
0 0.14 0.5864661654135338 0.08 0.3007518796992481
0 0.21375 0.5921052631578947 0.08750000000000001 0.33458646616541354
0 0.265 0.5526315789473684 0.065 0.24060150375939848
0 0.305 0.5676691729323308 0.09 0.3308270676691729
0 0.33375 0.5657894736842105 0.0675 0.2593984962406015
0 0.36875 0.5808270676691729 0.0925 0.34962406015037595
0 0.42 0.5639097744360901 0.085 0.3082706766917293
0 0.4425 0.5789473684210527 0.095 0.3609022556390977
0 0.49125 0.5695488721804511 0.0775 0.2969924812030075
0 0.53625 0.6033834586466165 0.0975 0.3571428571428571
0 0.6 0.5845864661654135 0.075 0.28195488721804507
0 0.62625 0.599624060150376 0.10250000000000001 0.37969924812030076
0 0.69125 0.6015037593984962 0.0825 0.3157894736842105
0 0.72 0.6109022556390977 0.1 0.36466165413533835
0 0.79 0.599624060150376 0.08 0.30451127819548873
0 0.835 0.6240601503759398 0.105 0.39849624060150374
0 0.87625 0.575187969924812 0.0775 0.2857142857142857
0 0.915 0.5432330827067668 0.045 0.17669172932330826
0 0.96375 0.5958646616541353 0.0675 0.25187969924812026
0 0.39625 0.556390977443609 0.0625 0.22556390977443608
