0 0.02090909090909091 0.5121065375302664 0.04181818181818182 0.2542372881355932
0 0.038181818181818185 0.49515738498789347 0.05090909090909091 0.16707021791767554
0 0.06636363636363636 0.5084745762711864 0.045454545454545456 0.15012106537530268
0 0.10181818181818182 0.49515738498789347 0.03272727272727273 0.11380145278450364
0 0.1809090909090909 0.5121065375302664 0.056363636363636366 0.19128329297820823
0 0.15454545454545454 0.5230024213075061 0.04 0.13075060532687652
0 0.2309090909090909 0.49273607748184023 0.04363636363636364 0.1476997578692494
0 0.20363636363636364 0.5157384987893463 0.03636363636363636 0.12106537530266344
0 0.27090909090909093 0.5072639225181599 0.05818181818181818 0.19128329297820823
0 0.33 0.5084745762711864 0.045454545454545456 0.1549636803874092
0 0.3927272727272727 0.5290556900726392 0.06545454545454546 0.21549636803874092
0 0.4536363636363636 0.5181598062953996 0.04181818181818182 0.13559322033898305
0 0.55 0.5375302663438257 0.06 0.19370460048426152
0 0.7027272727272728 0.4673123486682809 0.02727272727272727 0.09685230024213076
0 0.6872727272727273 0.4564164648910412 0.025454545454545455 0.08474576271186442
0 0.6636363636363637 0.46125907990314774 0.02909090909090909 0.09443099273607748
0 0.6436363636363637 0.45520581113801456 0.02909090909090909 0.1016949152542373
0 0.6172727272727273 0.4539951573849879 0.02727272727272727 0.08958837772397095
0 0.6054545454545455 0.4576271186440678 0.025454545454545455 0.09200968523002422
0 0.5872727272727273 0.45520581113801456 0.025454545454545455 0.08232445520581114
0 0.5690909090909091 0.4515738498789346 0.01818181818181818 0.06053268765133172
0 0.7145454545454546 0.526634382566586 0.04363636363636364 0.14285714285714288
0 0.8 0.5072639225181599 0.03272727272727273 0.1089588377723971
0 0.8563636363636363 0.5254237288135594 0.03636363636363636 0.12590799031476999
0 0.8872727272727273 0.5278450363196127 0.04 0.13559322033898305
0 0.9527272727272728 0.5593220338983051 0.05090909090909091 0.16464891041162227
2 0.10181818181818182 0.5532687651331719 0.05454545454545454 0.12348668280871672
2 0.5545454545454546 0.41646489104116224 0.014545454545454545 0.0387409200968523
2 0.54 0.42493946731234866 0.01818181818181818 0.04116222760290557
2 0.9781818181818182 0.48426150121065376 0.04 0.09200968523002422
2 0.49636363636363634 0.46125907990314774 0.03272727272727273 0.04600484261501211
4 0.1918181818181818 0.40193704600484265 0.34363636363636363 0.07263922518159807
4 0.4354545454545454 0.39104116222760293 0.17636363636363636 0.07506053268765134
