0 0.0275 0.578125 0.05 0.22767857142857142
0 0.0675 0.5915178571428571 0.065 0.2901785714285714
0 0.10125 0.5558035714285714 0.0425 0.20089285714285712
0 0.13 0.6763392857142857 0.095 0.42410714285714285
0 0.17250000000000001 0.5669642857142857 0.06 0.2589285714285714
0 0.23875000000000002 0.6183035714285714 0.0775 0.34375
0 0.31 0.5959821428571428 0.065 0.2901785714285714
0 0.36125 0.5714285714285714 0.0525 0.23214285714285712
0 0.46625 0.6674107142857143 0.10250000000000001 0.4508928571428571
0 0.5275 0.5625 0.06 0.26785714285714285
0 0.5375 0.546875 0.05 0.21875
0 0.6725 0.6116071428571428 0.085 0.375
0 0.68125 0.6584821428571428 0.10250000000000001 0.45982142857142855
0 0.9675 0.6607142857142857 0.06 0.45535714285714285
0 0.9025 0.6227678571428571 0.075 0.34375
0 0.86625 0.5915178571428571 0.0675 0.29910714285714285
0 0.83125 0.5691964285714285 0.0525 0.24553571428571427
0 0.8 0.5491071428571428 0.05 0.2232142857142857
3 0.6075 0.59375 0.025 0.08035714285714285
3 0.62875 0.59375 0.0175 0.0625
3 0.715 0.5959821428571428 0.02 0.09375
3 0.7262500000000001 0.5915178571428571 0.0175 0.05803571428571428
3 0.7375 0.5915178571428571 0.02 0.07589285714285714
3 0.75625 0.5915178571428571 0.0175 0.08482142857142856
3 0.76875 0.5982142857142857 0.0175 0.0625
3 0.5750000000000001 0.5915178571428571 0.025 0.09375
3 0.56 0.578125 0.02 0.06696428571428571
3 0.33375 0.5870535714285714 0.0175 0.06696428571428571
3 0.2775 0.59375 0.02 0.07142857142857142
3 0.265 0.5959821428571428 0.02 0.06696428571428571
