0 0.018750000000000003 0.34467120181405897 0.037500000000000006 0.21315192743764172
0 0.039843750000000004 0.34920634920634924 0.0578125 0.20408163265306123
0 0.07421875 0.35147392290249435 0.0578125 0.21315192743764172
0 0.11406250000000001 0.34807256235827666 0.059375000000000004 0.21541950113378686
0 0.13828125 0.3526077097505669 0.0546875 0.19727891156462585
0 0.26484375 0.44784580498866217 0.1203125 0.42403628117913833
0 0.40078125000000003 0.5770975056689343 0.2328125 0.8321995464852608
0 0.50234375 0.5952380952380952 0.1953125 0.6916099773242631
0 0.5171875 0.4410430839002268 0.1125 0.40589569160997735
0 0.8210937500000001 0.4444444444444445 0.1171875 0.4217687074829932
0 0.6640625 0.3526077097505669 0.05625 0.20634920634920637
0 0.7039062500000001 0.36054421768707484 0.0578125 0.20861678004535147
0 0.77890625 0.35147392290249435 0.0578125 0.20861678004535147
0 0.7445312500000001 0.35147392290249435 0.0578125 0.20861678004535147
0 0.6203125 0.3469387755102041 0.065625 0.23129251700680273
0 0.5554687500000001 0.3469387755102041 0.060937500000000006 0.217687074829932
0 0.59609375 0.3435374149659864 0.06406250000000001 0.2290249433106576
0 0.92109375 0.36054421768707484 0.060937500000000006 0.22222222222222224
2 0.12421875 0.22222222222222224 0.035937500000000004 0.05895691609977324
2 0.09296875 0.22448979591836735 0.0203125 0.04081632653061225
2 0.0859375 0.25396825396825395 0.034375 0.054421768707483
2 0.28750000000000003 0.2675736961451247 0.021875000000000002 0.045351473922902494
2 0.278125 0.22789115646258504 0.021875000000000002 0.05215419501133787
2 0.30703125000000003 0.2380952380952381 0.0203125 0.04081632653061225
2 0.31640625 0.264172335600907 0.0203125 0.02947845804988662
2 0.5109375 0.217687074829932 0.025 0.04081632653061225
2 0.5359375000000001 0.22108843537414966 0.018750000000000003 0.02947845804988662
2 0.6429687500000001 0.24263038548752835 0.029687500000000002 0.036281179138321996
2 0.8984375 0.21541950113378686 0.028125 0.054421768707483
2 0.7976562500000001 0.22448979591836735 0.0234375 0.045351473922902494
2 0.72421875 0.24829931972789115 0.026562500000000003 0.05668934240362812
