0 0.018197573656845753 0.5401234567901234 0.036395147313691506 0.2037037037037037
0 0.08752166377816291 0.4583333333333333 0.019064124783362217 0.08950617283950617
0 0.07019064124783361 0.4629629629629629 0.019064124783362217 0.08024691358024691
0 0.053726169844020795 0.45216049382716045 0.020797227036395145 0.08950617283950617
0 0.038128249566724434 0.44598765432098764 0.01386481802426343 0.07098765432098765
0 0.025996533795493933 0.45216049382716045 0.01733102253032929 0.08333333333333333
0 0.13691507798960137 0.5185185185185185 0.038128249566724434 0.16666666666666666
0 0.2339688041594454 0.5108024691358024 0.038128249566724434 0.16358024691358025
0 0.29116117850953205 0.470679012345679 0.020797227036395145 0.09567901234567901
0 0.3145580589254766 0.5123456790123456 0.03292894280762565 0.14814814814814814
0 0.3474870017331022 0.46759259259259256 0.019064124783362217 0.08950617283950617
0 0.3778162911611785 0.46604938271604934 0.024263431542461005 0.10493827160493827
0 0.3968804159445407 0.5061728395061729 0.031195840554592718 0.13580246913580246
0 0.40814558058925476 0.47530864197530864 0.02946273830155979 0.12962962962962962
0 0.4592720970537261 0.48148148148148145 0.024263431542461005 0.10493827160493827
0 0.4913344887348353 0.5061728395061729 0.03292894280762565 0.15432098765432098
0 0.5034662045060658 0.47530864197530864 0.02946273830155979 0.12962962962962962
0 0.5554592720970537 0.4922839506172839 0.036395147313691506 0.16358024691358025
0 0.6039861351819757 0.4891975308641975 0.02946273830155979 0.12654320987654322
0 0.5649913344887348 0.48765432098765427 0.02772963604852686 0.12962962962962962
0 0.6178509532062392 0.5092592592592592 0.03986135181975736 0.1728395061728395
0 0.6507798960138648 0.47993827160493824 0.02946273830155979 0.12654320987654322
0 0.6646447140381282 0.5030864197530864 0.02946273830155979 0.12962962962962962
0 0.6776429809358752 0.5169753086419753 0.03466204506065858 0.15740740740740738
0 0.6949740034662044 0.49691358024691357 0.031195840554592718 0.1419753086419753
0 0.7287694974003466 0.4907407407407407 0.02946273830155979 0.12962962962962962
0 0.7478336221837087 0.47993827160493824 0.025996533795493933 0.11419753086419752
0 0.7625649913344887 0.5138888888888888 0.03466204506065858 0.15740740740740738
0 0.8067590987868284 0.49382716049382713 0.019064124783362217 0.09259259259259259
0 0.8431542461005199 0.5308641975308641 0.036395147313691506 0.16049382716049382
0 0.9341421143847487 0.5354938271604938 0.038128249566724434 0.16975308641975306
2 0.15511265164644714 0.7885802469135802 0.14731369150779894 0.35493827160493824
2 0.46360485268630847 0.8086419753086419 0.19584055459272096 0.35185185185185186
2 0.8968804159445407 0.34259259259259256 0.025996533795493933 0.06790123456790123
2 0.9168110918544193 0.33796296296296297 0.024263431542461005 0.046296296296296294
2 0.19410745233968804 0.37191358024691357 0.02772963604852686 0.07716049382716049
2 0.3050259965337955 0.4135802469135802 0.031195840554592718 0.043209876543209874
4 0.876949740034662 0.30709876543209874 0.2287694974003466 0.2006172839506173
4 0.7816291161178509 0.44753086419753085 0.17677642980935873 0.12345679012345678
