0 0.05166666666666667 0.79 0.10333333333333335 0.3933333333333333
0 0.4091666666666667 0.8 0.10833333333333334 0.36
0 0.22583333333333336 0.7377777777777778 0.03166666666666667 0.1111111111111111
0 0.18500000000000003 0.7033333333333334 0.05333333333333334 0.17555555555555555
0 0.1625 0.6466666666666666 0.025 0.08888888888888889
0 0.2 0.6366666666666667 0.023333333333333334 0.08222222222222222
0 0.2525 0.6533333333333333 0.03166666666666667 0.10222222222222223
0 0.3066666666666667 0.6944444444444444 0.03666666666666667 0.12222222222222222
0 0.33 0.7122222222222222 0.05 0.1711111111111111
0 0.5325000000000001 0.6955555555555556 0.03833333333333334 0.1288888888888889
0 0.5625 0.73 0.055 0.18
0 0.4841666666666667 0.6922222222222222 0.015000000000000001 0.051111111111111114
0 0.6025 0.7066666666666667 0.04833333333333334 0.15555555555555556
0 0.8466666666666667 0.7555555555555555 0.07666666666666667 0.24888888888888888
0 0.8991666666666667 0.8033333333333333 0.10500000000000001 0.34
0 0.6091666666666667 0.6 0.021666666666666667 0.07111111111111111
0 0.5875 0.6055555555555555 0.021666666666666667 0.07777777777777778
0 0.5741666666666667 0.6055555555555555 0.018333333333333333 0.06
0 0.5525 0.6011111111111112 0.021666666666666667 0.07333333333333333
0 0.5075000000000001 0.5955555555555555 0.021666666666666667 0.07111111111111111
0 0.4916666666666667 0.6077777777777778 0.013333333333333334 0.04666666666666667
0 0.45333333333333337 0.6055555555555555 0.013333333333333334 0.04666666666666667
0 0.5283333333333333 0.6044444444444445 0.013333333333333334 0.04888888888888889
0 0.3716666666666667 0.5933333333333334 0.02 0.07111111111111111
0 0.39333333333333337 0.5844444444444444 0.02 0.06666666666666667
0 0.4116666666666667 0.5933333333333334 0.013333333333333334 0.044444444444444446
