0 0.023333333333333334 0.39125 0.03333333333333333 0.1275
0 0.21416666666666667 0.375 0.04166666666666667 0.15
0 0.35333333333333333 0.3775 0.03333333333333333 0.13
0 0.42333333333333334 0.4 0.02666666666666667 0.105
0 0.52 0.37875000000000003 0.03666666666666667 0.14250000000000002
0 0.6616666666666667 0.37125 0.043333333333333335 0.1575
0 0.8158333333333334 0.37125 0.03833333333333334 0.14250000000000002
0 0.8733333333333334 0.37 0.04 0.145
0 0.9600000000000001 0.62625 0.06666666666666667 0.2425
0 0.9166666666666667 0.61375 0.06666666666666667 0.2475
0 0.8075000000000001 0.62 0.06166666666666667 0.23500000000000001
0 0.7766666666666667 0.62625 0.06666666666666667 0.2475
0 0.6883333333333334 0.63 0.06333333333333334 0.23500000000000001
0 0.6558333333333334 0.6012500000000001 0.06833333333333334 0.2575
0 0.5991666666666667 0.6975 0.07833333333333334 0.29
0 0.5183333333333333 0.59375 0.05 0.1875
0 0.5533333333333333 0.6175 0.060000000000000005 0.225
0 0.39083333333333337 0.6325000000000001 0.058333333333333334 0.22
0 0.33666666666666667 0.62 0.06333333333333334 0.23500000000000001
0 0.21000000000000002 0.6375000000000001 0.06333333333333334 0.23
0 0.17 0.61125 0.06666666666666667 0.2525
0 0.04166666666666667 0.64 0.05666666666666667 0.215
2 0.51 0.755 0.08666666666666667 0.2
2 0.2566666666666667 0.3975 0.04666666666666667 0.1
