0 0.9383333333333334 0.585 0.12000000000000001 0.45
0 0.9341666666666667 0.245 0.07166666666666667 0.265
0 0.9075000000000001 0.25875 0.06833333333333334 0.2575
0 0.8666666666666667 0.28750000000000003 0.06666666666666667 0.245
0 0.8225 0.32125 0.06166666666666667 0.2325
0 0.7675000000000001 0.3225 0.07500000000000001 0.275
0 0.7175 0.3575 0.07166666666666667 0.26
0 0.6766666666666667 0.37 0.07 0.255
0 0.6233333333333334 0.39125 0.07 0.2575
0 0.5591666666666667 0.4025 0.08166666666666667 0.3
0 0.5033333333333334 0.43125 0.08333333333333334 0.3075
0 0.445 0.45625 0.08333333333333334 0.3075
0 0.37583333333333335 0.49 0.08833333333333333 0.325
0 0.3175 0.52 0.08833333333333333 0.33
0 0.24916666666666668 0.55125 0.09166666666666667 0.3375
0 0.1691666666666667 0.58125 0.09833333333333334 0.3675
0 0.06416666666666668 0.6375000000000001 0.10166666666666667 0.375
0 0.050833333333333335 0.5387500000000001 0.095 0.34750000000000003
0 0.13083333333333333 0.5075000000000001 0.095 0.35000000000000003
0 0.08333333333333334 0.44625000000000004 0.08 0.2925
0 0.07 0.33 0.05666666666666667 0.215
0 0.18000000000000002 0.3175 0.05666666666666667 0.215
0 0.21750000000000003 0.4975 0.07833333333333334 0.295
0 0.16166666666666668 0.40625 0.06666666666666667 0.2475
0 0.27083333333333337 0.4675 0.08166666666666667 0.305
0 0.3416666666666667 0.45 0.07666666666666667 0.28
0 0.40166666666666667 0.42 0.07 0.265
0 0.45833333333333337 0.38875 0.07333333333333333 0.2775
0 0.5375000000000001 0.38625 0.065 0.2425
0 0.5791666666666667 0.35375 0.06833333333333334 0.2525
0 0.6075 0.3325 0.065 0.24
0 0.6541666666666667 0.3225 0.06833333333333334 0.255
0 0.7050000000000001 0.295 0.05666666666666667 0.215
0 0.7366666666666667 0.28750000000000003 0.06333333333333334 0.24
0 0.7891666666666667 0.25875 0.06833333333333334 0.2525
0 0.8400000000000001 0.26125 0.060000000000000005 0.2275
0 0.8708333333333333 0.23500000000000001 0.06833333333333334 0.25
0 0.7541666666666668 0.21 0.05166666666666667 0.195
0 0.2541666666666667 0.39 0.07166666666666667 0.27
0 0.26583333333333337 0.2975 0.04833333333333334 0.17500000000000002
0 0.3241666666666667 0.33875 0.05166666666666667 0.1975
0 0.385 0.33125 0.05333333333333334 0.2025
0 0.4391666666666667 0.3125 0.05166666666666667 0.19
0 0.4791666666666667 0.315 0.06166666666666667 0.23500000000000001
0 0.5241666666666667 0.29 0.05166666666666667 0.195
0 0.5791666666666667 0.26125 0.04833333333333334 0.1825
0 0.6233333333333334 0.25 0.04666666666666667 0.17
0 0.7241666666666667 0.21875 0.04833333333333334 0.1775
0 0.6925 0.22625 0.04166666666666667 0.1575
0 0.6575000000000001 0.1775 0.045000000000000005 0.17
0 0.5933333333333334 0.18875 0.04666666666666667 0.1775
0 0.5591666666666667 0.20375000000000001 0.03833333333333334 0.1475
0 0.5225000000000001 0.20375000000000001 0.035 0.1325
0 0.5025000000000001 0.21875 0.045000000000000005 0.1675
0 0.45583333333333337 0.2475 0.045000000000000005 0.165
0 0.4141666666666667 0.24625 0.04833333333333334 0.1775
0 0.37000000000000005 0.25875 0.03666666666666667 0.14250000000000002
0 0.315 0.26 0.04666666666666667 0.17500000000000002
2 0.6516666666666667 0.1825 0.02 0.045
2 0.0175 0.3125 0.028333333333333335 0.11
