0 0.02982233502538071 0.40439770554493304 0.05964467005076142 0.30019120458891013
0 0.07741116751269035 0.38336520076481834 0.06345177664974619 0.23518164435946462
0 0.09961928934010152 0.2906309751434034 0.019035532994923856 0.06883365200764818
0 0.29505076142131975 0.29923518164435947 0.016497461928934008 0.05927342256214149
0 0.4295685279187817 0.4770554493307839 0.13578680203045684 0.502868068833652
0 0.44670050761421315 0.41204588910133844 0.08629441624365482 0.3193116634799235
0 0.6027918781725888 0.3240917782026769 0.04060913705583756 0.15105162523900573
0 0.6814720812182741 0.3298279158699809 0.032994923857868015 0.12428298279158699
0 0.7151015228426395 0.4378585086042065 0.09517766497461928 0.35564053537284895
0 0.7880710659898477 0.45506692160611856 0.10913705583756345 0.40535372848948376
0 0.9181472081218274 0.6395793499043977 0.1611675126903553 0.7055449330783938
0 0.9670050761421319 0.5009560229445507 0.06345177664974619 0.4397705544933078
0 0.840736040609137 0.3317399617590822 0.031725888324873094 0.12045889101338432
0 0.8540609137055837 0.30592734225621415 0.025380710659898477 0.09560229445506692
0 0.8166243654822335 0.31453154875717015 0.029187817258883246 0.10898661567877628
0 0.11992385786802029 0.2820267686424474 0.016497461928934008 0.05927342256214149
0 0.765228426395939 0.43881453154875716 0.09137055837563451 0.3384321223709369
2 0.9625634517766497 0.27055449330783937 0.026649746192893398 0.07839388145315487
