0 0.12 0.5873655913978495 0.144 0.717741935483871
0 0.186 0.4045698924731183 0.06533333333333333 0.3306451612903226
0 0.21266666666666667 0.4206989247311828 0.07066666666666667 0.3521505376344086
0 0.242 0.45833333333333337 0.08933333333333333 0.44892473118279574
0 0.26266666666666666 0.43279569892473124 0.07466666666666666 0.3655913978494624
0 0.302 0.4852150537634409 0.092 0.45430107526881724
0 0.3833333333333333 0.5510752688172044 0.124 0.6075268817204301
0 0.488 0.4986559139784947 0.10133333333333333 0.4973118279569893
0 0.5713333333333334 0.5430107526881721 0.11066666666666666 0.5483870967741936
0 0.6973333333333334 0.4717741935483871 0.088 0.43817204301075274
0 0.6433333333333333 0.44758064516129037 0.07866666666666666 0.3844086021505377
0 0.7846666666666666 0.5201612903225807 0.10266666666666667 0.5026881720430108
0 0.8733333333333333 0.5 0.09066666666666666 0.446236559139785
0 0.9339999999999999 0.4798387096774194 0.07866666666666666 0.3951612903225807
0 0.06266666666666666 0.45295698924731187 0.07466666666666666 0.3736559139784947
0 0.04466666666666667 0.3897849462365592 0.06 0.2956989247311828
0 0.024 0.40860215053763443 0.048 0.2956989247311828
0 0.41733333333333333 0.4731182795698925 0.08266666666666667 0.41397849462365593
0 0.44466666666666665 0.4274193548387097 0.06266666666666666 0.3064516129032258
0 0.8146666666666667 0.43817204301075274 0.06666666666666667 0.33333333333333337
0 0.726 0.4448924731182796 0.06533333333333333 0.3306451612903226
0 0.986 0.32258064516129037 0.025333333333333333 0.12903225806451613
2 0.3173333333333333 0.26075268817204306 0.026666666666666665 0.06989247311827958
2 0.33399999999999996 0.2741935483870968 0.017333333333333333 0.03763440860215054
2 0.5113333333333333 0.26612903225806456 0.017333333333333333 0.05376344086021506
2 0.5366666666666666 0.28897849462365593 0.028 0.06720430107526883
2 0.5973333333333333 0.26075268817204306 0.024 0.043010752688172046
2 0.5906666666666667 0.29301075268817206 0.024 0.02688172043010753
2 0.654 0.2795698924731183 0.025333333333333333 0.048387096774193554
2 0.6699999999999999 0.3131720430107527 0.02 0.051075268817204304
2 0.952 0.22446236559139787 0.024 0.06720430107526883
2 0.9046666666666666 0.24327956989247312 0.017333333333333333 0.09408602150537636
2 0.8886666666666666 0.32392473118279574 0.022666666666666665 0.051075268817204304
2 0.886 0.26747311827956993 0.022666666666666665 0.03494623655913979
4 0.26666666666666666 0.22983870967741937 0.5333333333333333 0.30376344086021506
4 0.7633333333333333 0.228494623655914 0.45999999999999996 0.32258064516129037
