0 0.016666666666666666 0.7600401606425702 0.025333333333333333 0.09839357429718874
0 0.012666666666666666 0.8373493975903614 0.025333333333333333 0.12048192771084336
0 0.04 0.8684738955823292 0.034666666666666665 0.13453815261044175
0 0.06733333333333333 0.8383534136546184 0.030666666666666665 0.1184738955823293
0 0.13333333333333333 0.681726907630522 0.024 0.09437751004016064
0 0.16866666666666666 0.6757028112449799 0.025333333333333333 0.09437751004016064
0 0.178 0.7409638554216866 0.022666666666666665 0.08433734939759036
0 0.19066666666666665 0.7409638554216866 0.024 0.08835341365461846
0 0.19066666666666665 0.8393574297188754 0.026666666666666665 0.10441767068273092
0 0.15533333333333332 0.8694779116465863 0.044 0.1646586345381526
0 0.13933333333333334 0.8393574297188754 0.036 0.1365461847389558
0 0.218 0.8323293172690762 0.028 0.10240963855421686
0 0.23333333333333334 0.8453815261044176 0.032 0.11646586345381525
0 0.286 0.8514056224899598 0.036 0.1325301204819277
0 0.33799999999999997 0.8473895582329316 0.03866666666666667 0.14859437751004015
0 0.20133333333333334 0.6787148594377509 0.024 0.08835341365461846
0 0.18533333333333332 0.6797188755020079 0.024 0.08634538152610441
0 0.21933333333333332 0.6927710843373494 0.028 0.10843373493975902
0 0.24333333333333332 0.7078313253012047 0.022666666666666665 0.09036144578313252
0 0.25666666666666665 0.6847389558232931 0.022666666666666665 0.08835341365461846
0 0.2653333333333333 0.6957831325301204 0.024 0.08634538152610441
0 0.2793333333333333 0.7098393574297188 0.028 0.10240963855421686
0 0.30133333333333334 0.6827309236947791 0.024 0.08835341365461846
0 0.3253333333333333 0.6907630522088353 0.029333333333333333 0.10843373493975902
0 0.36133333333333334 0.6987951807228915 0.021333333333333333 0.08032128514056225
0 0.33466666666666667 0.6937751004016064 0.024 0.09437751004016064
0 0.388 0.6887550200803212 0.029333333333333333 0.10843373493975902
0 0.45599999999999996 0.6977911646586344 0.026666666666666665 0.10240963855421686
0 0.48733333333333334 0.6696787148594376 0.025333333333333333 0.09437751004016064
0 0.532 0.6746987951807228 0.024 0.08835341365461846
0 0.5499999999999999 0.6797188755020079 0.02 0.07429718875502007
0 0.572 0.6787148594377509 0.021333333333333333 0.08032128514056225
0 0.602 0.6877510040160641 0.025333333333333333 0.09437751004016064
0 0.62 0.6977911646586344 0.026666666666666665 0.09839357429718874
0 0.6493333333333333 0.6947791164658634 0.024 0.09236947791164658
0 0.6666666666666666 0.6947791164658634 0.024 0.09236947791164658
0 0.6799999999999999 0.6927710843373494 0.024 0.08835341365461846
0 0.7013333333333334 0.6927710843373494 0.024 0.09236947791164658
0 0.7213333333333333 0.6997991967871485 0.024 0.09036144578313252
0 0.7326666666666667 0.6957831325301204 0.025333333333333333 0.09437751004016064
0 0.7486666666666666 0.7008032128514056 0.022666666666666665 0.08835341365461846
0 0.772 0.6907630522088353 0.029333333333333333 0.11244979919678713
0 0.7859999999999999 0.6957831325301204 0.022666666666666665 0.09036144578313252
0 0.8093333333333333 0.6997991967871485 0.024 0.09036144578313252
0 0.8366666666666667 0.7148594377510039 0.014666666666666666 0.056224899598393566
0 0.9159999999999999 0.6977911646586344 0.024 0.08634538152610441
0 0.8746666666666666 0.7018072289156626 0.018666666666666665 0.07429718875502007
0 0.9353333333333333 0.7058232931726907 0.02 0.07831325301204818
0 0.9586666666666667 0.6977911646586344 0.021333333333333333 0.0823293172690763
0 0.972 0.6997991967871485 0.024 0.08634538152610441
0 0.37466666666666665 0.8704819277108433 0.03733333333333333 0.13855421686746985
0 0.3933333333333333 0.8534136546184738 0.034666666666666665 0.1285140562248996
0 0.424 0.9126506024096385 0.042666666666666665 0.15863453815261042
0 0.44666666666666666 0.8453815261044176 0.029333333333333333 0.11244979919678713
0 0.4713333333333333 0.8534136546184738 0.028 0.10441767068273092
0 0.4953333333333333 0.8985943775100401 0.03866666666666667 0.1465863453815261
0 0.482 0.8222891566265059 0.036 0.13052208835341364
0 0.5086666666666666 0.8524096385542168 0.025333333333333333 0.09839357429718874
0 0.524 0.8534136546184738 0.034666666666666665 0.1325301204819277
0 0.5706666666666667 0.8574297188755019 0.034666666666666665 0.1285140562248996
0 0.5433333333333333 0.788152610441767 0.028 0.10642570281124497
0 0.648 0.860441767068273 0.042666666666666665 0.15863453815261042
0 0.66 0.8473895582329316 0.03733333333333333 0.14457831325301204
0 0.7106666666666667 0.8875502008032128 0.034666666666666665 0.1325301204819277
0 0.7333333333333333 0.8815261044176707 0.032 0.11646586345381525
0 0.7673333333333333 0.8875502008032128 0.03866666666666667 0.14859437751004015
0 0.7933333333333333 0.8534136546184738 0.034666666666666665 0.1285140562248996
0 0.8053333333333333 0.8574297188755019 0.03733333333333333 0.14457831325301204
0 0.864 0.8845381526104417 0.042666666666666665 0.16265060240963855
0 0.892 0.8303212851405621 0.029333333333333333 0.11044176706827308
0 0.9013333333333333 0.8062248995983935 0.024 0.09437751004016064
0 0.9393333333333334 0.8895582329317269 0.044 0.1646586345381526
0 0.9766666666666667 0.8172690763052208 0.025333333333333333 0.09236947791164658
0 0.9906666666666666 0.823293172690763 0.016 0.10441767068273092
0 0.9706666666666667 0.8062248995983935 0.026666666666666665 0.10240963855421686
0 0.9219999999999999 0.8212851405622489 0.025333333333333333 0.09236947791164658
0 0.7506666666666666 0.8212851405622489 0.029333333333333333 0.10843373493975902
2 0.07666666666666666 0.9518072289156626 0.05733333333333333 0.08032128514056225
2 0.13266666666666665 0.9518072289156626 0.04666666666666666 0.09236947791164658
2 0.01 0.6506024096385542 0.017333333333333333 0.03614457831325301
2 0.032 0.6576305220883534 0.021333333333333333 0.04618473895582329
2 0.05466666666666666 0.6355421686746987 0.024 0.022088353413654616
2 0.05933333333333333 0.6827309236947791 0.017333333333333333 0.08032128514056225
2 0.08866666666666666 0.6917670682730923 0.030666666666666665 0.06224899598393574
2 0.082 0.6495983935742972 0.02 0.02610441767068273
2 0.102 0.642570281124498 0.025333333333333333 0.028112449799196783
2 0.288 0.7399598393574297 0.024 0.038152610441767064
2 0.31 0.7560240963855421 0.012 0.03413654618473895
2 0.3233333333333333 0.7489959839357428 0.017333333333333333 0.01606425702811245
2 0.30533333333333335 0.7911646586345381 0.016 0.05220883534136546
2 0.32266666666666666 0.7821285140562249 0.021333333333333333 0.038152610441767064
2 0.30533333333333335 0.6506024096385542 0.018666666666666665 0.048192771084337345
2 0.35933333333333334 0.716867469879518 0.028 0.06024096385542168
2 0.42133333333333334 0.6656626506024096 0.016 0.03413654618473895
2 0.44 0.6957831325301204 0.018666666666666665 0.04618473895582329
2 0.5853333333333333 0.6867469879518072 0.024 0.056224899598393566
2 0.35666666666666663 0.7751004016064257 0.02 0.0321285140562249
2 0.36666666666666664 0.7791164658634537 0.013333333333333332 0.028112449799196783
2 0.3793333333333333 0.788152610441767 0.017333333333333333 0.038152610441767064
2 0.414 0.7961847389558232 0.02 0.02610441767068273
2 0.422 0.7851405622489959 0.025333333333333333 0.040160642570281124
2 0.43066666666666664 0.7680722891566264 0.021333333333333333 0.022088353413654616
2 0.436 0.7479919678714859 0.021333333333333333 0.022088353413654616
2 0.5226666666666666 0.7801204819277108 0.024 0.018072289156626505
2 0.7733333333333333 0.8092369477911646 0.029333333333333333 0.03614457831325301
2 0.7753333333333333 0.789156626506024 0.025333333333333333 0.028112449799196783
2 0.8166666666666667 0.7851405622489959 0.028 0.0321285140562249
2 0.41866666666666663 0.8192771084337349 0.013333333333333332 0.048192771084337345
2 0.6799999999999999 0.7821285140562249 0.024 0.038152610441767064
2 0.6933333333333334 0.7821285140562249 0.021333333333333333 0.02610441767068273
2 0.7053333333333333 0.789156626506024 0.013333333333333332 0.01606425702811245
2 0.7173333333333333 0.7991967871485943 0.018666666666666665 0.024096385542168672
2 0.7246666666666667 0.7851405622489959 0.025333333333333333 0.0321285140562249
4 0.7313333333333333 0.6827309236947791 0.5293333333333333 0.14457831325301204
