0 0.028125 0.6317647058823529 0.034375 0.12941176470588234
0 0.09453125000000001 0.676470588235294 0.0390625 0.14352941176470588
0 0.1453125 0.656470588235294 0.037500000000000006 0.1364705882352941
0 0.16718750000000002 0.6964705882352941 0.040625 0.15058823529411763
0 0.24140625000000002 0.7117647058823529 0.0421875 0.15294117647058822
0 0.20625000000000002 0.636470588235294 0.03125 0.12
0 0.26875 0.6647058823529411 0.034375 0.1341176470588235
0 0.29375 0.6388235294117647 0.03125 0.12
0 0.31015625 0.628235294117647 0.029687500000000002 0.11294117647058823
0 0.3484375 0.6494117647058822 0.034375 0.12705882352941175
0 0.37890625 0.6188235294117647 0.0328125 0.12705882352941175
0 0.371875 0.7835294117647058 0.043750000000000004 0.16470588235294117
0 0.41328125000000004 0.6494117647058822 0.029687500000000002 0.1176470588235294
0 0.4453125 0.6223529411764706 0.03125 0.12
0 0.45703125 0.656470588235294 0.0390625 0.15058823529411763
0 0.48750000000000004 0.6717647058823529 0.040625 0.14823529411764705
0 0.503125 0.7635294117647058 0.040625 0.1576470588235294
0 0.5632812500000001 0.7152941176470587 0.0390625 0.14588235294117646
0 0.57734375 0.6811764705882353 0.035937500000000004 0.1388235294117647
0 0.625 0.7 0.046875 0.17176470588235293
0 0.68515625 0.7717647058823529 0.045312500000000006 0.16470588235294117
0 0.7703125000000001 0.8411764705882352 0.053125000000000006 0.1952941176470588
0 0.7953125000000001 0.6929411764705882 0.043750000000000004 0.16705882352941176
0 0.8796875000000001 0.7188235294117646 0.037500000000000006 0.1388235294117647
0 0.853125 0.6647058823529411 0.034375 0.12941176470588234
0 0.909375 0.7047058823529411 0.040625 0.15294117647058822
0 0.94453125 0.6941176470588235 0.035937500000000004 0.1364705882352941
0 0.97265625 0.7305882352941175 0.0390625 0.14352941176470588
0 0.721875 0.6799999999999999 0.037500000000000006 0.1364705882352941
0 0.66328125 0.6776470588235294 0.0390625 0.15058823529411763
0 0.54453125 0.676470588235294 0.0328125 0.12470588235294117
0 0.053125000000000006 0.6047058823529411 0.03125 0.1176470588235294
0 0.32578125 0.2529411764705882 0.0140625 0.04941176470588235
0 0.40156250000000004 0.27058823529411763 0.0125 0.051764705882352935
0 0.525 0.22235294117647056 0.0125 0.04470588235294117
0 0.9671875000000001 0.2976470588235294 0.015625 0.06352941176470588
2 0.55234375 0.5835294117647059 0.0203125 0.05647058823529411
4 0.7640625000000001 0.46470588235294114 0.45937500000000003 0.32705882352941174
4 0.23203125000000002 0.26941176470588235 0.0765625 0.0776470588235294
4 0.27578125000000003 0.44588235294117645 0.5453125 0.36470588235294116
