0 0.363265306122449 0.3801089918256131 0.17142857142857143 0.55858310626703
0 0.46734693877551026 0.10899182561307902 0.036734693877551024 0.12534059945504086
0 0.43469387755102046 0.10217983651226158 0.0326530612244898 0.10626702997275204
0 0.5571428571428572 0.09264305177111716 0.020408163265306124 0.0653950953678474
0 0.5826530612244899 0.09128065395095368 0.014285714285714287 0.04632152588555858
0 0.6071428571428572 0.11171662125340599 0.022448979591836737 0.08174386920980926
0 0.6428571428571429 0.14713896457765668 0.05714285714285715 0.18528610354223432
0 0.6704081632653062 0.12670299727520434 0.05510204081632654 0.18256130790190736
0 0.7448979591836735 0.14986376021798364 0.05714285714285715 0.18528610354223432
0 0.8 0.19754768392370572 0.036734693877551024 0.11716621253405994
0 0.8091836734693878 0.14032697547683923 0.04285714285714286 0.14986376021798364
0 0.8346938775510205 0.14032697547683923 0.04489795918367347 0.1444141689373297
0 0.8581632653061225 0.1444141689373297 0.04693877551020409 0.15803814713896458
0 0.9734693877551022 0.1771117166212534 0.0489795918367347 0.23433242506811988
2 0.7377551020408164 0.0885558583106267 0.03469387755102041 0.06267029972752043
2 0.7714285714285715 0.08310626702997274 0.036734693877551024 0.06811989100817438
4 0.5326530612244899 0.08991825613079019 0.14285714285714288 0.15258855585831063
