0 0.059375000000000004 0.7418981481481481 0.11875000000000001 0.4976851851851852
0 0.20468750000000002 0.75 0.1375 0.49537037037037035
0 0.2734375 0.7488425925925926 0.1375 0.4976851851851852
0 0.3515625 0.7488425925925926 0.134375 0.4930555555555555
0 0.45234375000000004 0.7083333333333333 0.1546875 0.5601851851851851
0 0.525 0.7129629629629629 0.1375 0.5046296296296297
0 0.60703125 0.7372685185185185 0.1265625 0.4560185185185185
0 0.675 0.7291666666666666 0.115625 0.4212962962962963
0 0.7171875000000001 0.693287037037037 0.125 0.4560185185185185
0 0.7609375 0.7233796296296295 0.13125 0.47916666666666663
0 0.7976562500000001 0.6805555555555555 0.1171875 0.4305555555555555
0 0.8210937500000001 0.6863425925925926 0.08281250000000001 0.3032407407407407
0 0.8734375000000001 0.7314814814814814 0.1125 0.4074074074074074
0 0.9593750000000001 0.7060185185185185 0.078125 0.5
0 0.91796875 0.6689814814814814 0.0734375 0.27314814814814814
