0 0.15434782608695652 0.5947136563876653 0.021739130434782608 0.07929515418502203
0 0.1826086956521739 0.6354625550660794 0.026086956521739132 0.09471365638766521
0 0.1956521739130435 0.643171806167401 0.02318840579710145 0.09251101321585904
0 0.2673913043478261 0.6332599118942732 0.021739130434782608 0.0814977973568282
0 0.24855072463768116 0.6189427312775331 0.02463768115942029 0.09251101321585904
0 0.30869565217391304 0.631057268722467 0.02318840579710145 0.09030837004405287
0 0.3384057971014493 0.6508810572687225 0.021739130434782608 0.08590308370044053
0 0.3630434782608696 0.6640969162995596 0.02753623188405797 0.10792951541850221
0 0.3760869565217391 0.6773127753303966 0.02463768115942029 0.09471365638766521
0 0.40217391304347827 0.682819383259912 0.02753623188405797 0.10572687224669605
0 0.4282608695652174 0.6607929515418502 0.02753623188405797 0.10572687224669605
0 0.43695652173913047 0.682819383259912 0.02753623188405797 0.10132158590308371
0 0.4644927536231884 0.6629955947136564 0.021739130434782608 0.0881057268722467
0 0.4963768115942029 0.7125550660792952 0.030434782608695653 0.11674008810572688
0 0.8043478260869565 0.8127753303964759 0.04057971014492753 0.15418502202643172
0 0.8326086956521739 0.8039647577092511 0.04492753623188406 0.17180616740088106
0 0.9 0.8513215859030838 0.043478260869565216 0.1696035242290749
0 0.9572463768115942 0.8325991189427313 0.042028985507246375 0.1629955947136564
0 0.9782608695652174 0.8303964757709252 0.04057971014492753 0.19383259911894274
0 0.9826086956521739 0.7213656387665199 0.03188405797101449 0.13876651982378857
0 0.7478260869565218 0.9218061674008812 0.04057971014492753 0.15198237885462557
0 0.6978260869565217 0.9140969162995596 0.0391304347826087 0.1497797356828194
0 0.5869565217391305 0.9185022026431718 0.04057971014492753 0.1497797356828194
0 0.5442028985507247 0.906387665198238 0.04492753623188406 0.16519823788546256
0 0.5282608695652175 0.9008810572687226 0.04782608695652174 0.18061674008810574
0 0.4427536231884058 0.9218061674008812 0.0391304347826087 0.14317180616740088
0 0.3884057971014493 0.9129955947136564 0.03768115942028986 0.14757709251101322
0 0.6166666666666667 0.7004405286343613 0.03333333333333333 0.12775330396475773
0 0.6760869565217391 0.7169603524229076 0.0391304347826087 0.14317180616740088
0 0.7195652173913043 0.7455947136563877 0.0391304347826087 0.15198237885462557
0 0.8615942028985507 0.6409691629955948 0.02753623188405797 0.10132158590308371
0 0.8471014492753624 0.7312775330396476 0.030434782608695653 0.11453744493392072
0 0.7818840579710145 0.6343612334801763 0.030434782608695653 0.11894273127753305
0 0.6760869565217391 0.5616740088105727 0.015942028985507246 0.05726872246696036
0 0.6601449275362319 0.6541850220264318 0.02753623188405797 0.10132158590308371
0 0.6405797101449275 0.670704845814978 0.02318840579710145 0.08590308370044053
0 0.5826086956521739 0.6883259911894274 0.028985507246376812 0.10792951541850221
0 0.558695652173913 0.6872246696035242 0.02753623188405797 0.10572687224669605
0 0.5369565217391304 0.6817180616740088 0.030434782608695653 0.11674008810572688
0 0.5253623188405797 0.6740088105726872 0.03333333333333333 0.12775330396475773
0 0.4036231884057971 0.5660792951541851 0.021739130434782608 0.0881057268722467
0 0.3869565217391304 0.5671806167400881 0.017391304347826087 0.07268722466960353
0 0.3710144927536232 0.5704845814977975 0.014492753623188406 0.061674008810572695
0 0.23550724637681159 0.5881057268722467 0.021739130434782608 0.08370044052863437
2 0.5710144927536231 0.8116740088105727 0.02318840579710145 0.07709251101321586
2 0.5985507246376812 0.8292951541850221 0.028985507246376812 0.08590308370044053
2 0.7594202898550725 0.7048458149779736 0.026086956521739132 0.07929515418502203
2 0.7543478260869565 0.8006607929515419 0.0536231884057971 0.12114537444933922
2 0.8195652173913044 0.6729074889867842 0.030434782608695653 0.050660792951541855
2 0.8246376811594203 0.6255506607929516 0.026086956521739132 0.03524229074889868
2 0.8326086956521739 0.6112334801762115 0.021739130434782608 0.04625550660792952
2 0.8166666666666667 0.6002202643171807 0.01884057971014493 0.04625550660792952
2 0.7217391304347827 0.5969162995594715 0.020289855072463767 0.022026431718061675
2 0.7369565217391304 0.5837004405286345 0.030434782608695653 0.030837004405286347
2 0.7239130434782609 0.6244493392070485 0.02753623188405797 0.05506607929515419
2 0.6289855072463768 0.6101321585903084 0.020289855072463767 0.03524229074889868
2 0.5028985507246377 0.6321585903083701 0.026086956521739132 0.03524229074889868
2 0.47681159420289854 0.6079295154185023 0.017391304347826087 0.04405286343612335
2 0.3507246376811594 0.6277533039647578 0.25507246376811593 0.22026431718061676
4 0.6210144927536232 0.5209251101321586 0.2536231884057971 0.1299559471365639
