0 0.085 0.6674698795180724 0.05 0.18313253012048195
0 0.14333333333333334 0.6759036144578314 0.06333333333333334 0.2240963855421687
0 0.17416666666666666 0.6927710843373495 0.06833333333333334 0.24819277108433738
0 0.21666666666666667 0.6493975903614458 0.05 0.17590361445783134
0 0.24916666666666668 0.710843373493976 0.08166666666666667 0.28915662650602414
0 0.26666666666666666 0.6686746987951808 0.05 0.1855421686746988
0 0.3141666666666667 0.6493975903614458 0.045000000000000005 0.16626506024096388
0 0.33416666666666667 0.6867469879518073 0.06833333333333334 0.24096385542168677
0 0.36333333333333334 0.663855421686747 0.05333333333333334 0.19036144578313255
0 0.38833333333333336 0.7048192771084338 0.07333333333333333 0.26746987951807233
0 0.45 0.6710843373493977 0.06666666666666667 0.2385542168674699
0 0.48750000000000004 0.6578313253012049 0.05166666666666667 0.18313253012048195
0 0.5108333333333334 0.6409638554216868 0.04166666666666667 0.14457831325301207
0 0.5341666666666667 0.6819277108433736 0.06833333333333334 0.2457831325301205
0 0.5775 0.674698795180723 0.05166666666666667 0.1879518072289157
0 0.6108333333333333 0.6385542168674699 0.04166666666666667 0.15421686746987953
0 0.6633333333333333 0.6698795180722892 0.05666666666666667 0.20722891566265061
0 0.6991666666666667 0.7180722891566266 0.09166666666666667 0.327710843373494
0 0.755 0.6614457831325302 0.05 0.1807228915662651
0 0.8458333333333334 0.6566265060240964 0.045000000000000005 0.16626506024096388
0 0.9283333333333333 0.6879518072289157 0.07333333333333333 0.26265060240963856
2 0.7300000000000001 0.5795180722891566 0.030000000000000002 0.055421686746987955
2 0.7783333333333334 0.5807228915662651 0.030000000000000002 0.04819277108433735
