0 0.899090909090909 0.4141689373297003 0.19454545454545455 0.7084468664850136
0 0.4918181818181818 0.44141689373297 0.1 0.3760217983651226
0 0.3236363636363636 0.45640326975476836 0.08363636363636363 0.31335149863760214
0 0.3009090909090909 0.4891008174386921 0.056363636363636366 0.20435967302452315
0 0.26 0.4931880108991825 0.05090909090909091 0.19073569482288827
0 0.21363636363636362 0.497275204359673 0.045454545454545456 0.1662125340599455
0 0.16363636363636364 0.494550408719346 0.07272727272727272 0.26430517711171664
0 0.10272727272727272 0.5040871934604905 0.06 0.22343324250681199
0 0.06818181818181818 0.5108991825613078 0.04909090909090909 0.1771117166212534
0 0.019090909090909092 0.5081743869209809 0.03090909090909091 0.12261580381471389
0 0.3972727272727273 0.48092643051771117 0.04909090909090909 0.1880108991825613
2 0.769090909090909 0.547683923705722 0.19636363636363635 0.544959128065395
2 0.3790909090909091 0.5504087193460491 0.1 0.2888283378746594
2 0.6509090909090909 0.3732970027247956 0.02909090909090909 0.03814713896457766
2 0.5872727272727273 0.3896457765667575 0.02181818181818182 0.049046321525885554
2 0.5627272727272727 0.4209809264305177 0.023636363636363636 0.03542234332425068
4 0.5518181818181818 0.43869209809264303 0.30727272727272725 0.2125340599455041
4 0.96 0.4209809264305177 0.07636363636363637 0.20435967302452315
