0 0.07157258064516128 0.3537906137184116 0.07459677419354839 0.33935018050541516
0 0.12399193548387097 0.34115523465703973 0.05846774193548387 0.25631768953068595
0 0.28931451612903225 0.34296028880866425 0.046370967741935484 0.20216606498194947
0 0.34677419354838707 0.33935018050541516 0.04838709677419355 0.22382671480144406
0 0.37701612903225806 0.351985559566787 0.03629032258064516 0.16967509025270758
0 0.40524193548387094 0.33574007220216606 0.04435483870967742 0.20216606498194947
0 0.45463709677419356 0.3465703971119134 0.04233870967741935 0.19494584837545126
0 0.47681451612903225 0.33935018050541516 0.038306451612903226 0.18050541516245489
0 0.5151209677419355 0.4855595667870036 0.10685483870967742 0.4729241877256318
0 0.5987903225806451 0.4855595667870036 0.11693548387096774 0.5090252707581228
0 0.6622983870967741 0.5036101083032491 0.10685483870967742 0.4657039711191336
0 0.9264112903225806 0.572202166064982 0.14314516129032256 0.7617328519855596
0 0.873991935483871 0.5397111913357401 0.11088709677419355 0.4873646209386282
0 0.845766129032258 0.4855595667870036 0.11491935483870967 0.5018050541516246
0 0.7872983870967741 0.4584837545126354 0.08669354838709677 0.38267148014440433
0 0.7237903225806451 0.3592057761732852 0.04838709677419355 0.21299638989169675
0 0.7459677419354839 0.32671480144404336 0.03629032258064516 0.16967509025270758
2 0.5463709677419355 0.26353790613718414 0.03629032258064516 0.06498194945848376
2 0.5695564516129032 0.25992779783393505 0.026209677419354836 0.036101083032490974
2 0.627016129032258 0.26173285198555957 0.03225806451612903 0.06137184115523466
2 0.6502016129032258 0.2743682310469314 0.026209677419354836 0.043321299638989175
2 0.6955645161290323 0.2815884476534296 0.03225806451612903 0.043321299638989175
2 0.7711693548387096 0.30144404332129965 0.034274193548387094 0.04693140794223827
2 0.7792338709677419 0.2545126353790614 0.026209677419354836 0.04693140794223827
2 0.8044354838709677 0.2743682310469314 0.028225806451612902 0.05054151624548737
