0 0.042352941176470586 0.5270833333333333 0.07058823529411765 0.3208333333333333
0 0.09647058823529411 0.46249999999999997 0.03764705882352941 0.16666666666666666
0 0.12352941176470587 0.5791666666666666 0.08705882352941176 0.375
0 0.1588235294117647 0.4895833333333333 0.04941176470588235 0.2125
0 0.21058823529411763 0.46875 0.039999999999999994 0.1875
0 0.23764705882352938 0.53125 0.06588235294117646 0.2875
0 0.28470588235294114 0.5145833333333333 0.06117647058823529 0.2625
0 0.30941176470588233 0.49374999999999997 0.04470588235294117 0.20416666666666666
0 0.3388235294117647 0.46875 0.042352941176470586 0.19583333333333333
0 0.38588235294117645 0.6520833333333333 0.1176470588235294 0.5208333333333334
0 0.4317647058823529 0.58125 0.08705882352941176 0.37916666666666665
0 0.48117647058823526 0.5145833333333333 0.0588235294117647 0.2625
0 0.6247058823529411 0.5395833333333333 0.06823529411764705 0.30416666666666664
0 0.6752941176470587 0.5854166666666667 0.08941176470588234 0.3875
0 0.7576470588235293 0.6729166666666666 0.12235294117647058 0.5375
0 0.9223529411764705 0.54375 0.07058823529411765 0.3125
0 0.8905882352941176 0.4708333333333333 0.03529411764705882 0.15833333333333333
0 0.8552941176470588 0.5208333333333334 0.0588235294117647 0.2583333333333333
0 0.828235294117647 0.5020833333333333 0.051764705882352935 0.22916666666666666
0 0.5376470588235294 0.44166666666666665 0.03529411764705882 0.15
2 0.2552941176470588 0.39375 0.030588235294117645 0.07083333333333333
2 0.3729411764705882 0.3770833333333333 0.025882352941176467 0.05416666666666667
2 0.3952941176470588 0.375 0.03764705882352941 0.03333333333333333
2 0.748235294117647 0.4145833333333333 0.03764705882352941 0.1125
2 0.6176470588235293 0.38958333333333334 0.03529411764705882 0.07083333333333333
