0 0.9570000000000001 0.5599700149925038 0.084 0.472263868065967
0 0.7725 0.669415292353823 0.161 0.5922038980509745
0 0.8395 0.5757121439280359 0.115 0.4197901049475262
0 0.658 0.6739130434782609 0.132 0.4872563718140929
0 0.5055000000000001 0.6836581709145427 0.153 0.56071964017991
0 0.3135 0.6446776611694153 0.139 0.5097451274362819
0 0.14400000000000002 0.6874062968515742 0.152 0.5562218890554722
0 0.0345 0.628935532233883 0.069 0.34332833583208394
0 0.231 0.5952023988005997 0.10400000000000001 0.383808095952024
0 0.4165 0.5982008995502248 0.101 0.36881559220389803
0 0.369 0.5907046476761619 0.10400000000000001 0.38080959520239877
0 0.559 0.6011994002998501 0.10400000000000001 0.38080959520239877
0 0.17400000000000002 0.6124437781109445 0.11 0.40629685157421286
2 0.029500000000000002 0.40929535232383807 0.025 0.06896551724137931
2 0.1075 0.3868065967016492 0.025 0.038980509745127435
2 0.6890000000000001 0.4542728635682159 0.03 0.04497751124437781
2 0.6995 0.424287856071964 0.027 0.06296851574212893
2 0.721 0.3980509745127436 0.028 0.04947526236881559
2 0.8045 0.3868065967016492 0.051000000000000004 0.05997001499250375
