0 0.17300000000000001 0.5237341772151899 0.146 0.5727848101265822
0 0.026000000000000002 0.4588607594936709 0.052000000000000005 0.22151898734177214
0 0.309 0.5522151898734177 0.114 0.4462025316455696
0 0.513 0.5727848101265822 0.094 0.36075949367088606
0 0.5680000000000001 0.5680379746835443 0.07200000000000001 0.2753164556962025
0 0.646 0.5585443037974683 0.064 0.2563291139240506
0 0.677 0.5632911392405063 0.05 0.20253164556962025
0 0.6990000000000001 0.5490506329113924 0.042 0.1740506329113924
0 0.723 0.5537974683544303 0.038 0.14556962025316456
0 0.8200000000000001 0.5569620253164557 0.052000000000000005 0.20253164556962025
0 0.843 0.555379746835443 0.038 0.1550632911392405
0 0.925 0.560126582278481 0.038 0.14556962025316456
0 0.974 0.560126582278481 0.04 0.16455696202531644
0 0.428 0.5537974683544303 0.04 0.1518987341772152
0 0.253 0.5363924050632911 0.042 0.16772151898734178
