0 0.12875 0.5233333333333333 0.08750000000000001 0.29333333333333333
0 0.28875 0.5133333333333334 0.08750000000000001 0.29333333333333333
0 0.47000000000000003 0.5233333333333333 0.12 0.39333333333333337
0 0.6875 0.5333333333333333 0.13 0.43333333333333335
0 0.76 0.5133333333333334 0.07 0.24000000000000002
0 0.88 0.48833333333333334 0.08 0.27
0 0.0275 0.4466666666666667 0.055 0.29333333333333333
0 0.03375 0.4566666666666667 0.0675 0.24666666666666667
0 0.05 0.455 0.075 0.24333333333333335
0 0.0675 0.4516666666666667 0.07 0.23
0 0.08875 0.44333333333333336 0.0675 0.22666666666666668
0 0.15125 0.43000000000000005 0.0675 0.22
0 0.17125 0.42500000000000004 0.0575 0.19666666666666668
0 0.19125 0.4083333333333334 0.0625 0.20333333333333334
0 0.21125 0.4116666666666667 0.0575 0.19
0 0.9775 0.49333333333333335 0.04 0.23333333333333334
0 0.9712500000000001 0.4916666666666667 0.0525 0.21666666666666667
0 0.96 0.48333333333333334 0.065 0.21333333333333335
0 0.9425 0.47000000000000003 0.07 0.22666666666666668
0 0.92875 0.4666666666666667 0.0625 0.2066666666666667
0 0.9175 0.45833333333333337 0.055 0.18333333333333335
0 0.615 0.41500000000000004 0.025 0.09000000000000001
4 0.115 0.2833333333333333 0.22 0.12000000000000001
4 0.28625 0.24833333333333335 0.0625 0.07
4 0.32375 0.3816666666666667 0.2175 0.14333333333333334
4 0.54125 0.39666666666666667 0.1275 0.08
4 0.64625 0.395 0.0575 0.07666666666666667
4 0.775 0.4416666666666667 0.165 0.17666666666666667
