0 0.014166666666666668 0.8025 0.028333333333333335 0.165
0 0.01916666666666667 0.8025 0.03833333333333334 0.155
0 0.0325 0.7975 0.03833333333333334 0.145
0 0.0425 0.7975 0.03833333333333334 0.14
0 0.06166666666666667 0.78625 0.03666666666666667 0.14250000000000002
0 0.08333333333333334 0.78 0.03666666666666667 0.14
0 0.09916666666666667 0.785 0.03833333333333334 0.145
0 0.11333333333333334 0.7825 0.04 0.145
0 0.14833333333333334 0.80875 0.03666666666666667 0.14250000000000002
0 0.17 0.795 0.04 0.145
0 0.18666666666666668 0.795 0.03666666666666667 0.135
0 0.20583333333333334 0.7987500000000001 0.04166666666666667 0.1525
0 0.23083333333333333 0.80375 0.03166666666666667 0.1225
0 0.2391666666666667 0.80375 0.035 0.1325
0 0.27 0.81 0.03666666666666667 0.135
0 0.29083333333333333 0.79625 0.03833333333333334 0.14250000000000002
0 0.3041666666666667 0.7937500000000001 0.035 0.1325
0 0.3191666666666667 0.79125 0.035 0.1375
0 0.46 0.79625 0.03666666666666667 0.1325
0 0.49833333333333335 0.79125 0.03666666666666667 0.1375
0 0.53 0.77375 0.02 0.0775
0 0.5558333333333334 0.79125 0.035 0.1275
0 0.5783333333333334 0.7987500000000001 0.03666666666666667 0.1375
0 0.6050000000000001 0.7875 0.03666666666666667 0.14
0 0.7050000000000001 0.795 0.03666666666666667 0.14
0 0.6866666666666668 0.8 0.03666666666666667 0.135
0 0.6758333333333334 0.7925 0.035 0.13
0 0.7883333333333333 0.7925 0.03333333333333333 0.13
0 0.8091666666666667 0.7975 0.03833333333333334 0.14
0 0.8216666666666668 0.7987500000000001 0.03666666666666667 0.1375
0 0.8475 0.79125 0.03166666666666667 0.1225
0 0.8558333333333333 0.7925 0.03833333333333334 0.14
0 0.8758333333333334 0.80125 0.035 0.1375
0 0.8908333333333334 0.8025 0.03833333333333334 0.14
0 0.9008333333333334 0.8075 0.03833333333333334 0.14
0 0.9183333333333334 0.8125 0.04 0.15
0 0.9358333333333334 0.8175 0.04166666666666667 0.15
0 0.9850000000000001 0.81125 0.02666666666666667 0.1475
0 0.9683333333333334 0.8025 0.04 0.155
0 0.9533333333333334 0.8 0.03666666666666667 0.14
0 0.37333333333333335 0.76125 0.02 0.0725
0 0.42333333333333334 0.765 0.02 0.075
4 0.05333333333333334 0.5700000000000001 0.06666666666666667 0.12
4 0.2316666666666667 0.5525 0.33666666666666667 0.15
4 0.6575000000000001 0.52125 0.545 0.1925
4 0.9700000000000001 0.585 0.05666666666666667 0.14
4 0.3458333333333334 0.70125 0.24166666666666667 0.0775
4 0.7416666666666667 0.70125 0.4166666666666667 0.0725
4 0.17833333333333334 0.71375 0.09000000000000001 0.10250000000000001
