0 0.0638888888888889 0.5416666666666667 0.1277777777777778 0.5
0 0.12592592592592594 0.5375 0.13333333333333333 0.49722222222222223
0 0.21296296296296297 0.5388888888888889 0.12962962962962962 0.47222222222222227
0 0.2518518518518519 0.48750000000000004 0.11851851851851852 0.4361111111111111
0 0.30833333333333335 0.5402777777777777 0.13148148148148148 0.4916666666666667
0 0.40740740740740744 0.5347222222222222 0.13333333333333333 0.49722222222222223
0 0.4990740740740741 0.5486111111111112 0.1277777777777778 0.47500000000000003
0 0.5601851851851852 0.5333333333333333 0.13148148148148148 0.48333333333333334
0 0.6314814814814815 0.5541666666666667 0.12962962962962962 0.48055555555555557
0 0.7203703703703704 0.5541666666666667 0.13703703703703704 0.5083333333333333
0 0.675 0.49444444444444446 0.11666666666666667 0.4277777777777778
0 0.7611111111111112 0.48888888888888893 0.12222222222222223 0.4444444444444445
0 0.8250000000000001 0.5236111111111111 0.1388888888888889 0.513888888888889
0 0.8583333333333334 0.4763888888888889 0.11666666666666667 0.4305555555555556
0 0.913888888888889 0.513888888888889 0.1277777777777778 0.4666666666666667
2 0.44907407407407407 0.35000000000000003 0.03518518518518519 0.11666666666666667
2 0.5296296296296297 0.33472222222222225 0.02962962962962963 0.08055555555555556
2 0.5972222222222222 0.3277777777777778 0.03518518518518519 0.1
2 0.3601851851851852 0.33055555555555555 0.04259259259259259 0.09444444444444444
2 0.49074074074074076 0.3111111111111111 0.03333333333333333 0.05555555555555556
2 0.27222222222222225 0.325 0.02592592592592593 0.07777777777777778
2 0.16574074074074074 0.3180555555555556 0.03888888888888889 0.08055555555555556
2 0.37962962962962965 0.3 0.03333333333333333 0.1
