0 0.7589285714285715 0.7464285714285714 0.08690476190476192 0.31785714285714284
0 0.7172619047619049 0.7214285714285714 0.08214285714285716 0.3
0 0.6660714285714286 0.7214285714285714 0.07261904761904762 0.2642857142857143
0 0.6410714285714286 0.7392857142857142 0.08690476190476192 0.3214285714285714
0 0.6166666666666667 0.7633928571428571 0.08571428571428572 0.31607142857142856
0 0.5910714285714286 0.7107142857142857 0.08214285714285716 0.3
0 0.5095238095238096 0.7125 0.08333333333333334 0.3107142857142857
0 0.43750000000000006 0.7258928571428571 0.07976190476190477 0.2982142857142857
0 0.4898809523809524 0.7205357142857143 0.07261904761904762 0.26964285714285713
0 0.9523809523809524 0.6339285714285714 0.04047619047619048 0.15357142857142855
0 0.8952380952380953 0.5785714285714285 0.04047619047619048 0.15357142857142855
0 0.9410714285714287 0.5526785714285715 0.034523809523809526 0.12678571428571428
0 0.868452380952381 0.5696428571428571 0.034523809523809526 0.13214285714285715
0 0.8482142857142858 0.5633928571428571 0.034523809523809526 0.13035714285714287
0 0.824404761904762 0.5651785714285714 0.029761904761904764 0.1125
0 0.1416666666666667 0.6955357142857143 0.06904761904761905 0.25535714285714284
0 0.0755952380952381 0.6767857142857142 0.06309523809523811 0.2357142857142857
0 0.125 0.6883928571428571 0.06190476190476191 0.22678571428571428
0 0.31250000000000006 0.6017857142857143 0.036904761904761905 0.1392857142857143
0 0.01666666666666667 0.6928571428571428 0.03333333333333334 0.21071428571428572
0 0.024404761904761908 0.6258928571428571 0.048809523809523817 0.2017857142857143
0 0.055952380952380955 0.6276785714285714 0.045238095238095244 0.16964285714285715
0 0.04047619047619048 0.625 0.045238095238095244 0.16428571428571428
0 0.42440476190476195 0.47410714285714284 0.015476190476190477 0.05892857142857143
0 0.6279761904761906 0.44285714285714284 0.013095238095238097 0.04642857142857143
0 0.6583333333333334 0.44285714285714284 0.009523809523809525 0.039285714285714285
2 0.2017857142857143 0.6517857142857143 0.07023809523809524 0.22857142857142856
2 0.6916666666666668 0.5991071428571428 0.03333333333333334 0.06607142857142857
2 0.7583333333333334 0.5375 0.02380952380952381 0.07142857142857142
2 0.8416666666666668 0.48482142857142857 0.026190476190476195 0.044642857142857144
2 0.3511904761904762 0.5553571428571429 0.02142857142857143 0.05357142857142857
2 0.37678571428571433 0.5348214285714286 0.027380952380952384 0.044642857142857144
2 0.30000000000000004 0.53125 0.014285714285714287 0.030357142857142857
2 0.3446428571428572 0.5089285714285714 0.02023809523809524 0.04642857142857143
2 0.3327380952380953 0.5133928571428571 0.010714285714285714 0.030357142857142857
2 0.27440476190476193 0.5133928571428571 0.01785714285714286 0.05178571428571428
2 0.305952380952381 0.5044642857142857 0.01666666666666667 0.033928571428571426
2 0.24940476190476193 0.5053571428571428 0.025 0.039285714285714285
2 0.23333333333333336 0.5544642857142857 0.02380952380952381 0.05892857142857143
2 0.2654761904761905 0.5875 0.03333333333333334 0.05357142857142857
2 0.19702380952380955 0.5267857142857143 0.02023809523809524 0.03214285714285714
2 0.20654761904761906 0.5392857142857143 0.015476190476190477 0.03214285714285714
2 0.1791666666666667 0.5151785714285714 0.01785714285714286 0.0375
2 0.13392857142857145 0.5446428571428571 0.01785714285714286 0.03214285714285714
2 0.1642857142857143 0.5446428571428571 0.02142857142857143 0.02857142857142857
2 0.15595238095238095 0.5348214285714286 0.014285714285714287 0.033928571428571426
2 0.11488095238095239 0.5392857142857143 0.015476190476190477 0.03214285714285714
2 0.10238095238095239 0.5446428571428571 0.02142857142857143 0.039285714285714285
2 0.10416666666666667 0.5892857142857143 0.01785714285714286 0.04642857142857143
2 0.12619047619047621 0.5044642857142857 0.01904761904761905 0.033928571428571426
2 0.07261904761904762 0.50625 0.02142857142857143 0.05178571428571428
2 0.10476190476190478 0.5017857142857143 0.01666666666666667 0.03214285714285714
2 0.03035714285714286 0.5223214285714286 0.01785714285714286 0.030357142857142857
4 0.7410714285714286 0.4321428571428571 0.03928571428571429 0.04285714285714286
4 0.8017857142857143 0.4321428571428571 0.027380952380952384 0.03214285714285714
