0 0.060000000000000005 0.6246851385390428 0.11 0.4030226700251889
0 0.1691666666666667 0.6272040302267002 0.115 0.4282115869017632
0 0.23 0.6385390428211587 0.11333333333333334 0.42065491183879095
0 0.2891666666666667 0.6120906801007556 0.10833333333333334 0.4080604534005038
0 0.3691666666666667 0.6146095717884131 0.10833333333333334 0.4030226700251889
0 0.4425 0.6120906801007556 0.115 0.42317380352644834
0 0.5058333333333334 0.6057934508816121 0.10500000000000001 0.3954659949622166
0 0.5775 0.5818639798488665 0.10833333333333334 0.4080604534005038
0 0.6483333333333334 0.5919395465994962 0.10666666666666667 0.397984886649874
0 0.6925 0.5843828715365239 0.10166666666666667 0.3778337531486146
0 0.7491666666666668 0.6095717884130982 0.10500000000000001 0.3879093198992443
0 0.8 0.6020151133501259 0.11 0.41309823677581864
0 0.8541666666666667 0.5831234256926952 0.11166666666666668 0.41561712846347604
0 0.9291666666666667 0.5881612090680101 0.10500000000000001 0.3954659949622166
2 0.6091666666666667 0.43198992443324935 0.035 0.07808564231738035
2 0.7233333333333334 0.43324937027707805 0.03333333333333333 0.060453400503778336
2 0.4766666666666667 0.44962216624685136 0.04 0.06801007556675062
2 0.4025 0.44206549118387906 0.03833333333333334 0.0579345088161209
