0 0.30442708333333335 0.35370370370370374 0.05260416666666667 0.22962962962962963
0 0.06953125 0.5546296296296297 0.0984375 0.4277777777777778
0 0.065625 0.8865740740740741 0.04895833333333333 0.2138888888888889
0 0.19791666666666666 0.887962962962963 0.04895833333333333 0.21481481481481482
0 0.3541666666666667 0.9078703703703704 0.040625 0.17685185185185187
0 0.5114583333333333 0.9097222222222222 0.03958333333333333 0.1712962962962963
0 0.6114583333333333 0.8722222222222222 0.057291666666666664 0.24814814814814815
0 0.6346354166666667 0.7824074074074074 0.0765625 0.33333333333333337
0 0.68828125 0.7425925925925926 0.08072916666666667 0.35185185185185186
0 0.7684895833333333 0.6652777777777779 0.08489583333333334 0.36944444444444446
0 0.9078125 0.6356481481481482 0.08541666666666667 0.3731481481481482
0 0.9703125 0.5148148148148148 0.058333333333333334 0.4388888888888889
0 0.8375 0.5125000000000001 0.08333333333333333 0.36203703703703705
0 0.7432291666666666 0.41250000000000003 0.07916666666666666 0.34351851851851856
0 0.6838541666666667 0.4930555555555556 0.07291666666666667 0.3175925925925926
0 0.6184895833333334 0.46990740740740744 0.0703125 0.30648148148148147
0 0.6786458333333333 0.3527777777777778 0.07916666666666666 0.3425925925925926
0 0.7752604166666667 0.34490740740740744 0.09947916666666666 0.4342592592592593
0 0.6611979166666666 0.23194444444444445 0.08385416666666666 0.36388888888888893
2 0.7424479166666667 0.15972222222222224 0.025520833333333333 0.15462962962962964
