0 0.7375 0.7625000000000001 0.05416666666666667 0.17500000000000002
0 0.6104166666666666 0.8208333333333334 0.04583333333333333 0.1527777777777778
0 0.6729166666666666 0.7486111111111111 0.04583333333333333 0.15833333333333333
0 0.60625 0.7069444444444445 0.0375 0.125
0 0.5333333333333333 0.788888888888889 0.05416666666666667 0.17777777777777778
0 0.4739583333333333 0.7666666666666667 0.052083333333333336 0.17777777777777778
0 0.7302083333333333 0.638888888888889 0.04375 0.15
0 0.6885416666666666 0.6194444444444445 0.03958333333333333 0.1388888888888889
0 0.3489583333333333 0.6291666666666667 0.035416666666666666 0.11944444444444445
0 0.33125 0.6430555555555556 0.041666666666666664 0.13611111111111113
0 0.22916666666666666 0.65 0.0375 0.1277777777777778
0 0.21041666666666667 0.6305555555555555 0.0375 0.12222222222222223
0 0.28541666666666665 0.5986111111111111 0.0375 0.125
0 0.30416666666666664 0.5263888888888889 0.03333333333333333 0.11388888888888889
0 0.17916666666666667 0.6125 0.0375 0.125
0 0.24270833333333333 0.5236111111111111 0.035416666666666666 0.11388888888888889
0 0.22291666666666665 0.5027777777777778 0.029166666666666667 0.09444444444444444
0 0.17604166666666665 0.5194444444444445 0.035416666666666666 0.11666666666666667
0 0.11562499999999999 0.5416666666666667 0.035416666666666666 0.11666666666666667
0 0.1 0.5194444444444445 0.029166666666666667 0.10555555555555556
0 0.4552083333333333 0.32916666666666666 0.03125 0.10277777777777779
0 0.4822916666666667 0.24166666666666667 0.01875 0.061111111111111116
0 0.503125 0.2013888888888889 0.022916666666666665 0.075
0 0.5427083333333333 0.19861111111111113 0.022916666666666665 0.075
0 0.5802083333333333 0.20555555555555557 0.022916666666666665 0.08333333333333334
0 0.628125 0.22222222222222224 0.022916666666666665 0.08333333333333334
0 0.653125 0.20416666666666666 0.027083333333333334 0.08611111111111111
0 0.61875 0.19166666666666668 0.020833333333333332 0.07222222222222223
0 0.24375 0.24444444444444446 0.025 0.08333333333333334
0 0.403125 0.2638888888888889 0.027083333333333334 0.08888888888888889
0 0.8333333333333334 0.15694444444444444 0.020833333333333332 0.075
0 0.8010416666666667 0.1638888888888889 0.027083333333333334 0.08888888888888889
0 0.775 0.17083333333333334 0.025 0.08611111111111111
0 0.74375 0.18194444444444446 0.025 0.09166666666666667
0 0.7239583333333334 0.18194444444444446 0.027083333333333334 0.08611111111111111
0 0.6989583333333333 0.19305555555555556 0.022916666666666665 0.08055555555555556
0 0.675 0.17222222222222222 0.029166666666666667 0.09444444444444444
2 0.31979166666666664 0.27222222222222225 0.022916666666666665 0.03888888888888889
2 0.296875 0.26805555555555555 0.01875 0.030555555555555558
2 0.16875 0.27222222222222225 0.020833333333333332 0.03888888888888889
2 0.196875 0.28055555555555556 0.027083333333333334 0.03888888888888889
2 0.46458333333333335 0.2625 0.016666666666666666 0.025
4 0.10208333333333333 0.4375 0.029166666666666667 0.13611111111111113
4 0.16354166666666667 0.4416666666666667 0.052083333333333336 0.11111111111111112
4 0.22708333333333333 0.4013888888888889 0.041666666666666664 0.11944444444444445
4 0.2875 0.3944444444444445 0.041666666666666664 0.14444444444444446
