0 0.045 0.539039039039039 0.08600000000000001 0.3153153153153153
0 0.11900000000000001 0.515015015015015 0.07 0.2552552552552553
0 0.23500000000000001 0.5405405405405406 0.074 0.27627627627627627
0 0.258 0.496996996996997 0.064 0.23723723723723725
0 0.406 0.5375375375375375 0.076 0.2882882882882883
0 0.5660000000000001 0.5885885885885885 0.112 0.4084084084084084
0 0.537 0.506006006006006 0.062 0.22522522522522523
0 0.648 0.4924924924924925 0.056 0.21621621621621623
0 0.6960000000000001 0.5315315315315315 0.076 0.2822822822822823
0 0.794 0.503003003003003 0.052000000000000005 0.1891891891891892
0 0.8300000000000001 0.524024024024024 0.07200000000000001 0.2732732732732733
0 0.915 0.4954954954954955 0.05 0.18618618618618618
0 0.968 0.5330330330330331 0.06 0.2552552552552553
