0 0.36866666666666664 0.7039473684210525 0.025333333333333333 0.08834586466165413
0 0.3893333333333333 0.7020676691729323 0.029333333333333333 0.10338345864661654
0 0.4093333333333333 0.7058270676691729 0.024 0.08458646616541353
0 0.4706666666666667 0.7030075187969924 0.029333333333333333 0.10150375939849623
0 0.45599999999999996 0.6823308270676691 0.024 0.08270676691729323
0 0.45199999999999996 0.6644736842105263 0.024 0.08458646616541353
0 0.48666666666666664 0.6165413533834586 0.021333333333333333 0.07894736842105263
0 0.518 0.7039473684210525 0.028 0.10338345864661654
0 0.5473333333333333 0.5958646616541353 0.025333333333333333 0.08646616541353383
0 0.5273333333333333 0.5676691729323308 0.014666666666666666 0.05639097744360902
0 0.5553333333333333 0.5789473684210527 0.017333333333333333 0.06015037593984962
0 0.6106666666666667 0.6212406015037594 0.018666666666666665 0.06954887218045112
0 0.6293333333333333 0.6184210526315789 0.018666666666666665 0.06390977443609022
0 0.6413333333333333 0.6080827067669172 0.013333333333333332 0.05075187969924812
0 0.734 0.6823308270676691 0.025333333333333333 0.09398496240601503
0 0.7506666666666666 0.6785714285714285 0.026666666666666665 0.09022556390977443
0 0.8046666666666666 0.7030075187969924 0.025333333333333333 0.08646616541353383
0 0.8793333333333333 0.737781954887218 0.036 0.12593984962406013
0 0.9246666666666666 0.7030075187969924 0.025333333333333333 0.09398496240601503
0 0.9573333333333333 0.7904135338345865 0.034666666666666665 0.11842105263157894
0 0.862 0.5986842105263157 0.017333333333333333 0.06203007518796992
0 0.8226666666666667 0.6109022556390977 0.021333333333333333 0.07518796992481203
0 0.7846666666666666 0.6240601503759398 0.025333333333333333 0.09022556390977443
0 0.754 0.5808270676691729 0.017333333333333333 0.06390977443609022
0 0.7733333333333333 0.556390977443609 0.013333333333333332 0.04887218045112782
0 0.66 0.5620300751879699 0.016 0.06015037593984962
0 0.6346666666666666 0.5479323308270676 0.010666666666666666 0.043233082706766915
0 0.6213333333333333 0.5413533834586466 0.016 0.06015037593984962
0 0.6813333333333333 0.5394736842105263 0.013333333333333332 0.05263157894736842
0 0.6713333333333333 0.5366541353383458 0.014666666666666666 0.05075187969924812
0 0.8573333333333333 0.5338345864661653 0.013333333333333332 0.04887218045112782
0 0.8906666666666666 0.5159774436090225 0.013333333333333332 0.046992481203007516
0 0.8386666666666667 0.5206766917293233 0.010666666666666666 0.041353383458646614
0 0.8099999999999999 0.5328947368421052 0.012 0.046992481203007516
2 0.11266666666666666 0.7020676691729323 0.124 0.18609022556390975
2 0.14933333333333332 0.7180451127819548 0.032 0.06015037593984962
2 0.258 0.7265037593984962 0.07333333333333333 0.12593984962406013
3 0.7966666666666666 0.412593984962406 0.022666666666666665 0.039473684210526314
4 0.584 0.4595864661654135 0.088 0.046992481203007516
4 0.6759999999999999 0.4990601503759398 0.10133333333333333 0.10714285714285714
4 0.832 0.4765037593984962 0.23466666666666666 0.11466165413533834
