0 0.055 0.6693333333333333 0.11 0.48533333333333334
0 0.14400000000000002 0.6746666666666666 0.148 0.48
0 0.273 0.6933333333333334 0.14200000000000002 0.4693333333333333
0 0.376 0.6906666666666667 0.148 0.48
0 0.481 0.7 0.14200000000000002 0.4613333333333333
0 0.599 0.6786666666666666 0.146 0.47733333333333333
0 0.71 0.692 0.14 0.45599999999999996
0 0.795 0.6839999999999999 0.14200000000000002 0.4613333333333333
0 0.889 0.6853333333333333 0.14200000000000002 0.46399999999999997
0 0.9500000000000001 0.6813333333333333 0.096 0.47733333333333333
3 0.02 0.3813333333333333 0.04 0.23466666666666666
3 0.253 0.7 0.11 0.248
