0 0.092 0.37466666666666665 0.112 0.36533333333333334
0 0.149 0.38 0.094 0.312
0 0.23800000000000002 0.35866666666666663 0.10400000000000001 0.344
0 0.273 0.364 0.08600000000000001 0.2853333333333333
0 0.329 0.40399999999999997 0.074 0.24266666666666667
0 0.338 0.368 0.076 0.256
0 0.376 0.36266666666666664 0.076 0.24533333333333332
0 0.433 0.36933333333333335 0.074 0.24266666666666667
0 0.47800000000000004 0.38666666666666666 0.068 0.22933333333333333
0 0.529 0.39999999999999997 0.07 0.23466666666666666
0 0.614 0.37866666666666665 0.08 0.26666666666666666
0 0.579 0.36266666666666664 0.066 0.21866666666666665
0 0.681 0.38666666666666666 0.09 0.29866666666666664
0 0.775 0.39599999999999996 0.09 0.2906666666666667
0 0.8210000000000001 0.4026666666666667 0.098 0.3253333333333333
2 0.02 0.34933333333333333 0.04 0.46399999999999997
2 0.165 0.23066666666666666 0.05 0.056
2 0.20600000000000002 0.23866666666666667 0.028 0.04
2 0.253 0.22533333333333333 0.014 0.029333333333333333
2 0.33 0.22533333333333333 0.04 0.024
2 0.514 0.2786666666666667 0.024 0.04
2 0.909 0.28933333333333333 0.022 0.04
2 0.553 0.292 0.022 0.04
