0 0.8605263157894737 0.5266666666666667 0.05263157894736842 0.17333333333333334
0 0.7881578947368421 0.5333333333333333 0.060526315789473685 0.18666666666666668
0 0.7328947368421053 0.5183333333333333 0.049999999999999996 0.15666666666666668
0 0.6815789473684211 0.5333333333333333 0.05263157894736842 0.17333333333333334
0 0.6447368421052632 0.5083333333333334 0.04736842105263158 0.14333333333333334
0 0.5789473684210527 0.515 0.05263157894736842 0.17
0 0.6026315789473684 0.5083333333333334 0.05263157894736842 0.16333333333333333
0 0.5184210526315789 0.5266666666666667 0.05263157894736842 0.17333333333333334
0 0.49605263157894736 0.5333333333333333 0.060526315789473685 0.18666666666666668
0 0.41973684210526313 0.49333333333333335 0.039473684210526314 0.12000000000000001
0 0.3763157894736842 0.525 0.05789473684210526 0.17666666666666667
0 0.39210526315789473 0.5166666666666667 0.05263157894736842 0.16
0 0.3355263157894737 0.4966666666666667 0.039473684210526314 0.13333333333333333
0 0.3131578947368421 0.5016666666666667 0.042105263157894736 0.13
0 0.2789473684210526 0.5083333333333334 0.042105263157894736 0.13
0 0.29736842105263156 0.4916666666666667 0.031578947368421054 0.11
0 0.22894736842105262 0.5016666666666667 0.042105263157894736 0.13
0 0.19736842105263158 0.5066666666666667 0.04736842105263158 0.14666666666666667
0 0.25921052631578945 0.4866666666666667 0.039473684210526314 0.13333333333333333
0 0.763157894736842 0.5283333333333333 0.05789473684210526 0.17666666666666667
0 0.6578947368421052 0.5033333333333334 0.03684210526315789 0.12666666666666668
2 0.3539473684210526 0.46166666666666667 0.02368421052631579 0.08333333333333334
2 0.4394736842105263 0.49000000000000005 0.03684210526315789 0.13333333333333333
2 0.7078947368421052 0.5266666666666667 0.03684210526315789 0.17333333333333334
2 0.7460526315789473 0.46166666666666667 0.018421052631578946 0.05666666666666667
2 0.756578947368421 0.4416666666666667 0.018421052631578946 0.023333333333333334
2 0.8802631578947369 0.5266666666666667 0.02894736842105263 0.19333333333333336
