0 0.3215909090909091 0.5185185185185185 0.1477272727272727 0.5925925925925926
0 0.5522727272727272 0.5444444444444445 0.15 0.5925925925925926
0 0.7545454545454545 0.4314814814814815 0.09999999999999999 0.3962962962962963
0 0.8806818181818181 0.45740740740740743 0.11136363636363636 0.44074074074074077
0 0.9431818181818181 0.5055555555555555 0.10909090909090909 0.625925925925926
0 0.6011363636363636 0.4740740740740741 0.12954545454545455 0.5259259259259259
0 0.42386363636363633 0.4166666666666667 0.08863636363636364 0.3592592592592593
0 0.20454545454545453 0.4222222222222222 0.09999999999999999 0.40740740740740744
0 0.03977272727272727 0.512962962962963 0.07954545454545454 0.5370370370370371
2 0.5170454545454545 0.26851851851851855 0.0659090909090909 0.10740740740740741
2 0.609090909090909 0.25 0.02727272727272727 0.0925925925925926
2 0.6397727272727273 0.26851851851851855 0.029545454545454545 0.06296296296296297
2 0.6579545454545455 0.2555555555555556 0.03409090909090909 0.05925925925925926
2 0.6818181818181818 0.24814814814814815 0.031818181818181815 0.044444444444444446
2 0.7181818181818181 0.2555555555555556 0.03636363636363636 0.06666666666666667
2 0.7943181818181818 0.2537037037037037 0.03409090909090909 0.040740740740740744
2 0.8931818181818182 0.24444444444444446 0.022727272727272728 0.05185185185185186
2 0.024999999999999998 0.24814814814814815 0.02727272727272727 0.05185185185185186
2 0.3306818181818182 0.23148148148148148 0.024999999999999998 0.05555555555555556
