0 0.8132812500000001 0.6830985915492958 0.0734375 0.27699530516431925
0 0.703125 0.6643192488262911 0.06875 0.25821596244131456
0 0.6640625 0.681924882629108 0.07500000000000001 0.2746478873239437
0 0.634375 0.647887323943662 0.0625 0.2347417840375587
0 0.57265625 0.6607981220657277 0.0671875 0.2511737089201878
0 0.5164062500000001 0.6889671361502347 0.0734375 0.2699530516431925
0 0.47109375000000003 0.6502347417840376 0.0578125 0.215962441314554
0 0.44453125000000004 0.6631455399061033 0.0671875 0.24647887323943662
0 0.3640625 0.6924882629107981 0.07187500000000001 0.27230046948356806
0 0.2984375 0.6619718309859155 0.06875 0.25821596244131456
0 0.2609375 0.6584507042253521 0.06875 0.2511737089201878
0 0.33203125 0.6396713615023474 0.0578125 0.2183098591549296
0 0.3953125 0.6514084507042254 0.06875 0.2511737089201878
0 0.23750000000000002 0.653755868544601 0.0625 0.2323943661971831
0 0.1796875 0.6267605633802817 0.05625 0.2112676056338028
0 0.7406250000000001 0.5669014084507042 0.0125 0.0539906103286385
0 0.09609375 0.6091549295774648 0.045312500000000006 0.16666666666666666
0 0.7507812500000001 0.568075117370892 0.010937500000000001 0.046948356807511735
0 0.7609375 0.5645539906103286 0.015625 0.05868544600938967
0 0.009375000000000001 0.5845070422535211 0.018750000000000003 0.10328638497652583
0 0.07500000000000001 0.6056338028169014 0.043750000000000004 0.1596244131455399
2 0.5546875 0.5492957746478874 0.03125 0.051643192488262914
2 0.59609375 0.6443661971830986 0.0234375 0.22769953051643194
2 0.48203125 0.539906103286385 0.0234375 0.03755868544600939
2 0.5164062500000001 0.5481220657276995 0.0203125 0.025821596244131457
2 0.41953125 0.6396713615023474 0.0203125 0.20422535211267606
2 0.3765625 0.5375586854460094 0.018750000000000003 0.03755868544600939
2 0.35390625000000003 0.5516431924882629 0.0234375 0.028169014084507043
2 0.28125 0.5539906103286385 0.025 0.046948356807511735
2 0.21875 0.6373239436619719 0.018750000000000003 0.20892018779342725
2 0.2 0.6373239436619719 0.018750000000000003 0.20892018779342725
2 0.1625 0.6279342723004695 0.021875000000000002 0.20892018779342725
2 0.1421875 0.619718309859155 0.015625 0.2112676056338028
2 0.1078125 0.5492957746478874 0.015625 0.04225352112676056
2 0.1234375 0.5434272300469484 0.015625 0.04929577464788733
2 0.6179687500000001 0.5528169014084507 0.0171875 0.035211267605633804
2 0.13203125000000002 0.5422535211267606 0.0140625 0.023474178403755867
4 0.9109375000000001 0.5633802816901409 0.17500000000000002 0.07042253521126761
4 0.7898437500000001 0.5575117370892019 0.0421875 0.04929577464788733
4 0.6781250000000001 0.5575117370892019 0.025 0.0539906103286385
4 0.0203125 0.5446009389671361 0.028125 0.04225352112676056
4 0.0546875 0.5469483568075117 0.037500000000000006 0.04225352112676056
