0 0.4335443037974684 0.6129032258064516 0.10506329113924051 0.38330170777988615
0 0.529113924050633 0.562618595825427 0.09620253164556962 0.3586337760910816
0 0.5772151898734177 0.5464895635673624 0.0759493670886076 0.2808349146110057
0 0.6050632911392405 0.49905123339658447 0.06582278481012659 0.2428842504743833
0 0.6544303797468355 0.5294117647058824 0.06582278481012659 0.23908918406072108
0 0.3221518987341772 0.5996204933586338 0.1 0.37191650853889946
0 0.35822784810126584 0.5588235294117647 0.07848101265822785 0.2903225806451613
0 0.24936708860759493 0.5967741935483871 0.09620253164556962 0.35104364326375714
0 0.20569620253164558 0.579696394686907 0.08734177215189874 0.3206831119544592
0 0.48417721518987344 0.5132827324478179 0.056962025316455694 0.20683111954459205
0 0.6974683544303798 0.5028462998102466 0.06075949367088608 0.22770398481973436
0 0.7449367088607595 0.4905123339658444 0.05443037974683544 0.2030360531309298
0 0.15316455696202533 0.47533206831119545 0.03037974683544304 0.11195445920303605
0 0.017721518987341773 0.4905123339658444 0.035443037974683546 0.1537001897533207
0 0.8145569620253165 0.49430740037950666 0.039240506329113925 0.1461100569259962
0 0.870253164556962 0.4886148007590133 0.03417721518987342 0.12333965844402277
0 0.9132911392405063 0.47438330170777987 0.03417721518987342 0.1252371916508539
0 0.7689873417721519 0.49430740037950666 0.03417721518987342 0.127134724857685
0 0.7151898734177216 0.4867172675521822 0.05063291139240506 0.19165085388994307
0 0.2829113924050633 0.5578747628083491 0.07721518987341772 0.2884250474383302
0 0.9455696202531646 0.47248576850094876 0.027848101265822784 0.10246679316888045
0 0.980379746835443 0.4639468690702087 0.03164556962025317 0.11954459203036054
0 0.8291139240506329 0.4905123339658444 0.035443037974683546 0.1347248576850095
0 0.7886075949367088 0.4810246679316888 0.03291139240506329 0.12333965844402277
0 0.3949367088607595 0.4468690702087287 0.017721518987341773 0.06641366223908919
2 0.3329113924050633 0.4098671726755218 0.02531645569620253 0.030360531309297913
2 0.37278481012658227 0.4459203036053131 0.03417721518987342 0.05692599620493359
2 0.4088607594936709 0.4316888045540797 0.01518987341772152 0.03984819734345351
2 0.4449367088607595 0.43548387096774194 0.02911392405063291 0.07020872865275142
2 0.5044303797468355 0.4146110056925996 0.021518987341772152 0.05502846299810247
2 0.5468354430379747 0.42125237191650855 0.017721518987341773 0.03795066413662239
2 0.5620253164556962 0.40037950664136623 0.017721518987341773 0.026565464895635674
2 0.6310126582278481 0.4146110056925996 0.0189873417721519 0.03984819734345351
2 0.6753164556962026 0.40702087286527516 0.026582278481012658 0.028462998102466795
2 0.6740506329113924 0.4411764705882353 0.03417721518987342 0.043643263757115754
2 0.7613924050632912 0.42125237191650855 0.01139240506329114 0.026565464895635674
2 0.7759493670886076 0.4174573055028463 0.010126582278481013 0.022770398481973434
2 0.7974683544303798 0.41840607210626185 0.012658227848101266 0.020872865275142316
2 0.8183544303797469 0.4127134724857685 0.016455696202531647 0.017077798861480076
2 0.8436708860759494 0.4174573055028463 0.016455696202531647 0.022770398481973434
2 0.8632911392405064 0.4174573055028463 0.012658227848101266 0.022770398481973434
2 0.8835443037974684 0.42599620493358636 0.017721518987341773 0.03984819734345351
2 0.8924050632911392 0.4108159392789374 0.01518987341772152 0.020872865275142316
2 0.9246835443037975 0.4222011385199241 0.013924050632911392 0.024667931688804556
2 0.9329113924050633 0.4108159392789374 0.012658227848101266 0.028462998102466795
2 0.9506329113924051 0.4155597722960152 0.012658227848101266 0.018975332068311195
2 0.9715189873417722 0.42314990512333966 0.016455696202531647 0.03415559772296015
2 0.9949367088607595 0.46110056925996207 0.00759493670886076 0.06072106261859583
