0 0.04596100278551532 0.6592592592592593 0.09192200557103064 0.4740740740740741
0 0.15877437325905291 0.625925925925926 0.12813370473537605 0.42962962962962964
0 0.2966573816155989 0.5722222222222223 0.12534818941504178 0.41111111111111115
0 0.3983286908077994 0.5277777777777778 0.0947075208913649 0.3148148148148148
0 0.4763231197771588 0.5574074074074075 0.0947075208913649 0.3148148148148148
0 0.628133704735376 0.5462962962962963 0.09749303621169916 0.32962962962962966
0 0.6768802228412256 0.5185185185185185 0.0947075208913649 0.3111111111111111
0 0.786908077994429 0.5666666666666667 0.1309192200557103 0.4222222222222222
0 0.9540389972144847 0.6407407407407407 0.08635097493036212 0.42962962962962964
0 0.5654596100278552 0.6185185185185186 0.08913649025069638 0.2962962962962963
0 0.6657381615598886 0.2574074074074074 0.022284122562674095 0.07037037037037037
2 0.5487465181058496 0.3740740740740741 0.10027855153203342 0.17777777777777778
