0 0.5773333333333334 0.5781563126252505 0.176 0.6472945891783567
0 0.8466666666666667 0.4569138276553106 0.056 0.20440881763527052
0 0.9313333333333333 0.45591182364729455 0.05733333333333333 0.21442885771543085
0 0.7206666666666667 0.46192384769539074 0.052 0.1943887775551102
0 0.8059999999999999 0.48597194388777554 0.03866666666666667 0.14629258517034066
0 0.7879999999999999 0.48396793587174347 0.03733333333333333 0.14228456913827653
0 0.7713333333333333 0.4819639278557114 0.03333333333333333 0.12625250501002003
0 0.5086666666666666 0.44088176352705405 0.052 0.19639278557114226
0 0.48666666666666664 0.4448897795591182 0.048 0.17635270541082163
0 0.42133333333333334 0.468937875751503 0.029333333333333333 0.11222444889779558
0 0.36066666666666664 0.4659318637274549 0.036 0.1342685370741483
0 0.3333333333333333 0.4639278557114228 0.034666666666666665 0.13026052104208416
0 0.3466666666666667 0.4569138276553106 0.03733333333333333 0.1442885771543086
0 0.296 0.43787575150300595 0.050666666666666665 0.1903807615230461
0 0.23066666666666666 0.4258517034068136 0.05333333333333333 0.1943887775551102
0 0.20533333333333334 0.4599198396793587 0.029333333333333333 0.11422845691382764
0 0.12 0.4569138276553106 0.03733333333333333 0.1402805611222445
0 0.06066666666666667 0.4488977955911823 0.03866666666666667 0.1402805611222445
0 0.03666666666666667 0.4519038076152304 0.03333333333333333 0.12625250501002003
0 0.3833333333333333 0.06412825651302605 0.03333333333333333 0.1282565130260521
0 0.6566666666666666 0.06713426853707415 0.036 0.1342685370741483
0 0.7113333333333333 0.06713426853707415 0.036 0.1342685370741483
0 0.7406666666666667 0.06713426853707415 0.036 0.1342685370741483
0 0.7493333333333333 0.48296593186372744 0.034666666666666665 0.1282565130260521
0 0.01 0.4458917835671342 0.02 0.1222444889779559
0 0.9853333333333333 0.06713426853707415 0.026666666666666665 0.13026052104208416
2 0.029333333333333333 0.3637274549098196 0.03733333333333333 0.06212424849699398
2 0.14733333333333332 0.44689378757515025 0.022666666666666665 0.12424849699398796
2 0.18733333333333332 0.4348697394789579 0.02 0.10420841683366733
2 0.7033333333333333 0.4759519038076152 0.012 0.07414829659318636
2 0.738 0.48597194388777554 0.014666666666666666 0.11422845691382764
2 0.7553333333333333 0.4108216432865731 0.017333333333333333 0.02004008016032064
2 0.7586666666666666 0.4348697394789579 0.013333333333333332 0.028056112224448895
2 0.032 0.06012024048096192 0.04533333333333333 0.12024048096192384
2 0.37466666666666665 0.4519038076152304 0.042666666666666665 0.17034068136272543
2 0.10066666666666667 0.44388777555110215 0.03866666666666667 0.16633266533066132
