0 0.7719638242894057 0.5795019157088123 0.09948320413436693 0.36590038314176243
0 0.6576227390180879 0.2681992337164751 0.04909560723514212 0.17624521072796934
0 0.6776485788113695 0.25766283524904215 0.04005167958656331 0.15134099616858238
0 0.6317829457364341 0.24904214559386972 0.03617571059431525 0.13409961685823754
0 0.5891472868217055 0.26532567049808425 0.03359173126614987 0.12452107279693486
0 0.5652454780361758 0.26053639846743293 0.03488372093023256 0.13026819923371646
0 0.5458656330749354 0.27490421455938696 0.04005167958656331 0.14367816091954022
0 0.6162790697674418 0.2404214559386973 0.031007751937984496 0.11685823754789272
0 0.5271317829457365 0.34770114942528735 0.028423772609819122 0.10919540229885057
2 0.6531007751937985 0.17241379310344826 0.02454780361757106 0.026819923371647507
2 0.6136950904392765 0.15996168582375478 0.020671834625323 0.032567049808429116
2 0.6201550387596899 0.1264367816091954 0.015503875968992248 0.022988505747126436
2 0.6479328165374677 0.13314176245210727 0.02454780361757106 0.036398467432950186
2 0.5671834625322998 0.37164750957854403 0.031007751937984496 0.06896551724137931
2 0.4838501291989664 0.35919540229885055 0.04005167958656331 0.10153256704980843
2 0.5045219638242894 0.35344827586206895 0.03488372093023256 0.09386973180076628
2 0.4554263565891473 0.42049808429118773 0.02971576227390181 0.07088122605363985
2 0.4444444444444445 0.47126436781609193 0.056847545219638244 0.14559386973180075
2 0.3914728682170543 0.514367816091954 0.09819121447028424 0.2279693486590038
2 0.3727390180878553 0.38697318007662834 0.06847545219638243 0.08429118773946359
2 0.2616279069767442 0.6676245210727969 0.10981912144702843 0.3160919540229885
2 0.05878552971576228 0.8524904214559387 0.08656330749354006 0.19923371647509577
