0 0.11838306063522619 0.48325722983257224 0.15206929740134745 0.5859969558599696
0 0.4268527430221367 0.5357686453576864 0.17998075072184794 0.6971080669710806
0 0.6414821944177094 0.535007610350076 0.14725697786333014 0.5707762557077625
0 0.9056785370548605 0.502283105022831 0.10779595765158807 0.4170471841704718
0 0.7935514918190568 0.4124809741248097 0.04908565928777671 0.1948249619482496
0 0.7016361886429259 0.4140030441400304 0.055822906641000966 0.2191780821917808
0 0.5418671799807507 0.4208523592085236 0.04812319538017325 0.1872146118721461
0 0.2863330125120308 0.3698630136986301 0.027911453320500483 0.1126331811263318
0 0.26900866217516844 0.3774733637747336 0.027911453320500483 0.1126331811263318
0 0.2252165543792108 0.39193302891933024 0.0384985563041386 0.1506849315068493
0 0.007218479307025987 0.3576864535768645 0.014436958614051974 0.076103500761035
2 0.9576515880654476 0.3835616438356164 0.061597690086621755 0.1613394216133942
2 0.7189605389797883 0.4056316590563166 0.01732435033686237 0.1780821917808219
2 0.6896053897978827 0.32496194824961944 0.014436958614051974 0.0350076103500761
2 0.6641000962463908 0.3257229832572298 0.015399422521655439 0.030441400304414
2 0.5336862367661213 0.3242009132420091 0.024061597690086624 0.0243531202435312
2 0.591915303176131 0.3439878234398782 0.013474494706448509 0.045662100456621
2 0.6140519730510107 0.332572298325723 0.015399422521655439 0.0289193302891933
2 0.34793070259865255 0.3203957382039574 0.008662175168431185 0.0167427701674277
2 0.34504331087584217 0.37062404870624044 0.016361886429258905 0.1141552511415525
2 0.3575553416746872 0.3866057838660578 0.012512030798845044 0.1339421613394216
2 0.2786333012512031 0.3257229832572298 0.012512030798845044 0.0243531202435312
2 0.030317613089509143 0.3378995433789954 0.018286814244465835 0.0334855403348554
2 0.014436958614051974 0.332572298325723 0.015399422521655439 0.0532724505327245
3 0.26419634263715114 0.17123287671232876 0.12800769971126083 0.0958904109589041
3 0.4489894128970164 0.1598173515981735 0.0991337824831569 0.1156773211567732
