0 0.2997967479674797 0.7096774193548387 0.12804878048780488 0.5591397849462365
0 0.5101626016260163 0.7007168458781362 0.13414634146341464 0.5842293906810035
0 0.8333333333333334 0.7204301075268817 0.12601626016260165 0.5448028673835126
0 0.06097560975609757 0.24731182795698925 0.04065040650406505 0.17921146953405018
0 0.801829268292683 0.21863799283154123 0.05487804878048781 0.24372759856630824
0 0.9369918699186993 0.2168458781362007 0.05691056910569106 0.25448028673835127
0 0.12195121951219513 0.5949820788530465 0.06097560975609757 0.2724014336917563
2 0.016260162601626018 0.2168458781362007 0.032520325203252036 0.22580645161290322
2 0.01829268292682927 0.053763440860215055 0.03658536585365854 0.10752688172043011
2 0.05691056910569106 0.034050179211469536 0.03658536585365854 0.06810035842293907
2 0.05691056910569106 0.0967741935483871 0.04065040650406505 0.13620071684587814
2 0.10670731707317074 0.021505376344086023 0.05081300813008131 0.043010752688172046
2 0.10060975609756098 0.0931899641577061 0.03861788617886179 0.0931899641577061
2 0.09654471544715448 0.16487455197132617 0.042682926829268296 0.11469534050179211
2 0.13821138211382114 0.08064516129032258 0.03658536585365854 0.053763440860215055
2 0.13922764227642279 0.11827956989247312 0.03861788617886179 0.02867383512544803
2 0.1402439024390244 0.15770609318996415 0.04471544715447155 0.05017921146953405
2 0.13821138211382114 0.25806451612903225 0.04878048780487805 0.16487455197132617
2 0.1859756097560976 0.035842293906810034 0.05894308943089432 0.07168458781362007
2 0.17581300813008133 0.08781362007168458 0.030487804878048783 0.06093189964157706
2 0.2063008130081301 0.07347670250896057 0.026422764227642278 0.04659498207885305
2 0.2378048780487805 0.02867383512544803 0.04065040650406505 0.05734767025089606
2 0.2804878048780488 0.03046594982078853 0.04471544715447155 0.06093189964157706
2 0.23577235772357727 0.08422939068100359 0.04065040650406505 0.11827956989247312
2 0.28252032520325204 0.07526881720430108 0.04878048780487805 0.0931899641577061
2 0.2754065040650407 0.13799283154121864 0.0467479674796748 0.07526881720430108
2 0.1869918699186992 0.14516129032258066 0.04471544715447155 0.06810035842293907
2 0.18089430894308944 0.25627240143369173 0.03658536585365854 0.16129032258064516
2 0.22052845528455287 0.24551971326164876 0.0467479674796748 0.16129032258064516
2 0.24085365853658539 0.18100358422939067 0.026422764227642278 0.08243727598566308
2 0.2774390243902439 0.26523297491039427 0.042682926829268296 0.15053763440860216
2 0.3201219512195122 0.23297491039426524 0.0467479674796748 0.1935483870967742
2 0.36788617886178865 0.25089605734767023 0.04471544715447155 0.15770609318996415
2 0.32621951219512196 0.12544802867383512 0.0467479674796748 0.05734767025089606
2 0.3252032520325204 0.09498207885304659 0.03658536585365854 0.053763440860215055
2 0.3719512195121952 0.07526881720430108 0.04471544715447155 0.07885304659498207
2 0.32825203252032525 0.02867383512544803 0.0467479674796748 0.05734767025089606
2 0.37296747967479676 0.034050179211469536 0.0467479674796748 0.06810035842293907
2 0.37500000000000006 0.15232974910394265 0.05487804878048781 0.0967741935483871
2 0.41361788617886186 0.24372759856630824 0.042682926829268296 0.16487455197132617
2 0.4156504065040651 0.15591397849462366 0.030487804878048783 0.06093189964157706
2 0.46036585365853666 0.03942652329749104 0.05081300813008131 0.07885304659498207
2 0.41463414634146345 0.017921146953405017 0.03658536585365854 0.035842293906810034
2 0.4573170731707318 0.07526881720430108 0.04471544715447155 0.07885304659498207
2 0.45833333333333337 0.11827956989247312 0.0467479674796748 0.043010752688172046
2 0.4522357723577236 0.15770609318996415 0.042682926829268296 0.05734767025089606
2 0.467479674796748 0.24910394265232974 0.04065040650406505 0.1827956989247312
2 0.5121951219512195 0.24014336917562723 0.04065040650406505 0.17921146953405018
2 0.5497967479674797 0.25448028673835127 0.03861788617886179 0.16487455197132617
2 0.5955284552845529 0.26523297491039427 0.03658536585365854 0.14336917562724014
2 0.5995934959349594 0.16487455197132617 0.03658536585365854 0.05017921146953405
2 0.5975609756097562 0.13082437275985664 0.04065040650406505 0.03942652329749104
2 0.5508130081300814 0.13799283154121864 0.04471544715447155 0.06093189964157706
2 0.5091463414634146 0.12365591397849462 0.042682926829268296 0.053763440860215055
2 0.5030487804878049 0.06810035842293907 0.03861788617886179 0.06451612903225806
2 0.5030487804878049 0.016129032258064516 0.034552845528455285 0.03225806451612903
2 0.5497967479674797 0.08064516129032258 0.042682926829268296 0.07526881720430108
2 0.5457317073170732 0.03046594982078853 0.042682926829268296 0.053763440860215055
2 0.5945121951219513 0.07885304659498207 0.042682926829268296 0.0931899641577061
2 0.5904471544715448 0.025089605734767026 0.034552845528455285 0.05017921146953405
2 0.6392276422764228 0.026881720430107527 0.03861788617886179 0.04659498207885305
2 0.6392276422764228 0.08422939068100359 0.042682926829268296 0.0967741935483871
2 0.6402439024390244 0.15412186379928317 0.04065040650406505 0.0931899641577061
2 0.6412601626016261 0.24193548387096775 0.05487804878048781 0.18996415770609318
2 0.6910569105691058 0.25448028673835127 0.05691056910569106 0.16487455197132617
2 0.7439024390243903 0.26344086021505375 0.03658536585365854 0.14695340501792115
2 0.7733739837398375 0.26344086021505375 0.026422764227642278 0.14695340501792115
2 0.6829268292682927 0.14336917562724014 0.03658536585365854 0.07168458781362007
2 0.7235772357723578 0.14336917562724014 0.03658536585365854 0.07885304659498207
2 0.717479674796748 0.07526881720430108 0.032520325203252036 0.07885304659498207
2 0.6778455284552847 0.07885304659498207 0.034552845528455285 0.05734767025089606
2 0.6778455284552847 0.023297491039426525 0.042682926829268296 0.04659498207885305
2 0.7317073170731708 0.023297491039426525 0.052845528455284556 0.03942652329749104
2 0.7469512195121952 0.08602150537634409 0.026422764227642278 0.11469534050179211
2 0.7682926829268294 0.14874551971326164 0.024390243902439025 0.1111111111111111
2 0.7713414634146343 0.06451612903225806 0.030487804878048783 0.07885304659498207
2 0.7947154471544716 0.07526881720430108 0.016260162601626018 0.035842293906810034
2 0.821138211382114 0.0985663082437276 0.032520325203252036 0.07526881720430108
2 0.8750000000000001 0.25268817204301075 0.05894308943089432 0.16845878136200718
2 0.9054878048780489 0.14695340501792115 0.042682926829268296 0.08602150537634409
2 0.8882113821138212 0.05913978494623656 0.032520325203252036 0.04659498207885305
2 0.9065040650406505 0.08064516129032258 0.052845528455284556 0.1039426523297491
2 0.8597560975609757 0.0967741935483871 0.04878048780487805 0.12903225806451613
2 0.9034552845528456 0.026881720430107527 0.05081300813008131 0.053763440860215055
2 0.8597560975609757 0.023297491039426525 0.04878048780487805 0.04659498207885305
2 0.7815040650406505 0.02867383512544803 0.03861788617886179 0.05734767025089606
2 0.826219512195122 0.03942652329749104 0.042682926829268296 0.07885304659498207
4 0.03658536585365854 0.7007168458781362 0.07317073170731708 0.5842293906810035
4 0.946138211382114 0.6630824372759857 0.10365853658536586 0.4874551971326165
4 0.23170731707317074 0.471326164874552 0.10569105691056911 0.1111111111111111
4 0.4054878048780488 0.4767025089605735 0.17682926829268295 0.06451612903225806
4 0.6747967479674798 0.47491039426523296 0.29268292682926833 0.1039426523297491
