0 0.036000000000000004 0.7331288343558282 0.064 0.24539877300613497
0 0.09 0.7346625766871165 0.068 0.25460122699386506
0 0.122 0.7177914110429447 0.068 0.25766871165644173
0 0.149 0.7377300613496933 0.066 0.25460122699386506
0 0.193 0.7239263803680982 0.058 0.22085889570552147
0 0.23 0.7300613496932515 0.068 0.25153374233128833
0 0.276 0.7193251533742332 0.068 0.2607361963190184
0 0.314 0.7208588957055215 0.06 0.22699386503067484
0 0.332 0.7285276073619632 0.06 0.2361963190184049
0 0.366 0.7101226993865031 0.064 0.2423312883435583
0 0.5740000000000001 0.7223926380368099 0.068 0.25460122699386506
0 0.626 0.7101226993865031 0.064 0.24846625766871167
0 0.731 0.7009202453987731 0.066 0.24846625766871167
0 0.783 0.593558282208589 0.066 0.24846625766871167
0 0.931 0.7101226993865031 0.074 0.2852760736196319
2 0.613 0.7852760736196319 0.094 0.15950920245398773
2 0.736 0.7837423312883436 0.128 0.1687116564417178
2 0.885 0.7898773006134969 0.134 0.15030674846625766
2 0.8170000000000001 0.6319018404907976 0.106 0.17177914110429449
