0 0.6325000000000001 0.68 0.05 0.16666666666666669
0 0.5750000000000001 0.6766666666666667 0.055 0.18000000000000002
0 0.535 0.6766666666666667 0.035 0.11333333333333334
0 0.42 0.665 0.03 0.11
0 0.3725 0.6666666666666667 0.03 0.10666666666666667
0 0.34750000000000003 0.6666666666666667 0.03 0.1
0 0.33 0.6683333333333333 0.03 0.10333333333333335
0 0.30625 0.6733333333333333 0.0325 0.10666666666666667
0 0.29125 0.6683333333333333 0.0325 0.11
0 0.2775 0.67 0.035 0.11333333333333334
0 0.20125 0.675 0.0275 0.09000000000000001
0 0.18625 0.6783333333333333 0.0275 0.09000000000000001
0 0.17625 0.6816666666666668 0.0275 0.09000000000000001
