0 0.3325 0.6760828625235404 0.13 0.4821092278719397
0 0.555625 0.5743879472693032 0.08625000000000001 0.3163841807909604
0 0.583125 0.47457627118644063 0.01875 0.07532956685499058
0 0.593125 0.4839924670433145 0.02125 0.0790960451977401
0 0.61 0.49058380414312613 0.02 0.07721280602636535
0 0.645625 0.5499058380414312 0.06375 0.2335216572504708
0 0.680625 0.5178907721280602 0.06375 0.23728813559322032
0 0.771875 0.5499058380414312 0.06125 0.22598870056497175
0 0.8250000000000001 0.5310734463276836 0.0575 0.2184557438794727
0 0.798125 0.4811676082862523 0.03375 0.1261770244821092
0 0.8525 0.4821092278719397 0.0275 0.10546139359698681
0 0.87625 0.4821092278719397 0.0275 0.10546139359698681
0 0.92625 0.4651600753295668 0.0275 0.10169491525423728
0 0.53 0.4067796610169491 0.025 0.0903954802259887
0 0.571875 0.4209039548022599 0.01625 0.0583804143126177
0 0.90375 0.45856873822975514 0.015 0.06214689265536723
2 0.624375 0.42655367231638414 0.00875 0.020715630885122408
2 0.630625 0.42655367231638414 0.00875 0.01694915254237288
2 0.638125 0.4256120527306968 0.01125 0.015065913370998116
2 0.6481250000000001 0.42655367231638414 0.01125 0.01694915254237288
4 0.964375 0.4303201506591337 0.058750000000000004 0.032015065913371
4 0.8612500000000001 0.4284369114877589 0.1125 0.02824858757062147
4 0.680625 0.4171374764595103 0.20375000000000001 0.03954802259887005
