0 0.4452631578947368 0.2753510140405616 0.12421052631578947 0.4508580343213729
0 0.17473684210526316 0.5553822152886115 0.15578947368421053 0.5647425897035881
0 0.13105263157894737 0.5421216848673948 0.1463157894736842 0.5288611544461779
0 0.2826315789473684 0.6107644305772231 0.15052631578947367 0.5444617784711389
0 0.7957894736842105 0.5795631825273011 0.16 0.5787831513260531
0 0.7310526315789474 0.5514820592823713 0.15052631578947367 0.5475819032761311
0 0.601578947368421 0.5670826833073324 0.09999999999999999 0.36037441497659906
0 0.33052631578947367 0.3166926677067083 0.09894736842105263 0.358814352574103
0 0.6626315789473685 0.39469578783151327 0.13157894736842105 0.48049921996879874
0 0.64 0.37675507020280813 0.12210526315789473 0.4414976599063963
0 0.6042105263157894 0.343213728549142 0.12 0.4336973478939158
0 0.5684210526315789 0.3003120124804992 0.11368421052631579 0.4165366614664587
2 0.27210526315789474 0.7410296411856474 0.12947368421052632 0.4180967238689548
2 0.8305263157894737 0.751170046801872 0.10736842105263157 0.41029641185647425
2 0.2926315789473684 0.2683307332293292 0.06736842105263158 0.21528861154446177
2 0.6994736842105262 0.2090483619344774 0.05789473684210526 0.059282371294851796
2 0.5684210526315789 0.16146645865834633 0.042105263157894736 0.06396255850234009
