0 0.025270758122743684 0.6666666666666666 0.05054151624548737 0.21103117505995203
0 0.09205776173285199 0.6762589928057553 0.06859205776173286 0.22541966426858512
0 0.14711191335740073 0.6834532374100719 0.0776173285198556 0.24940047961630693
0 0.1868231046931408 0.6642685851318945 0.052346570397111915 0.16786570743405274
0 0.23555956678700363 0.6630695443645084 0.055956678700361015 0.17985611510791366
0 0.2797833935018051 0.6954436450839329 0.08303249097472924 0.27338129496402874
0 0.3032490974729242 0.671462829736211 0.05415162454873646 0.18225419664268583
0 0.37635379061371843 0.671462829736211 0.05956678700361011 0.2014388489208633
0 0.40342960288808666 0.7014388489208633 0.09566787003610108 0.31414868105515587
0 0.5018050541516246 0.6870503597122302 0.06498194945848376 0.2134292565947242
0 0.575812274368231 0.7158273381294964 0.10469314079422383 0.34772182254196643
0 0.6245487364620939 0.6858513189448441 0.07220216606498195 0.23501199040767384
0 0.7689530685920578 0.7314148681055156 0.13357400722021662 0.4316546762589928
0 0.9620938628158845 0.6966426858513189 0.07220216606498195 0.3093525179856115
3 0.9142599277978339 0.6798561151079137 0.0812274368231047 0.13669064748201437
3 0.33303249097472926 0.6534772182254196 0.03429602888086643 0.07434052757793765
3 0.4512635379061372 0.6654676258992805 0.04693140794223827 0.08872901678657073
