0 0.06406250000000001 0.6647058823529411 0.046875 0.1764705882352941
0 0.15937500000000002 0.7376470588235293 0.1375 0.5105882352941176
0 0.31093750000000003 0.7470588235294117 0.134375 0.49647058823529405
0 0.19843750000000002 0.6223529411764706 0.034375 0.12470588235294117
0 0.225 0.6047058823529411 0.018750000000000003 0.07058823529411765
0 0.23515625 0.6047058823529411 0.0140625 0.05647058823529411
0 0.38203125000000004 0.7 0.0890625 0.32705882352941174
0 0.4703125 0.6164705882352941 0.046875 0.17411764705882352
0 0.5085937500000001 0.6223529411764706 0.0421875 0.1576470588235294
0 0.5398437500000001 0.5811764705882353 0.0234375 0.08941176470588234
0 0.53046875 0.5717647058823528 0.0234375 0.08470588235294117
0 0.5671875000000001 0.5894117647058823 0.034375 0.1341176470588235
0 0.5921875 0.6117647058823529 0.053125000000000006 0.1976470588235294
0 0.6265625 0.6670588235294117 0.08750000000000001 0.32705882352941174
0 0.6515625 0.5729411764705882 0.028125 0.10117647058823528
0 0.6796875 0.5752941176470587 0.03125 0.12
0 0.7132812500000001 0.6576470588235294 0.0859375 0.32235294117647056
0 0.7640625000000001 0.5905882352941176 0.05 0.18823529411764706
0 0.7796875000000001 0.5705882352941176 0.040625 0.1576470588235294
0 0.8679687500000001 0.5988235294117646 0.0546875 0.20941176470588233
0 0.91328125 0.5694117647058823 0.051562500000000004 0.18823529411764706
0 0.82578125 0.5517647058823529 0.0390625 0.14352941176470588
2 0.9460937500000001 0.5094117647058823 0.0234375 0.0588235294117647
2 0.265625 0.5764705882352941 0.046875 0.07999999999999999
2 0.6429687500000001 0.5376470588235294 0.0234375 0.07294117647058823
3 0.34140625 0.22470588235294114 0.0421875 0.08705882352941176
3 0.47890625000000003 0.4164705882352941 0.06406250000000001 0.09411764705882353
3 0.07890625000000001 0.388235294117647 0.026562500000000003 0.08941176470588234
3 0.09765625 0.3905882352941176 0.0234375 0.08470588235294117
