0 0.095 0.48333333333333334 0.045 0.14666666666666667
0 0.3175 0.6933333333333334 0.115 0.37333333333333335
0 0.24375 0.4733333333333334 0.0525 0.17333333333333334
0 0.3225 0.47500000000000003 0.055 0.18333333333333335
0 0.34375 0.4766666666666667 0.0475 0.16666666666666669
0 0.435 0.655 0.12 0.39666666666666667
0 0.5025000000000001 0.6383333333333334 0.1 0.32333333333333336
0 0.54625 0.645 0.1225 0.39666666666666667
0 0.5750000000000001 0.625 0.105 0.35000000000000003
0 0.77375 0.4916666666666667 0.0575 0.19666666666666668
0 0.8125 0.4916666666666667 0.07 0.2366666666666667
0 0.8250000000000001 0.43333333333333335 0.08 0.26
0 0.87 0.4516666666666667 0.045 0.15666666666666668
0 0.8825000000000001 0.42833333333333334 0.045 0.15000000000000002
0 0.9225 0.45 0.05 0.16
0 0.97375 0.405 0.0475 0.16333333333333333
0 0.98 0.44333333333333336 0.035 0.17333333333333334
0 0.1325 0.4633333333333334 0.02 0.07333333333333333
0 0.38875 0.4066666666666667 0.0175 0.060000000000000005
0 0.4 0.4366666666666667 0.02 0.07333333333333333
0 0.42125 0.3983333333333334 0.0175 0.05666666666666667
0 0.44375000000000003 0.39333333333333337 0.0175 0.060000000000000005
0 0.45125 0.4316666666666667 0.0175 0.06333333333333334
0 0.1875 0.47000000000000003 0.025 0.08
0 0.4225 0.645 0.1 0.32333333333333336
2 0.5225 0.41000000000000003 0.06 0.10666666666666667
4 0.051250000000000004 0.45333333333333337 0.0575 0.060000000000000005
