0 0.015810276679841896 0.5380228136882129 0.03162055335968379 0.22433460076045628
0 0.0642292490118577 0.5304182509505704 0.03359683794466403 0.155893536121673
0 0.024703557312252964 0.5285171102661597 0.029644268774703556 0.1444866920152091
0 0.08695652173913043 0.5627376425855514 0.04743083003952569 0.22813688212927757
0 0.12747035573122528 0.5380228136882129 0.037549407114624504 0.18631178707224336
0 0.1541501976284585 0.6064638783269962 0.07905138339920947 0.3840304182509506
0 0.17984189723320157 0.5760456273764258 0.05138339920948616 0.25475285171102663
0 0.2193675889328063 0.5304182509505704 0.035573122529644265 0.17110266159695817
0 0.2816205533596838 0.6482889733840305 0.08893280632411067 0.4144486692015209
0 0.2994071146245059 0.5684410646387833 0.0533596837944664 0.25475285171102663
0 0.33399209486166004 0.55893536121673 0.04743083003952569 0.22813688212927757
0 0.38339920948616596 0.5950570342205324 0.06719367588932806 0.3231939163498099
0 0.41699604743083 0.5608365019011406 0.05138339920948616 0.24714828897338403
0 0.45158102766798414 0.5190114068441065 0.03359683794466403 0.155893536121673
0 0.49901185770750983 0.5456273764258555 0.04150197628458498 0.20152091254752852
0 0.5484189723320158 0.629277566539924 0.07707509881422925 0.3612167300380228
0 0.5316205533596837 0.5532319391634981 0.04743083003952569 0.22433460076045628
0 0.608695652173913 0.6844106463878327 0.11462450592885375 0.5399239543726235
0 0.7549407114624506 0.5570342205323194 0.043478260869565216 0.21673003802281368
0 0.7934782608695652 0.5988593155893536 0.06521739130434782 0.3155893536121673
0 0.24604743083003952 0.55893536121673 0.037549407114624504 0.19011406844106463
2 0.7776679841897233 0.4619771863117871 0.03359683794466403 0.11026615969581749
