0 0.1177570093457944 0.6637426900584795 0.11588785046728972 0.4444444444444444
0 0.18598130841121496 0.6359649122807017 0.05794392523364486 0.22514619883040934
0 0.3336448598130841 0.6754385964912281 0.16261682242990655 0.6257309941520468
0 0.40373831775700936 0.6447368421052632 0.07102803738317758 0.27192982456140347
0 0.5990654205607477 0.6578947368421052 0.1102803738317757 0.4269005847953216
0 0.6579439252336449 0.6374269005847952 0.041121495327102804 0.15789473684210525
0 0.7140186915887851 0.6549707602339181 0.07476635514018692 0.28654970760233917
0 0.8018691588785047 0.6491228070175439 0.06355140186915888 0.23976608187134502
0 0.8728971962616823 0.6447368421052632 0.052336448598130844 0.20760233918128654
0 0.9196261682242991 0.641812865497076 0.041121495327102804 0.16666666666666666
0 0.9551401869158879 0.641812865497076 0.041121495327102804 0.1608187134502924
0 0.9803738317757009 0.6345029239766081 0.03551401869158879 0.14035087719298245
0 0.5046728971962617 0.6461988304093567 0.056074766355140186 0.2222222222222222
0 0.5401869158878505 0.6154970760233918 0.03738317757009346 0.14327485380116958
