0 0.153 0.5893333333333333 0.10200000000000001 0.3413333333333333
0 0.2 0.5106666666666666 0.044 0.14133333333333334
0 0.222 0.5213333333333333 0.044 0.14666666666666667
0 0.225 0.5173333333333333 0.038 0.13333333333333333
0 0.28800000000000003 0.516 0.048 0.16266666666666665
0 0.304 0.5373333333333333 0.056 0.18933333333333333
0 0.35100000000000003 0.516 0.054 0.17866666666666667
0 0.727 0.49466666666666664 0.026000000000000002 0.09333333333333332
0 0.743 0.5146666666666666 0.038 0.128
0 0.842 0.512 0.04 0.128
0 0.915 0.5866666666666667 0.078 0.2613333333333333
2 0.037 0.476 0.022 0.056
2 0.18 0.45599999999999996 0.02 0.03733333333333333
2 0.253 0.47866666666666663 0.026000000000000002 0.050666666666666665
2 0.654 0.476 0.02 0.06133333333333333
2 0.531 0.656 0.366 0.6773333333333333
2 0.384 0.476 0.028 0.06666666666666667
2 0.41400000000000003 0.45599999999999996 0.028 0.048
3 0.356 0.41466666666666663 0.084 0.07733333333333334
3 0.452 0.412 0.052000000000000005 0.088
3 0.5670000000000001 0.41333333333333333 0.054 0.12266666666666666
