0 0.055 0.88 0.060000000000000005 0.225
0 0.02 0.8575 0.04 0.19
0 0.13416666666666668 0.87125 0.065 0.23750000000000002
0 0.17416666666666666 0.88375 0.058333333333333334 0.2125
0 0.24666666666666667 0.875 0.06333333333333334 0.23500000000000001
0 0.28583333333333333 0.8775000000000001 0.06166666666666667 0.225
0 0.33916666666666667 0.845 0.04833333333333334 0.18
0 0.3691666666666667 0.84125 0.05166666666666667 0.1925
0 0.4216666666666667 0.865 0.07 0.255
0 0.44833333333333336 0.87 0.05666666666666667 0.215
0 0.4716666666666667 0.8200000000000001 0.04 0.15
0 0.535 0.8775000000000001 0.06333333333333334 0.23500000000000001
0 0.685 0.8562500000000001 0.06666666666666667 0.2425
0 0.7691666666666667 0.83375 0.045000000000000005 0.17250000000000001
0 0.8183333333333334 0.84125 0.060000000000000005 0.2275
0 0.8608333333333333 0.85 0.06166666666666667 0.23500000000000001
0 0.8991666666666667 0.8375 0.04833333333333334 0.185
0 0.9625 0.82375 0.055 0.20750000000000002
0 0.6016666666666667 0.8325 0.04 0.15
0 0.5733333333333334 0.8325 0.03333333333333333 0.13
0 0.6291666666666667 0.82625 0.035 0.1325
0 0.6475000000000001 0.82625 0.03833333333333334 0.14250000000000002
0 0.6641666666666667 0.8200000000000001 0.03833333333333334 0.14
