0 0.623 0.6107784431137725 0.21 0.7664670658682635
0 0.382 0.6751497005988024 0.17200000000000001 0.6317365269461078
0 0.17200000000000001 0.6691616766467067 0.132 0.4880239520958084
0 0.133 0.6347305389221557 0.11 0.407185628742515
0 0.08600000000000001 0.6152694610778443 0.084 0.31437125748503
0 0.048 0.595808383233533 0.076 0.281437125748503
0 0.484 0.5643712574850299 0.068 0.25449101796407186
0 0.747 0.5763473053892216 0.098 0.36227544910179643
0 0.9560000000000001 0.5703592814371258 0.084 0.5
0 0.897 0.5014970059880239 0.074 0.2784431137724551
0 0.86 0.44610778443113774 0.056 0.2095808383233533
0 0.6910000000000001 0.45958083832335334 0.074 0.2724550898203593
0 0.534 0.48652694610778446 0.076 0.2844311377245509
0 0.439 0.48652694610778446 0.066 0.24251497005988026
0 0.312 0.5119760479041916 0.06 0.22155688622754494
0 0.893 0.32485029940119764 0.054 0.19461077844311378
0 0.93 0.31736526946107785 0.056 0.2095808383233533
0 0.972 0.31437125748503 0.052000000000000005 0.2035928143712575
0 0.729 0.3877245508982036 0.054 0.19461077844311378
0 0.765 0.3817365269461078 0.054 0.20059880239520958
2 0.23900000000000002 0.5284431137724551 0.062 0.17065868263473055
2 0.192 0.48652694610778446 0.048 0.10479041916167665
2 0.02 0.4760479041916168 0.04 0.16167664670658682
2 0.061 0.4356287425149701 0.046 0.08083832335329341
2 0.093 0.4356287425149701 0.03 0.062874251497006
2 0.13 0.4191616766467066 0.04 0.04790419161676647
2 0.183 0.4191616766467066 0.038 0.059880239520958084
2 0.23800000000000002 0.41467065868263475 0.056 0.09880239520958084
2 0.28300000000000003 0.44610778443113774 0.042 0.16167664670658682
2 0.029 0.36526946107784436 0.05 0.07185628742514971
2 0.074 0.37125748502994016 0.044 0.059880239520958084
2 0.126 0.36826347305389223 0.052000000000000005 0.07185628742514971
2 0.161 0.36826347305389223 0.03 0.0658682634730539
2 0.20400000000000001 0.3607784431137725 0.04 0.062874251497006
2 0.24 0.3547904191616767 0.036000000000000004 0.056886227544910184
2 0.28500000000000003 0.35778443113772457 0.042 0.08083832335329341
2 0.014 0.29341317365269465 0.028 0.10778443113772455
2 0.042 0.2844311377245509 0.044 0.08982035928143713
2 0.07200000000000001 0.29341317365269465 0.044 0.11377245508982037
2 0.094 0.2574850299401198 0.024 0.04191616766467066
2 0.113 0.2889221556886228 0.05 0.12275449101796408
2 0.14300000000000002 0.24550898203592816 0.026000000000000002 0.035928143712574856
2 0.167 0.26646706586826346 0.05 0.11976047904191617
2 0.218 0.2634730538922156 0.052000000000000005 0.11377245508982037
2 0.295 0.2634730538922156 0.05 0.11377245508982037
2 0.263 0.2634730538922156 0.026000000000000002 0.04191616766467066
2 0.26 0.23053892215568864 0.024 0.04191616766467066
2 0.341 0.25299401197604793 0.046 0.09281437125748504
2 0.322 0.31437125748503 0.04 0.09580838323353294
2 0.357 0.31886227544910184 0.038 0.08083832335329341
2 0.397 0.36526946107784436 0.034 0.0658682634730539
2 0.443 0.35029940119760483 0.042 0.07784431137724551
2 0.505 0.36227544910179643 0.046 0.09580838323353294
2 0.487 0.31886227544910184 0.038 0.0688622754491018
2 0.40900000000000003 0.2964071856287425 0.05 0.10179640718562875
2 0.387 0.2440119760479042 0.046 0.056886227544910184
2 0.434 0.2380239520958084 0.04 0.07485029940119761
2 0.462 0.2410179640718563 0.036000000000000004 0.08682634730538923
2 0.47700000000000004 0.27395209580838326 0.042 0.05089820359281438
2 0.494 0.2380239520958084 0.028 0.07485029940119761
2 0.671 0.2754491017964072 0.042 0.059880239520958084
2 0.6920000000000001 0.2380239520958084 0.04 0.062874251497006
2 0.708 0.2904191616766467 0.028 0.05389221556886228
2 0.715 0.2125748502994012 0.038 0.059880239520958084
2 0.75 0.23053892215568864 0.044 0.07784431137724551
2 0.784 0.2949101796407186 0.032 0.056886227544910184
2 0.8290000000000001 0.22155688622754494 0.042 0.11377245508982037
2 0.8240000000000001 0.281437125748503 0.032 0.059880239520958084
2 0.8320000000000001 0.3547904191616767 0.04 0.08682634730538923
2 0.77 0.4251497005988024 0.04 0.10179640718562875
2 0.811 0.4296407185628743 0.046 0.1287425149700599
2 0.879 0.20508982035928144 0.034 0.08083832335329341
2 0.852 0.20808383233532934 0.04 0.08083832335329341
2 0.855 0.282934131736527 0.042 0.062874251497006
2 0.875 0.3338323353293413 0.034 0.056886227544910184
2 0.932 0.3383233532934132 0.044 0.08383233532934133
2 0.911 0.19910179640718564 0.03 0.0688622754491018
2 0.9430000000000001 0.19910179640718564 0.03 0.08083832335329341
2 0.978 0.19610778443113774 0.04 0.08083832335329341
