0 0.3425 0.7185314685314685 0.09833333333333334 0.5
0 0.24000000000000002 0.5681818181818182 0.08 0.4090909090909091
0 0.1716666666666667 0.4597902097902098 0.06666666666666667 0.34615384615384615
0 0.13583333333333333 0.40034965034965037 0.055 0.28321678321678323
0 0.10083333333333334 0.3793706293706294 0.04166666666666667 0.2202797202797203
0 0.07250000000000001 0.34440559440559443 0.04166666666666667 0.2202797202797203
0 0.05416666666666667 0.3111888111888112 0.04166666666666667 0.2097902097902098
0 0.21333333333333335 0.291958041958042 0.03333333333333333 0.17132867132867133
0 0.1875 0.28321678321678323 0.03166666666666667 0.17482517482517482
0 0.2275 0.32867132867132864 0.03833333333333334 0.1958041958041958
0 0.27 0.36538461538461536 0.043333333333333335 0.23426573426573427
0 0.3241666666666667 0.42832167832167833 0.06166666666666667 0.32517482517482516
0 0.4083333333333334 0.5122377622377622 0.06666666666666667 0.34615384615384615
0 0.5066666666666667 0.6416083916083916 0.08333333333333334 0.4230769230769231
0 0.6116666666666667 0.5681818181818182 0.07333333333333333 0.3741258741258741
0 0.7200000000000001 0.7709790209790209 0.08666666666666667 0.45104895104895104
0 0.5425 0.8181818181818182 0.06833333333333334 0.35664335664335667
0 0.8208333333333334 0.6905594405594405 0.08166666666666667 0.4160839160839161
0 0.5025000000000001 0.46678321678321677 0.058333333333333334 0.2972027972027972
0 0.41500000000000004 0.3793706293706294 0.05 0.26223776223776224
0 0.3591666666666667 0.3479020979020979 0.04166666666666667 0.2202797202797203
0 0.48250000000000004 0.3793706293706294 0.045000000000000005 0.24125874125874125
0 0.5908333333333333 0.43006993006993005 0.05166666666666667 0.26573426573426573
0 0.6483333333333334 0.40559440559440557 0.05 0.25874125874125875
0 0.7233333333333334 0.5052447552447552 0.060000000000000005 0.3181818181818182
0 0.7875000000000001 0.46153846153846156 0.058333333333333334 0.3006993006993007
0 0.8475 0.40034965034965037 0.04166666666666667 0.21328671328671328
0 0.8875000000000001 0.6013986013986014 0.07166666666666667 0.3706293706293706
0 0.9383333333333334 0.5314685314685315 0.06333333333333334 0.3356643356643357
0 0.9758333333333334 0.48776223776223776 0.045000000000000005 0.3181818181818182
0 0.7525000000000001 0.34440559440559443 0.04166666666666667 0.21328671328671328
0 0.6958333333333334 0.3741258741258741 0.04166666666666667 0.22377622377622378
0 0.5466666666666667 0.3513986013986014 0.043333333333333335 0.2202797202797203
0 0.8816666666666667 0.30244755244755245 0.030000000000000002 0.15734265734265734
0 0.9025000000000001 0.2937062937062937 0.025 0.13986013986013987
0 0.7258333333333333 0.2902097902097902 0.03166666666666667 0.16783216783216784
0 0.6875 0.3006993006993007 0.035 0.18181818181818182
0 0.5783333333333334 0.291958041958042 0.03666666666666667 0.1853146853146853
0 0.4716666666666667 0.31993006993006995 0.03666666666666667 0.1853146853146853
0 0.5341666666666667 0.3094405594405594 0.035 0.17832167832167833
2 0.32583333333333336 0.951048951048951 0.10500000000000001 0.09090909090909091
2 0.9591666666666667 0.9493006993006993 0.07833333333333334 0.08041958041958042
4 0.505 0.2062937062937063 0.9800000000000001 0.16783216783216784
