0 0.1133101851851852 0.5649691358024691 0.2266203703703704 0.8657407407407407
0 0.30462962962962964 0.6169753086419753 0.23472222222222222 0.7641975308641975
0 0.49039351851851853 0.6186728395061728 0.23402777777777778 0.7614197530864197
0 0.7783564814814815 0.6001543209876543 0.24467592592592594 0.796604938271605
0 0.8471064814814815 0.633179012345679 0.22476851851851853 0.7311728395061728
0 0.7251157407407408 0.2015432098765432 0.11967592592592594 0.38950617283950617
0 0.24756944444444445 0.20200617283950617 0.11134259259259259 0.3626543209876543
0 0.33784722222222224 0.24814814814814815 0.09560185185185185 0.3111111111111111
0 0.43495370370370373 0.17222222222222222 0.1050925925925926 0.34259259259259256
0 0.5670138888888889 0.22608024691358025 0.10717592592592592 0.34845679012345676
0 0.6940972222222223 0.17530864197530863 0.10717592592592592 0.3493827160493827
0 0.8211805555555556 0.17546296296296296 0.10208333333333333 0.3317901234567901
0 0.779513888888889 0.20555555555555555 0.08819444444444445 0.28703703703703703
0 0.44722222222222224 0.2192901234567901 0.11990740740740741 0.3904320987654321
2 0.04560185185185185 0.16635802469135802 0.06620370370370371 0.14938271604938272
2 0.13541666666666669 0.0787037037037037 0.09305555555555556 0.15555555555555556
2 0.1857638888888889 0.08564814814814814 0.05162037037037037 0.17006172839506173
2 0.33807870370370374 0.05200617283950617 0.07337962962962963 0.1021604938271605
2 0.5393518518518519 0.0728395061728395 0.050462962962962966 0.11049382716049383
2 0.39872685185185186 0.37330246913580245 0.07569444444444445 0.22191358024691357
2 0.028240740740740743 0.3279320987654321 0.05648148148148149 0.17746913580246912
2 0.5777777777777778 0.3927469135802469 0.09027777777777778 0.2287037037037037
2 0.8765046296296297 0.0654320987654321 0.03726851851851852 0.07901234567901234
2 0.9050925925925927 0.03441358024691358 0.03564814814814815 0.06882716049382716
2 0.9072916666666667 0.2064814814814815 0.06736111111111111 0.14506172839506173
2 0.9732638888888889 0.18518518518518517 0.05300925925925926 0.1691358024691358
2 0.9195601851851852 0.07083333333333333 0.08958333333333333 0.14166666666666666
