0 0.20985401459854014 0.43854748603351956 0.0948905109489051 0.35195530726256985
0 0.24452554744525545 0.4175977653631285 0.08029197080291971 0.31005586592178774
0 0.32572992700729925 0.6620111731843575 0.177007299270073 0.664804469273743
0 0.41514598540145986 0.7486033519553073 0.12591240875912407 0.4748603351955307
0 0.5812043795620437 0.5558659217877095 0.1624087591240876 0.6145251396648045
0 0.6605839416058394 0.5279329608938548 0.1094890510948905 0.40782122905027934
0 0.7545620437956204 0.6634078212290503 0.14781021897810218 0.5558659217877095
0 0.802007299270073 0.526536312849162 0.14051094890510948 0.5223463687150838
0 0.9014598540145985 0.479050279329609 0.09854014598540145 0.3715083798882682
0 0.8485401459854014 0.3756983240223464 0.0364963503649635 0.13687150837988826
0 0.8777372262773723 0.38966480446927376 0.040145985401459854 0.15363128491620112
0 0.9653284671532847 0.40083798882681565 0.051094890510948905 0.19273743016759778
2 0.03102189781021898 0.5754189944134078 0.06204379562043796 0.3575418994413408
2 0.11678832116788321 0.590782122905028 0.14963503649635035 0.4162011173184358
2 0.021897810218978103 0.38687150837988826 0.0364963503649635 0.09776536312849163
2 0.10675182481751824 0.39664804469273746 0.05291970802919708 0.11731843575418995
2 0.09215328467153285 0.34217877094972066 0.03467153284671533 0.05865921787709497
2 0.1760948905109489 0.5391061452513967 0.10401459854014598 0.3910614525139665
2 0.23722627737226276 0.553072625698324 0.0948905109489051 0.2905027932960894
2 0.23266423357664232 0.3952513966480447 0.03102189781021898 0.036312849162011177
2 0.37864963503649635 0.36592178770949724 0.03467153284671533 0.07262569832402235
2 0.37682481751824815 0.4720670391061453 0.04562043795620438 0.11731843575418995
2 0.42883211678832117 0.4692737430167598 0.08759124087591241 0.223463687150838
2 0.43430656934306566 0.38547486033519557 0.0364963503649635 0.10614525139664804
2 0.5 0.46648044692737434 0.043795620437956206 0.17318435754189945
2 0.4908759124087591 0.41899441340782123 0.06934306569343066 0.19553072625698326
2 0.6332116788321168 0.43156424581005587 0.025547445255474453 0.11452513966480447
2 0.635948905109489 0.35614525139664804 0.03467153284671533 0.06983240223463687
2 0.6505474452554745 0.3128491620111732 0.020072992700729927 0.0446927374301676
2 0.8631386861313868 0.3324022346368715 0.021897810218978103 0.05027932960893855
2 0.9333941605839415 0.34217877094972066 0.020072992700729927 0.06983240223463687
3 0.8895985401459854 0.8156424581005587 0.04562043795620438 0.3240223463687151
