0 0.12333333333333334 0.395 0.05333333333333334 0.195
0 0.21750000000000003 0.395 0.04833333333333334 0.17500000000000002
0 0.255 0.3775 0.05666666666666667 0.20500000000000002
0 0.28583333333333333 0.3925 0.055 0.2
0 0.36500000000000005 0.41875 0.08333333333333334 0.3075
0 0.43250000000000005 0.47000000000000003 0.14500000000000002 0.535
0 0.5191666666666667 0.4 0.058333333333333334 0.215
0 0.5800000000000001 0.39875 0.05666666666666667 0.20750000000000002
0 0.6116666666666667 0.39875 0.06333333333333334 0.2325
0 0.6441666666666667 0.375 0.065 0.24
0 0.7258333333333333 0.3875 0.07500000000000001 0.275
0 0.7625000000000001 0.395 0.07833333333333334 0.28500000000000003
0 0.8750000000000001 0.39125 0.08666666666666667 0.3225
0 0.915 0.35375 0.030000000000000002 0.11750000000000001
0 0.9450000000000001 0.35125 0.03333333333333333 0.1225
0 0.9700000000000001 0.35875 0.030000000000000002 0.11750000000000001
0 0.9791666666666667 0.36875 0.028333333333333335 0.1125
2 0.555 0.43375 0.043333333333333335 0.1275
2 0.5916666666666667 0.4525 0.05666666666666667 0.135
2 0.19583333333333336 0.4175 0.065 0.14
