0 0.012182741116751269 0.695046439628483 0.014213197969543147 0.05572755417956657
0 0.2385786802030457 0.6934984520123839 0.016243654822335026 0.061919504643962855
0 0.4538071065989848 0.7035603715170279 0.014213197969543147 0.05727554179566564
0 0.46954314720812185 0.7035603715170279 0.017258883248730966 0.06346749226006192
0 0.5309644670050762 0.6710526315789475 0.010152284263959392 0.03869969040247678
0 0.7223350253807107 0.8157894736842106 0.03147208121827411 0.12074303405572756
0 0.6126903553299493 0.8018575851393189 0.045685279187817264 0.17027863777089786
0 0.5736040609137056 0.8026315789473685 0.042639593908629446 0.1625386996904025
0 0.5817258883248732 0.8095975232198143 0.03654822335025381 0.13622291021671828
0 0.5487309644670051 0.8095975232198143 0.0233502538071066 0.08978328173374614
0 0.56751269035533 0.8080495356037152 0.026395939086294416 0.09907120743034056
0 0.5360406091370559 0.7701238390092879 0.028426395939086295 0.10681114551083593
0 0.5157360406091371 0.7941176470588236 0.030456852791878174 0.11764705882352942
0 0.4939086294416244 0.7894736842105263 0.045685279187817264 0.17337461300309598
0 0.4573604060913706 0.803405572755418 0.03756345177664975 0.1393188854489164
0 0.7192893401015229 0.6695046439628484 0.011167512690355331 0.04489164086687307
0 0.6868020304568528 0.6989164086687307 0.013197969543147208 0.05108359133126935
0 0.6725888324873097 0.6904024767801858 0.017258883248730966 0.06501547987616099
0 0.7604060913705584 0.6880804953560372 0.012182741116751269 0.04798761609907121
2 0.12538071065989848 0.7136222910216719 0.019289340101522844 0.04643962848297214
2 0.13096446700507614 0.7260061919504645 0.016243654822335026 0.043343653250773995
4 0.0583756345177665 0.5626934984520124 0.03350253807106599 0.03560371517027864
4 0.5248730964467005 0.5495356037151703 0.1218274111675127 0.052631578947368425
4 0.8888324873096447 0.5835913312693499 0.05583756345177665 0.03405572755417957
4 0.7111675126903554 0.6315789473684211 0.029441624365482234 0.0804953560371517
4 0.9304568527918782 0.5255417956656347 0.07208121827411168 0.02321981424148607
