0 0.38492063492063494 0.5166666666666667 0.049206349206349205 0.18571428571428572
0 0.44603174603174606 0.5238095238095238 0.047619047619047616 0.1761904761904762
0 0.5357142857142857 0.5178571428571429 0.05238095238095238 0.19285714285714287
0 0.5714285714285714 0.5214285714285715 0.044444444444444446 0.16666666666666669
0 0.5992063492063492 0.5178571428571429 0.049206349206349205 0.18809523809523812
0 0.7063492063492064 0.5202380952380953 0.047619047619047616 0.17380952380952383
0 0.523015873015873 0.5190476190476191 0.049206349206349205 0.18095238095238098
2 0.05793650793650794 0.8738095238095239 0.11587301587301588 0.2380952380952381
2 0.2126984126984127 0.8690476190476192 0.15873015873015872 0.25238095238095243
2 0.40476190476190477 0.8690476190476192 0.15555555555555556 0.24761904761904763
2 0.5714285714285714 0.8595238095238096 0.1746031746031746 0.2666666666666667
2 0.7674603174603175 0.8690476190476192 0.14126984126984127 0.24761904761904763
2 0.9333333333333333 0.8750000000000001 0.13015873015873017 0.23571428571428574
2 0.8452380952380952 0.5511904761904762 0.046031746031746035 0.14047619047619048
2 0.7888888888888889 0.5511904761904762 0.04126984126984127 0.13571428571428573
2 0.7277777777777777 0.55 0.06190476190476191 0.14285714285714288
2 0.6365079365079365 0.5511904761904762 0.05714285714285714 0.15476190476190477
2 0.5388888888888889 0.5595238095238095 0.08095238095238096 0.1523809523809524
2 0.4357142857142857 0.5571428571428572 0.06507936507936508 0.14761904761904762
2 0.33650793650793653 0.5535714285714286 0.05714285714285714 0.15476190476190477
2 0.2523809523809524 0.5476190476190477 0.06031746031746032 0.15714285714285717
2 0.19365079365079366 0.5392857142857144 0.06031746031746032 0.15952380952380954
