0 0.2041666666666667 0.5 0.021666666666666667 0.08040201005025126
0 0.03416666666666667 0.4962311557788945 0.018333333333333333 0.0728643216080402
0 0.08416666666666667 0.8077889447236181 0.055 0.20351758793969849
0 0.21416666666666667 0.8077889447236181 0.05166666666666667 0.1934673366834171
0 0.35250000000000004 0.8115577889447236 0.055 0.20100502512562815
0 0.9116666666666667 0.8103015075376885 0.05 0.1884422110552764
0 0.7716666666666667 0.8178391959798995 0.05333333333333334 0.20351758793969849
0 0.6316666666666667 0.8065326633165829 0.05333333333333334 0.19597989949748745
0 0.24250000000000002 0.7600502512562815 0.045000000000000005 0.16331658291457288
0 0.26666666666666666 0.7211055276381909 0.043333333333333335 0.16080402010050251
0 0.28 0.699748743718593 0.04 0.15326633165829145
0 0.12583333333333335 0.757537688442211 0.04166666666666667 0.15829145728643215
0 0.155 0.7261306532663316 0.04 0.15577889447236182
0 0.17750000000000002 0.7010050251256281 0.04166666666666667 0.15075376884422112
0 0.19666666666666668 0.6771356783919598 0.03666666666666667 0.13819095477386936
0 0.225 0.6394472361809045 0.03666666666666667 0.13316582914572864
0 0.21500000000000002 0.657035175879397 0.04 0.14824120603015076
0 0.29000000000000004 0.6771356783919598 0.03666666666666667 0.13819095477386936
0 0.29333333333333333 0.6582914572864321 0.03666666666666667 0.1407035175879397
0 0.49500000000000005 0.8065326633165829 0.05 0.19095477386934673
0 0.785 0.6243718592964824 0.03666666666666667 0.14321608040201006
0 0.7966666666666667 0.6507537688442211 0.03666666666666667 0.1407035175879397
0 0.8216666666666668 0.6809045226130653 0.04 0.1457286432160804
0 0.8383333333333334 0.7035175879396985 0.04 0.1457286432160804
0 0.8541666666666667 0.7311557788944724 0.04166666666666667 0.15577889447236182
0 0.8816666666666667 0.7562814070351759 0.04666666666666667 0.17587939698492464
0 0.75 0.7600502512562815 0.043333333333333335 0.16331658291457288
0 0.7341666666666667 0.7349246231155779 0.03833333333333334 0.14321608040201006
0 0.36583333333333334 0.7613065326633166 0.04166666666666667 0.15075376884422112
0 0.375 0.7273869346733668 0.03666666666666667 0.14321608040201006
0 0.3841666666666667 0.699748743718593 0.03833333333333334 0.14824120603015076
0 0.39333333333333337 0.6733668341708543 0.03666666666666667 0.1407035175879397
0 0.39916666666666667 0.6532663316582915 0.035 0.135678391959799
0 0.4033333333333334 0.6381909547738693 0.03666666666666667 0.135678391959799
0 0.4466666666666667 0.7474874371859297 0.05 0.1934673366834171
0 0.51 0.7613065326633166 0.043333333333333335 0.1658291457286432
0 0.455 0.7223618090452262 0.04666666666666667 0.17336683417085427
4 0.5083333333333334 0.27386934673366836 0.9800000000000001 0.22110552763819097
4 0.7075 0.6733668341708543 0.06166666666666667 0.21608040201005024
4 0.6091666666666667 0.6896984924623115 0.05166666666666667 0.24874371859296482
4 0.49750000000000005 0.6394472361809045 0.095 0.24874371859296482
