0 0.03977272727272727 0.5756457564575646 0.0659090909090909 0.2656826568265683
0 0.09772727272727272 0.525830258302583 0.05909090909090909 0.24723247232472323
0 0.13863636363636364 0.6457564575645757 0.07272727272727272 0.2878228782287823
0 0.1568181818181818 0.47785977859778594 0.05454545454545454 0.2177121771217712
0 0.1965909090909091 0.5756457564575646 0.06136363636363636 0.25092250922509224
0 0.23636363636363636 0.5350553505535055 0.05909090909090909 0.24354243542435425
0 0.2602272727272727 0.4833948339483395 0.056818181818181816 0.22140221402214022
0 0.34545454545454546 0.6457564575645757 0.07727272727272727 0.3099630996309963
0 0.3534090909090909 0.570110701107011 0.07045454545454545 0.27675276752767525
0 0.3693181818181818 0.522140221402214 0.06136363636363636 0.25461254612546125
0 0.3886363636363636 0.47785977859778594 0.049999999999999996 0.2103321033210332
0 0.5079545454545454 0.6217712177121771 0.07045454545454545 0.2915129151291513
0 0.5045454545454545 0.5608856088560885 0.06818181818181818 0.28044280442804426
0 0.6920454545454545 0.6309963099630996 0.07045454545454545 0.2878228782287823
0 0.6749999999999999 0.5719557195571956 0.06818181818181818 0.27306273062730624
0 0.6568181818181817 0.514760147601476 0.05909090909090909 0.24723247232472323
0 0.7829545454545455 0.47416974169741694 0.05227272727272727 0.2177121771217712
0 0.8022727272727272 0.5166051660516605 0.05909090909090909 0.23616236162361623
0 0.8284090909090909 0.566420664206642 0.0659090909090909 0.26199261992619927
0 0.8772727272727272 0.6383763837638377 0.07727272727272727 0.3025830258302583
0 0.9738636363636363 0.5756457564575646 0.04772727272727272 0.2656826568265683
0 0.9306818181818182 0.5313653136531366 0.056818181818181816 0.23616236162361623
0 0.8931818181818182 0.488929889298893 0.05454545454545454 0.2177121771217712
4 0.05568181818181818 0.37822878228782286 0.11136363636363636 0.2103321033210332
4 0.5068181818181818 0.37822878228782286 0.4318181818181818 0.2029520295202952
4 0.921590909090909 0.35977859778597787 0.15227272727272725 0.23247232472324722
