0 0.1984375 0.7203703703703704 0.09270833333333334 0.40370370370370373
0 0.165625 0.5546296296296297 0.08541666666666667 0.37592592592592594
0 0.3536458333333333 0.5842592592592593 0.051041666666666666 0.22777777777777777
0 0.6776041666666667 0.4953703703703704 0.051041666666666666 0.22037037037037038
0 0.8182291666666667 0.6138888888888889 0.08645833333333333 0.37962962962962965
0 0.14583333333333334 0.36574074074074076 0.027083333333333334 0.12037037037037038
0 0.22083333333333333 0.46481481481481485 0.041666666666666664 0.1814814814814815
0 0.27760416666666665 0.4185185185185185 0.04479166666666667 0.2
0 0.33541666666666664 0.40092592592592596 0.03958333333333333 0.17592592592592593
0 0.38645833333333335 0.5111111111111112 0.06875 0.2962962962962963
0 0.3515625 0.4166666666666667 0.040625 0.17777777777777778
0 0.44635416666666666 0.48055555555555557 0.051041666666666666 0.22777777777777777
0 0.50625 0.42129629629629634 0.0375 0.16481481481481483
0 0.5276041666666667 0.4203703703703704 0.036458333333333336 0.15925925925925927
0 0.6671875 0.39814814814814814 0.036458333333333336 0.15925925925925927
0 0.9770833333333333 0.38333333333333336 0.035416666666666666 0.15555555555555556
0 0.95 0.5120370370370371 0.0625 0.27222222222222225
0 0.7640625 0.55 0.06979166666666667 0.3037037037037037
0 0.5901041666666667 0.7777777777777778 0.08229166666666667 0.35555555555555557
0 0.8848958333333333 0.3861111111111111 0.030208333333333334 0.13148148148148148
0 0.8838541666666666 0.5092592592592593 0.053125 0.22962962962962963
0 0.903125 0.6324074074074074 0.05 0.22037037037037038
0 0.778125 0.47500000000000003 0.04375 0.19444444444444445
0 0.7489583333333333 0.5027777777777778 0.041666666666666664 0.18333333333333335
0 0.95 0.549074074074074 0.041666666666666664 0.18333333333333335
0 0.4010416666666667 0.36203703703703705 0.025 0.11296296296296297
0 0.47552083333333334 0.42962962962962964 0.034375 0.15185185185185185
0 0.4828125 0.42129629629629634 0.03854166666666667 0.1685185185185185
2 0.022916666666666665 0.37592592592592594 0.03333333333333333 0.05185185185185186
2 0.0453125 0.3740740740740741 0.017708333333333333 0.05925925925925926
2 0.7744791666666666 0.39351851851851855 0.057291666666666664 0.09444444444444444
2 0.8328125 0.5472222222222223 0.036458333333333336 0.2537037037037037
2 0.8604166666666666 0.5046296296296297 0.027083333333333334 0.08703703703703704
2 0.8229166666666666 0.4101851851851852 0.025 0.0462962962962963
2 0.384375 0.33425925925925926 0.0125 0.05
2 0.43906249999999997 0.3787037037037037 0.017708333333333333 0.05740740740740741
2 0.37395833333333334 0.3601851851851852 0.03125 0.10925925925925926
4 0.7260416666666667 0.37962962962962965 0.09791666666666667 0.14444444444444446
4 0.2109375 0.36574074074074076 0.08854166666666667 0.1277777777777778
4 0.3515625 0.32685185185185184 0.034375 0.0462962962962963
4 0.4479166666666667 0.34351851851851856 0.0625 0.08333333333333334
