0 0.04 0.7906626506024097 0.08 0.4126506024096386
0 0.106 0.7876506024096386 0.112 0.4126506024096386
0 0.136 0.7484939759036146 0.084 0.3102409638554217
0 0.219 0.7063253012048193 0.054 0.20180722891566266
0 0.265 0.7078313253012049 0.07 0.26506024096385544
0 0.299 0.7213855421686748 0.078 0.286144578313253
0 0.325 0.7665662650602411 0.106 0.40060240963855426
0 0.401 0.7560240963855422 0.126 0.46987951807228917
0 0.528 0.6837349397590362 0.168 0.6204819277108434
0 0.676 0.7560240963855422 0.128 0.46987951807228917
0 0.759 0.7048192771084337 0.106 0.391566265060241
0 0.728 0.6656626506024097 0.07200000000000001 0.27108433734939763
0 0.8200000000000001 0.7349397590361446 0.14 0.5120481927710844
0 0.882 0.6762048192771085 0.088 0.3283132530120482
0 0.914 0.6490963855421688 0.07200000000000001 0.2680722891566265
0 0.965 0.658132530120482 0.066 0.31626506024096385
0 0.178 0.6852409638554218 0.044 0.15963855421686748
0 0.358 0.783132530120482 0.116 0.427710843373494
0 0.856 0.7484939759036146 0.112 0.41867469879518077
0 0.9460000000000001 0.6280120481927711 0.048 0.18373493975903615
