0 0.183 0.7002881844380403 0.154 0.547550432276657
0 0.358 0.6642651296829971 0.152 0.5446685878962536
0 0.5 0.7031700288184437 0.132 0.4668587896253602
0 0.918 0.5432276657060519 0.052000000000000005 0.18155619596541786
0 0.771 0.5389048991354467 0.054 0.19020172910662822
0 0.658 0.5749279538904899 0.06 0.22190201729106626
0 0.394 0.6440922190201729 0.116 0.4121037463976945
0 0.252 0.6671469740634005 0.12 0.42939481268011526
0 0.06 0.5878962536023055 0.06 0.2190201729106628
0 0.028 0.5763688760806917 0.056 0.20749279538904897
0 0.101 0.5806916426512968 0.058 0.21037463976945245
0 0.28400000000000003 0.600864553314121 0.088 0.30835734870317
0 0.64 0.5648414985590777 0.056 0.20749279538904897
0 0.599 0.537463976945245 0.034 0.12968299711815562
0 0.539 0.569164265129683 0.054 0.1988472622478386
0 0.754 0.5216138328530259 0.044 0.15561959654178673
2 0.98 0.5028818443804034 0.032 0.0547550432276657
3 0.908 0.24495677233429394 0.032 0.06916426512968299
3 0.878 0.30835734870317 0.032 0.05763688760806916
3 0.8320000000000001 0.23631123919308356 0.024 0.06340057636887608
3 0.852 0.24063400576368874 0.024 0.04899135446685879
3 0.967 0.25504322766570603 0.026000000000000002 0.07204610951008646
3 0.981 0.24927953890489912 0.026000000000000002 0.07204610951008646
4 0.516 0.4178674351585014 0.964 0.16714697406340057
4 0.863 0.4913544668587896 0.09 0.10086455331412103
4 0.463 0.515850144092219 0.066 0.13256484149855907
4 0.5680000000000001 0.5389048991354467 0.048 0.16714697406340057
