0 0.024545454545454544 0.5227817745803357 0.04909090909090909 0.23501199040767384
0 0.056363636363636366 0.5155875299760192 0.06545454545454546 0.2158273381294964
0 0.11090909090909092 0.5347721822541966 0.08 0.26378896882494
0 0.15454545454545454 0.5335731414868106 0.08 0.25659472422062346
0 0.1990909090909091 0.5635491606714628 0.1 0.32613908872901676
0 0.2736363636363636 0.5623501199040767 0.0890909090909091 0.2949640287769784
0 0.3209090909090909 0.5035971223021583 0.06727272727272728 0.2158273381294964
0 0.36818181818181817 0.5371702637889688 0.08181818181818182 0.2685851318944844
0 0.40454545454545454 0.5287769784172661 0.07090909090909091 0.22781774580335729
0 0.43454545454545457 0.539568345323741 0.08 0.26378896882494
0 0.47909090909090907 0.5635491606714628 0.09636363636363636 0.3117505995203837
0 0.5172727272727272 0.6738609112709831 0.13636363636363635 0.4412470023980815
0 0.5727272727272728 0.5707434052757794 0.09090909090909091 0.2973621103117506
0 0.639090909090909 0.6426858513189448 0.12545454545454546 0.4028776978417266
0 0.7545454545454545 0.7350119904076738 0.14909090909090908 0.48681055155875297
0 0.8772727272727273 0.6990407673860911 0.14727272727272728 0.47721822541966424
0 0.9518181818181818 0.6606714628297362 0.09272727272727273 0.4532374100719424
0 0.2290909090909091 0.5011990407673861 0.05454545454545454 0.18225419664268583
