0 0.1285 0.6153333333333333 0.167 0.5479999999999999
0 0.23550000000000001 0.6106666666666667 0.111 0.36266666666666664
0 0.309 0.642 0.16 0.5213333333333333
0 0.40900000000000003 0.6346666666666666 0.14 0.45866666666666667
0 0.438 0.6766666666666666 0.16 0.524
0 0.5755 0.598 0.113 0.372
0 0.6365000000000001 0.6646666666666666 0.171 0.5559999999999999
0 0.763 0.59 0.11800000000000001 0.3853333333333333
0 0.797 0.6826666666666666 0.17200000000000001 0.5599999999999999
0 0.928 0.6606666666666666 0.14200000000000002 0.5426666666666666
0 0.861 0.5946666666666667 0.112 0.368
0 0.709 0.57 0.10200000000000001 0.33199999999999996
0 0.0265 0.538 0.053 0.18266666666666667
2 0.906 0.4413333333333333 0.05 0.09333333333333332
2 0.986 0.448 0.026000000000000002 0.088
2 0.6755 0.446 0.039 0.08133333333333333
2 0.47200000000000003 0.47 0.016 0.022666666666666665
2 0.4975 0.4953333333333333 0.035 0.08666666666666667
2 0.5285 0.49066666666666664 0.033 0.096
2 0.5075000000000001 0.48466666666666663 0.029 0.076
2 0.3725 0.4713333333333333 0.023 0.06533333333333333
2 0.34600000000000003 0.4693333333333333 0.028 0.042666666666666665
2 0.2535 0.46799999999999997 0.023 0.018666666666666665
2 0.2915 0.4673333333333333 0.015 0.025333333333333333
2 0.1955 0.49066666666666664 0.023 0.03733333333333333
2 0.189 0.4653333333333333 0.018000000000000002 0.034666666666666665
2 0.017 0.4666666666666667 0.018000000000000002 0.04533333333333333
3 0.0165 0.3413333333333333 0.033 0.12533333333333332
3 0.0335 0.35133333333333333 0.065 0.13466666666666666
3 0.1805 0.35933333333333334 0.075 0.13466666666666666
3 0.151 0.30533333333333335 0.05 0.056
3 0.049 0.36266666666666664 0.068 0.144
3 0.0785 0.362 0.073 0.14266666666666666
3 0.968 0.328 0.024 0.128
3 0.9485 0.33 0.053 0.13466666666666666
3 0.9175 0.3233333333333333 0.027 0.09466666666666666
3 0.875 0.3213333333333333 0.02 0.088
3 0.8955000000000001 0.3426666666666667 0.047 0.14133333333333334
3 0.8375 0.318 0.019 0.076
3 0.852 0.33066666666666666 0.038 0.11466666666666667
3 0.8170000000000001 0.33999999999999997 0.032 0.13599999999999998
3 0.797 0.34199999999999997 0.05 0.15333333333333332
3 0.753 0.3413333333333333 0.038 0.144
3 0.737 0.31 0.018000000000000002 0.07333333333333333
3 0.724 0.33066666666666666 0.034 0.10933333333333332
3 0.7065 0.30933333333333335 0.019 0.07466666666666666
3 0.6925 0.308 0.017 0.06933333333333333
4 0.6075 0.46599999999999997 0.045 0.03333333333333333
