0 0.49125 0.4890219560878243 0.4175 0.8143712574850299
0 0.7825 0.25848303393213573 0.065 0.1337325349301397
0 0.735 0.27045908183632733 0.055 0.10978043912175647
0 0.6975 0.27145708582834327 0.06 0.11976047904191615
0 0.09125 0.27944111776447106 0.0575 0.1117764471057884
0 0.12 0.28243512974051893 0.05 0.10179640718562874
0 0.1525 0.28542914171656686 0.06 0.11576846307385229
0 0.2925 0.2734530938123752 0.04 0.08383233532934131
0 0.33375 0.2734530938123752 0.0475 0.09580838323353293
0 0.36375 0.28243512974051893 0.0475 0.09381237524950099
1 0.03625 0.3453093812375249 0.0725 0.27544910179640714
4 0.21625 0.28542914171656686 0.11750000000000001 0.1117764471057884
4 0.3925 0.2524950099800399 0.055 0.049900199600798396
4 0.64125 0.2425149700598802 0.0675 0.04590818363273453
4 0.89875 0.2395209580838323 0.1975 0.06786427145708582
4 0.051250000000000004 0.2614770459081836 0.0375 0.06387225548902195
