0 0.6880000000000001 0.8055555555555556 0.112 0.37777777777777777
0 0.578 0.8083333333333333 0.108 0.37222222222222223
0 0.49 0.75 0.1 0.33333333333333337
0 0.748 0.763888888888889 0.088 0.3055555555555556
0 0.8220000000000001 0.8111111111111111 0.1 0.35555555555555557
0 0.872 0.7833333333333333 0.10400000000000001 0.3666666666666667
0 0.96 0.725 0.07200000000000001 0.2833333333333333
0 0.402 0.8083333333333333 0.108 0.37222222222222223
0 0.314 0.8194444444444445 0.1 0.35000000000000003
0 0.132 0.8166666666666667 0.096 0.34444444444444444
0 0.036000000000000004 0.7555555555555555 0.07200000000000001 0.2888888888888889
0 0.534 0.7527777777777778 0.076 0.27222222222222225
0 0.63 0.763888888888889 0.116 0.40555555555555556
2 0.1 0.6972222222222223 0.064 0.19444444444444445
2 0.202 0.8638888888888889 0.228 0.2611111111111111
2 0.28400000000000003 0.8166666666666667 0.136 0.35555555555555557
2 0.84 0.65 0.048 0.13333333333333333
2 0.432 0.6972222222222223 0.056 0.18333333333333335
4 0.244 0.638888888888889 0.456 0.17777777777777778
4 0.92 0.6472222222222223 0.088 0.11666666666666667
4 0.552 0.6194444444444445 0.10400000000000001 0.061111111111111116
