0 0.9480000000000001 0.36666666666666664 0.1 0.488
0 0.917 0.368 0.134 0.4373333333333333
0 0.8210000000000001 0.38266666666666665 0.14200000000000002 0.4613333333333333
0 0.725 0.39199999999999996 0.126 0.416
0 0.654 0.4066666666666667 0.108 0.34933333333333333
0 0.558 0.3773333333333333 0.128 0.41866666666666663
0 0.47600000000000003 0.37066666666666664 0.12 0.39999999999999997
0 0.385 0.4693333333333333 0.07 0.23466666666666666
0 0.323 0.41733333333333333 0.106 0.34933333333333333
0 0.355 0.42266666666666663 0.098 0.32266666666666666
0 0.381 0.416 0.10200000000000001 0.33066666666666666
0 0.245 0.4026666666666667 0.13 0.432
0 0.20800000000000002 0.44266666666666665 0.116 0.384
0 0.149 0.46399999999999997 0.114 0.3733333333333333
0 0.079 0.48666666666666664 0.122 0.3973333333333333
0 0.042 0.488 0.084 0.3893333333333333
0 0.034 0.5026666666666666 0.068 0.3973333333333333
0 0.171 0.476 0.098 0.32266666666666666
2 0.44 0.32666666666666666 0.04 0.21066666666666667
2 0.683 0.24933333333333332 0.022 0.07733333333333334
2 0.661 0.25466666666666665 0.034 0.06666666666666667
2 0.772 0.23866666666666667 0.032 0.088
2 0.923 0.14933333333333332 0.146 0.18666666666666665
2 0.914 0.152 0.052000000000000005 0.10666666666666666
2 0.17500000000000002 0.32666666666666666 0.08600000000000001 0.184
2 0.464 0.532 0.44 0.21066666666666667
