2 0.14181818181818182 0.4685230024213075 0.08727272727272728 0.16707021791767554
2 0.23454545454545456 0.4564164648910412 0.10181818181818182 0.17675544794188863
2 0.3190909090909091 0.43099273607748184 0.08545454545454545 0.21307506053268765
2 0.40454545454545454 0.45883777239709445 0.0890909090909091 0.162227602905569
2 0.4909090909090909 0.44430992736077485 0.08363636363636363 0.1864406779661017
2 0.5754545454545454 0.44430992736077485 0.0890909090909091 0.1864406779661017
2 0.6645454545454546 0.437046004842615 0.09272727272727273 0.1864406779661017
2 0.7554545454545455 0.4346246973365618 0.0890909090909091 0.19128329297820823
2 0.8427272727272728 0.4394673123486683 0.08545454545454545 0.1719128329297821
2 0.8790909090909091 0.6368038740920097 0.11818181818181818 0.3583535108958838
2 0.7809090909090909 0.6428571428571429 0.1 0.35108958837772397
2 0.6827272727272727 0.648910411622276 0.0890909090909091 0.3438256658595642
2 0.6 0.652542372881356 0.12 0.3898305084745763
2 0.4890909090909091 0.648910411622276 0.09818181818181818 0.38740920096852305
2 0.10636363636363637 0.6501210653753027 0.13272727272727272 0.37046004842615016
2 0.21363636363636362 0.6585956416464891 0.10727272727272727 0.37772397094430993
2 0.3090909090909091 0.6561743341404359 0.10545454545454545 0.3728813559322034
2 0.4009090909090909 0.6573849878934624 0.08181818181818182 0.37046004842615016
