0 0.043333333333333335 0.3521303258145363 0.08666666666666667 0.3383458646616541
0 0.12916666666666668 0.3659147869674185 0.095 0.3558897243107769
0 0.2025 0.3609022556390977 0.095 0.3558897243107769
0 0.6058333333333333 0.6052631578947368 0.14500000000000002 0.5338345864661653
0 0.30583333333333335 0.3233082706766917 0.04833333333333334 0.18045112781954886
0 0.3741666666666667 0.3283208020050125 0.04833333333333334 0.18045112781954886
2 0.5725 0.3333333333333333 0.08166666666666667 0.09523809523809523
2 0.7233333333333334 0.39348370927318294 0.08 0.18045112781954886
2 0.795 0.37092731829573933 0.060000000000000005 0.22055137844611528
2 0.5358333333333334 0.2744360902255639 0.021666666666666667 0.047619047619047616
2 0.49583333333333335 0.2744360902255639 0.021666666666666667 0.047619047619047616
2 0.4366666666666667 0.2681704260651629 0.02666666666666667 0.05012531328320802
2 0.4166666666666667 0.2631578947368421 0.02 0.03508771929824561
2 0.6575000000000001 0.28696741854636587 0.021666666666666667 0.03258145363408521
2 0.7266666666666667 0.27694235588972427 0.02666666666666667 0.042606516290726815
4 0.6975 0.3308270676691729 0.6016666666666667 0.2506265664160401
