0 0.05110220440881763 0.6601398601398601 0.06212424849699398 0.2125874125874126
0 0.11072144288577153 0.6601398601398601 0.055110220440881756 0.1874125874125874
0 0.17084168336673344 0.6643356643356644 0.05110220440881763 0.17902097902097902
0 0.251503006012024 0.6629370629370629 0.04809619238476953 0.16783216783216784
0 0.41533066132264523 0.6496503496503496 0.049098196392785565 0.17202797202797201
0 0.44388777555110215 0.6426573426573426 0.06012024048096192 0.2083916083916084
0 0.45841683366733466 0.6496503496503496 0.06713426853707415 0.22797202797202798
0 0.47995991983967934 0.6468531468531469 0.07014028056112225 0.24195804195804196
0 0.4849699398797595 0.66993006993007 0.06412825651302605 0.21818181818181817
0 0.5035070140280561 0.6594405594405595 0.07314629258517033 0.25034965034965034
0 0.5210420841683366 0.6412587412587413 0.08617234468937875 0.29790209790209793
0 0.5621242484969939 0.6468531468531469 0.11022044088176351 0.37902097902097903
0 0.6072144288577154 0.6552447552447552 0.1282565130260521 0.4405594405594406
0 0.6733466933867734 0.6489510489510489 0.1503006012024048 0.5146853146853146
0 0.7715430861723446 0.6503496503496503 0.1843687374749499 0.6293706293706294
0 0.877254509018036 0.5916083916083916 0.2314629258517034 0.7888111888111888
0 0.9734468937875751 0.6321678321678321 0.05110220440881763 0.1874125874125874
0 0.5430861723446894 0.644055944055944 0.09619238476953906 0.33146853146853145
