0 0.7210937500000001 0.8406250000000001 0.0203125 0.10625000000000001
0 0.76171875 0.775 0.0234375 0.1125
0 0.696875 0.7015625000000001 0.018750000000000003 0.09062500000000001
0 0.665625 0.7375 0.018750000000000003 0.1
0 0.6265625 0.7625000000000001 0.015625 0.08125
0 0.59296875 0.790625 0.0171875 0.08750000000000001
0 0.5515625000000001 0.8187500000000001 0.018750000000000003 0.09375
0 0.50625 0.8296875 0.015625 0.084375
0 0.47734375 0.84375 0.0203125 0.1
0 0.4390625 0.8625 0.015625 0.08125
0 0.39921875 0.8828125 0.0171875 0.084375
0 0.35781250000000003 0.8875000000000001 0.015625 0.08750000000000001
0 0.30703125000000003 0.8812500000000001 0.0203125 0.1
0 0.26953125 0.8859375 0.0203125 0.10312500000000001
0 0.23828125 0.8562500000000001 0.0140625 0.07500000000000001
0 0.225 0.815625 0.018750000000000003 0.09375
0 0.2421875 0.7828125 0.018750000000000003 0.09062500000000001
0 0.25859375 0.7390625000000001 0.0171875 0.084375
0 0.284375 0.7109375 0.018750000000000003 0.09062500000000001
0 0.30781250000000004 0.6843750000000001 0.018750000000000003 0.1
0 0.3296875 0.6578125 0.015625 0.078125
0 0.34921875 0.6390625000000001 0.0140625 0.07187500000000001
0 0.3671875 0.6109375 0.018750000000000003 0.09062500000000001
0 0.3875 0.5953125 0.018750000000000003 0.09062500000000001
0 0.40390625 0.5703125 0.0203125 0.096875
0 0.4140625 0.546875 0.018750000000000003 0.1
0 0.42265625 0.5296875 0.0171875 0.084375
0 0.44140625 0.525 0.0171875 0.08750000000000001
0 0.45078125 0.515625 0.0140625 0.07500000000000001
0 0.46406250000000004 0.5078125 0.0125 0.07187500000000001
0 0.4734375 0.48750000000000004 0.015625 0.08750000000000001
0 0.49531250000000004 0.48281250000000003 0.015625 0.084375
0 0.51171875 0.47500000000000003 0.0171875 0.08750000000000001
0 0.53671875 0.4703125 0.0171875 0.084375
0 0.5625 0.46406250000000004 0.018750000000000003 0.09062500000000001
0 0.5890625 0.44843750000000004 0.015625 0.078125
0 0.6203125 0.4453125 0.018750000000000003 0.09062500000000001
0 0.64453125 0.4546875 0.0140625 0.078125
0 0.6640625 0.465625 0.015625 0.08750000000000001
0 0.67890625 0.4734375 0.0140625 0.078125
0 0.6882812500000001 0.48281250000000003 0.0140625 0.07187500000000001
0 0.7039062500000001 0.515625 0.0171875 0.08125
0 0.71875 0.53125 0.015625 0.08750000000000001
0 0.7210937500000001 0.6671875 0.0171875 0.09062500000000001
0 0.74375 0.6296875000000001 0.018750000000000003 0.09062500000000001
4 0.734375 0.5609375 0.046875 0.109375
