0 0.07396449704142012 0.48115577889447236 0.05325443786982249 0.16834170854271358
0 0.14497041420118345 0.535175879396985 0.09270216962524655 0.2914572864321608
0 0.18343195266272191 0.5992462311557789 0.1301775147928994 0.40452261306532666
0 0.25641025641025644 0.5615577889447236 0.1222879684418146 0.37939698492462315
0 0.3086785009861933 0.5125628140703518 0.09270216962524655 0.2914572864321608
0 0.34812623274161736 0.5741206030150754 0.116370808678501 0.3693467336683417
0 0.4388560157790927 0.5753768844221105 0.116370808678501 0.36683417085427134
0 0.5 0.5804020100502513 0.14792899408284024 0.457286432160804
0 0.557199211045365 0.5603015075376885 0.13609467455621302 0.4271356783919598
0 0.6785009861932939 0.5942211055276382 0.16962524654832348 0.5301507537688442
0 0.7702169625246549 0.5615577889447236 0.13214990138067062 0.41959798994974873
0 0.8826429980276135 0.5942211055276382 0.15976331360946747 0.5050251256281407
0 0.9575936883629191 0.5163316582914573 0.08086785009861934 0.2989949748743719
2 0.02366863905325444 0.40954773869346733 0.03155818540433925 0.04020100502512563
2 0.08875739644970415 0.3919597989949749 0.02366863905325444 0.04020100502512563
2 0.10355029585798817 0.3907035175879397 0.025641025641025644 0.04271356783919598
2 0.13214990138067062 0.3869346733668342 0.027613412228796846 0.05025125628140704
2 0.22090729783037477 0.3869346733668342 0.03550295857988166 0.04522613065326633
2 0.2998027613412229 0.3982412060301508 0.02366863905325444 0.06281407035175879
2 0.3599605522682446 0.39321608040201006 0.02958579881656805 0.05778894472361809
2 0.40532544378698226 0.4158291457286432 0.03353057199211046 0.04773869346733668
2 0.4211045364891519 0.3919597989949749 0.025641025641025644 0.04522613065326633
2 0.4743589743589744 0.3844221105527638 0.03353057199211046 0.05025125628140704
2 0.5414201183431953 0.3869346733668342 0.03353057199211046 0.04020100502512563
2 0.6173570019723866 0.40452261306532666 0.03944773175542406 0.06532663316582915
2 0.6449704142011835 0.37939698492462315 0.03944773175542406 0.07537688442211056
2 0.71301775147929 0.3907035175879397 0.03353057199211046 0.06281407035175879
2 0.8510848126232742 0.4082914572864322 0.02958579881656805 0.05778894472361809
2 0.9319526627218936 0.40954773869346733 0.02958579881656805 0.06030150753768844
2 0.8244575936883629 0.4020100502512563 0.03155818540433925 0.04522613065326633
