0 0.9566666666666668 0.6925 0.02 0.055
0 0.9075000000000001 0.6683333333333333 0.035 0.08666666666666667
0 0.8575 0.6575000000000001 0.03833333333333334 0.095
0 0.8825000000000001 0.5925 0.025 0.06166666666666667
0 0.9500000000000001 0.6125 0.02666666666666667 0.06833333333333334
0 0.6566666666666667 0.5675 0.02 0.04833333333333334
0 0.6825 0.5675 0.015000000000000001 0.04166666666666667
2 0.06583333333333334 0.7566666666666667 0.07166666666666667 0.09000000000000001
2 0.1275 0.75 0.055 0.09333333333333334
2 0.19 0.7616666666666667 0.06333333333333334 0.11
2 0.2833333333333333 0.7483333333333334 0.05666666666666667 0.10333333333333335
2 0.405 0.7191666666666667 0.05333333333333334 0.10500000000000001
2 0.43750000000000006 0.6708333333333334 0.025 0.035
2 0.4691666666666667 0.7225 0.03833333333333334 0.09833333333333334
2 0.6366666666666667 0.6691666666666667 0.04 0.058333333333333334
2 0.6741666666666667 0.6633333333333333 0.03166666666666667 0.043333333333333335
4 0.5641666666666667 0.5483333333333333 0.8183333333333334 0.12333333333333334
