0 0.361328125 0.5052083333333333 0.23828125 0.7708333333333333
0 0.6796875 0.36979166666666663 0.1484375 0.5
0 0.525390625 0.39322916666666663 0.16796875 0.546875
0 0.9140625 0.2942708333333333 0.1640625 0.546875
0 0.626953125 0.33854166666666663 0.15234375 0.5104166666666666
0 0.2109375 0.328125 0.1484375 0.47916666666666663
0 0.1015625 0.3098958333333333 0.1484375 0.484375
0 0.056640625 0.34375 0.11328125 0.59375
2 0.78125 0.30729166666666663 0.1015625 0.19791666666666666
2 0.767578125 0.234375 0.12890625 0.22916666666666666
4 0.41015625 0.15625 0.3671875 0.14583333333333331
