0 0.299 0.713855421686747 0.094 0.3433734939759036
0 0.203 0.677710843373494 0.074 0.28313253012048195
0 0.147 0.677710843373494 0.074 0.27710843373493976
0 0.126 0.6460843373493976 0.068 0.2560240963855422
0 0.075 0.625 0.066 0.24397590361445784
0 0.058 0.6144578313253012 0.056 0.21686746987951808
0 0.022 0.5843373493975904 0.04 0.1566265060240964
0 0.418 0.6385542168674699 0.076 0.28313253012048195
0 0.465 0.6475903614457832 0.066 0.2530120481927711
0 0.537 0.6506024096385542 0.07 0.25903614457831325
0 0.5700000000000001 0.6265060240963856 0.076 0.27710843373493976
0 0.662 0.6159638554216867 0.064 0.24397590361445784
0 0.719 0.7093373493975904 0.074 0.2801204819277109
0 0.808 0.6475903614457832 0.08 0.29518072289156627
0 0.839 0.6400602409638555 0.07 0.2560240963855422
0 0.865 0.6144578313253012 0.07 0.25903614457831325
0 0.893 0.5993975903614458 0.066 0.24698795180722893
0 0.962 0.572289156626506 0.036000000000000004 0.13253012048192772
0 0.923 0.5948795180722892 0.054 0.20783132530120482
0 0.977 0.552710843373494 0.038 0.14156626506024098
2 0.301 0.5542168674698795 0.07 0.15060240963855423
2 0.497 0.5451807228915663 0.054 0.1566265060240964
3 0.164 0.8689759036144579 0.272 0.05120481927710844
3 0.094 0.8328313253012049 0.18 0.02710843373493976
3 0.067 0.7801204819277109 0.13 0.030120481927710843
3 0.06 0.7635542168674699 0.116 0.021084337349397592
3 0.028 0.7213855421686748 0.052000000000000005 0.021084337349397592
3 0.623 0.838855421686747 0.19 0.0391566265060241
3 0.598 0.7274096385542169 0.128 0.021084337349397592
3 0.718 0.7936746987951807 0.176 0.02710843373493976
3 0.742 0.7665662650602411 0.14 0.02710843373493976
3 0.764 0.733433734939759 0.108 0.03313253012048193
4 0.776 0.5451807228915663 0.184 0.11445783132530121
4 0.392 0.7575301204819278 0.308 0.09337349397590362
