0 0.14250000000000002 0.5427350427350428 0.10500000000000001 0.44729344729344733
0 0.47500000000000003 0.5783475783475783 0.17666666666666667 0.7350427350427351
0 0.7975000000000001 0.5883190883190883 0.11166666666666668 0.4643874643874644
0 0.8775000000000001 0.5712250712250713 0.095 0.396011396011396
0 0.9516666666666668 0.5854700854700855 0.06666666666666667 0.2763532763532764
0 0.22166666666666668 0.5626780626780628 0.05 0.2136752136752137
0 0.3066666666666667 0.5612535612535613 0.03333333333333333 0.14245014245014245
0 0.36750000000000005 0.5712250712250713 0.045000000000000005 0.1851851851851852
0 0.6316666666666667 0.5698005698005698 0.05333333333333334 0.22222222222222224
0 0.7158333333333334 0.5740740740740741 0.045000000000000005 0.1965811965811966
0 0.5783333333333334 0.5712250712250713 0.04 0.16809116809116809
0 0.5425 0.5512820512820513 0.06833333333333334 0.2934472934472935
0 0.035833333333333335 0.5484330484330484 0.035 0.150997150997151
3 0.2891666666666667 0.858974358974359 0.3616666666666667 0.24786324786324787
3 0.24166666666666667 0.9145299145299146 0.48333333333333334 0.13675213675213677
3 0.0625 0.7136752136752137 0.125 0.08262108262108263
3 0.5216666666666667 0.7663817663817665 0.56 0.10826210826210826
3 0.5666666666666667 0.7521367521367521 0.47000000000000003 0.14245014245014245
4 0.6783333333333333 0.5555555555555556 0.16 0.09686609686609687
4 0.5175000000000001 0.688034188034188 0.9483333333333334 0.2250712250712251
