0 0.2937352245862884 0.6677577741407529 0.15011820330969267 0.5106382978723405
0 0.7316784869976359 0.6202945990180033 0.1347517730496454 0.4549918166939444
0 0.20685579196217493 0.5621931260229133 0.06382978723404255 0.2144026186579378
0 0.8995271867612293 0.5646481178396072 0.09456264775413711 0.3207855973813421
0 0.8410165484633569 0.5507364975450082 0.08865248226950355 0.2995090016366612
0 0.9355791962174941 0.546644844517185 0.06501182033096926 0.2193126022913257
0 0.1867612293144208 0.5490998363338789 0.061465721040189124 0.20785597381342064
2 0.44739952718676124 0.7446808510638299 0.12174940898345153 0.3207855973813421
2 0.5449172576832151 0.7315875613747954 0.07328605200945626 0.29787234042553196
2 0.6371158392434988 0.7520458265139116 0.08983451536643025 0.33878887070376434
2 0.7304964539007092 0.753682487725041 0.12529550827423167 0.32896890343698854
2 0.4462174940898345 0.5229132569558101 0.06264775413711583 0.21767594108019642
2 0.5088652482269503 0.5212765957446809 0.0768321513002364 0.220949263502455
2 0.5709219858156028 0.48690671031096566 0.09692671394799054 0.21767594108019642
2 0.650709219858156 0.5286415711947627 0.08865248226950355 0.23895253682487727
2 0.324468085106383 0.530278232405892 0.05555555555555555 0.23895253682487727
2 0.3800236406619385 0.4885433715220949 0.02718676122931442 0.09328968903436989
2 0.3534278959810875 0.5 0.02364066193853428 0.11620294599018004
2 0.24408983451536642 0.49427168576104746 0.04373522458628842 0.09492635024549918
