0 0.13625 0.5466417910447761 0.23500000000000001 0.8582089552238806
0 0.051875000000000004 0.3414179104477612 0.04625 0.16791044776119401
0 0.045 0.3796641791044776 0.025 0.0914179104477612
0 0.23375 0.3460820895522388 0.0425 0.1585820895522388
0 0.301875 0.3880597014925373 0.09875 0.3582089552238806
0 0.281875 0.38526119402985076 0.08375 0.30783582089552236
0 0.350625 0.37033582089552236 0.09625 0.35634328358208955
0 0.38875 0.3666044776119403 0.07 0.2555970149253731
0 0.42625 0.34048507462686567 0.04 0.15111940298507462
0 0.5525 0.5438432835820896 0.2325 0.8526119402985074
0 0.650625 0.3712686567164179 0.07375 0.26865671641791045
0 0.7000000000000001 0.39365671641791045 0.0925 0.33582089552238803
0 0.74125 0.4421641791044776 0.115 0.4253731343283582
0 0.81125 0.5345149253731343 0.215 0.789179104477612
0 0.9175 0.5027985074626865 0.1625 0.5914179104477612
2 0.09375 0.36100746268656714 0.0375 0.3003731343283582
2 0.483125 0.2546641791044776 0.02375 0.020522388059701493
2 0.6062500000000001 0.3069029850746269 0.035 0.166044776119403
2 0.881875 0.2789179104477612 0.051250000000000004 0.15485074626865672
