0 0.2795100222717149 0.505 0.060133630289532294 0.11
0 0.33630289532293983 0.5091666666666667 0.05790645879732739 0.10500000000000001
0 0.38752783964365256 0.5016666666666667 0.06236080178173719 0.11333333333333334
0 0.433184855233853 0.5133333333333334 0.04677060133630289 0.09000000000000001
0 0.4888641425389755 0.5158333333333334 0.04677060133630289 0.09166666666666667
0 0.6369710467706013 0.6041666666666667 0.12917594654788417 0.23833333333333334
0 0.7082405345211581 0.5616666666666666 0.08463251670378619 0.15666666666666668
0 0.6046770601336303 0.5258333333333334 0.051224944320712694 0.09833333333333334
2 0.37193763919821826 0.6108333333333333 0.13363028953229397 0.125
2 0.8363028953229398 0.5900000000000001 0.08685968819599109 0.09333333333333334
2 0.9287305122494431 0.6075 0.08017817371937638 0.11166666666666668
