0 0.24375 0.6563088512241054 0.17500000000000002 0.6497175141242938
0 0.40375 0.635593220338983 0.145 0.5367231638418078
0 0.66 0.5781544256120527 0.1 0.3728813559322034
0 0.72375 0.5612052730696798 0.10250000000000001 0.3766478342749529
0 0.8075 0.5499058380414312 0.0925 0.3427495291902071
0 0.8775000000000001 0.544256120527307 0.0825 0.3013182674199623
0 0.894375 0.5065913370998116 0.08375 0.3088512241054614
0 0.93625 0.5141242937853107 0.0725 0.2711864406779661
0 0.0325 0.47457627118644063 0.025 0.0903954802259887
0 0.0725 0.487758945386064 0.0375 0.13935969868173256
0 0.09 0.4726930320150659 0.025 0.0903954802259887
0 0.1225 0.46986817325800373 0.0225 0.0847457627118644
0 0.10625 0.4548022598870056 0.01 0.03954802259887005
2 0.01875 0.4623352165725047 0.01 0.05084745762711864
2 0.151875 0.4472693032015066 0.01375 0.04331450094161959
2 0.1925 0.4293785310734463 0.01 0.018832391713747645
2 0.060625 0.4312617702448211 0.01125 0.022598870056497175
2 0.04625 0.455743879472693 0.01 0.03766478342749529
2 0.041875 0.6591337099811676 0.08125 0.6365348399246704
2 0.51875 0.6224105461393596 0.1075 0.45386064030131823
