0 0.6 0.55 0.12 0.44
0 0.6866666666666666 0.51 0.10222222222222223 0.3866666666666667
0 0.7944444444444444 0.5983333333333334 0.18 0.6633333333333333
0 0.9111111111111111 0.5983333333333334 0.11555555555555555 0.43000000000000005
0 0.9588888888888889 0.6266666666666667 0.07777777777777778 0.49333333333333335
0 0.9477777777777778 0.5650000000000001 0.1 0.4766666666666667
0 0.042222222222222223 0.43000000000000005 0.04888888888888889 0.18666666666666668
0 0.08555555555555555 0.44333333333333336 0.04666666666666667 0.17333333333333334
0 0.06333333333333334 0.42500000000000004 0.04666666666666667 0.18333333333333335
0 0.1111111111111111 0.4366666666666667 0.044444444444444446 0.17333333333333334
0 0.13666666666666666 0.45 0.05555555555555555 0.2
0 0.2011111111111111 0.4416666666666667 0.051111111111111114 0.19666666666666668
0 0.15555555555555556 0.4366666666666667 0.04888888888888889 0.18000000000000002
0 0.1688888888888889 0.43833333333333335 0.044444444444444446 0.16333333333333333
0 0.22666666666666666 0.445 0.04888888888888889 0.19
0 0.25333333333333335 0.4516666666666667 0.044444444444444446 0.17
0 0.27666666666666667 0.41500000000000004 0.03333333333333333 0.13
0 0.52 0.4666666666666667 0.06222222222222222 0.22666666666666668
0 0.5633333333333334 0.5116666666666667 0.06444444444444444 0.24333333333333335
0 0.5455555555555556 0.4633333333333334 0.06 0.22
0 0.3422222222222222 0.6733333333333333 0.14222222222222222 0.5266666666666667
0 0.45555555555555555 0.6616666666666667 0.14222222222222222 0.5233333333333333
2 0.015555555555555555 0.4683333333333334 0.03111111111111111 0.36333333333333334
2 0.43666666666666665 0.39333333333333337 0.03333333333333333 0.11333333333333334
2 0.37777777777777777 0.3983333333333334 0.04 0.10333333333333335
2 0.41444444444444445 0.38333333333333336 0.02 0.04
2 0.3411111111111111 0.42500000000000004 0.042222222222222223 0.09666666666666668
2 0.07444444444444444 0.3433333333333334 0.015555555555555555 0.04
2 0.11777777777777777 0.34833333333333333 0.017777777777777778 0.05
2 0.21555555555555556 0.3416666666666667 0.017777777777777778 0.030000000000000002
2 0.25555555555555554 0.3516666666666667 0.022222222222222223 0.03666666666666667
2 0.2966666666666667 0.35500000000000004 0.024444444444444446 0.030000000000000002
2 0.28888888888888886 0.38 0.022222222222222223 0.04
2 0.32 0.3616666666666667 0.017777777777777778 0.03666666666666667
2 0.3388888888888889 0.3616666666666667 0.015555555555555555 0.030000000000000002
2 0.49333333333333335 0.40166666666666667 0.017777777777777778 0.05
2 0.4855555555555556 0.36500000000000005 0.015555555555555555 0.03666666666666667
2 0.5077777777777778 0.37333333333333335 0.02 0.04
2 0.5766666666666667 0.3616666666666667 0.015555555555555555 0.023333333333333334
2 0.5733333333333334 0.3916666666666667 0.026666666666666665 0.03666666666666667
2 0.7322222222222222 0.3616666666666667 0.024444444444444446 0.06333333333333334
2 0.7144444444444444 0.3216666666666667 0.024444444444444446 0.07
2 0.6355555555555555 0.3816666666666667 0.03111111111111111 0.07666666666666667
2 0.6566666666666666 0.36333333333333334 0.03333333333333333 0.06666666666666667
2 0.8466666666666667 0.36833333333333335 0.017777777777777778 0.07
2 0.8577777777777778 0.36333333333333334 0.026666666666666665 0.08
2 0.89 0.37333333333333335 0.02 0.06666666666666667
2 0.9088888888888889 0.36333333333333334 0.03111111111111111 0.04
2 0.9888888888888889 0.35000000000000003 0.017777777777777778 0.04
