0 0.09975816203143893 0.6515426497277677 0.1003627569528416 0.3702359346642468
0 0.2097944377267231 0.7023593466424682 0.124546553808948 0.4609800362976406
0 0.5840386940749698 0.6079854809437386 0.07980652962515114 0.2903811252268602
0 0.6487303506650544 0.6597096188747731 0.09310761789600967 0.3466424682395644
0 0.7327690447400241 0.6415607985480943 0.11124546553808948 0.4083484573502722
0 0.8561064087061668 0.52994555353902 0.06287787182587666 0.22867513611615245
0 0.07073760580411124 0.5254083484573503 0.05199516324062878 0.19419237749546278
0 0.022370012091898428 0.5136116152450091 0.020556227327690448 0.07622504537205081
0 0.2460701330108827 0.5245009074410163 0.049576783555018135 0.18148820326678766
0 0.2672309552599758 0.5172413793103449 0.05078597339782345 0.1851179673321234
0 0.3035066505441354 0.529038112522686 0.04353083434099153 0.161524500907441
0 0.32708585247883915 0.5254083484573503 0.04715840386940749 0.17241379310344826
0 0.3464328899637243 0.5217785843920145 0.04232164449818621 0.1542649727767695
0 0.3627569528415961 0.5217785843920145 0.04353083434099153 0.16515426497277677
0 0.3839177750906892 0.5245009074410163 0.04232164449818621 0.15970961887477314
0 0.4147521160822249 0.5226860254083484 0.04353083434099153 0.15970961887477314
0 0.5018137847642079 0.5245009074410163 0.041112454655380895 0.15607985480943737
0 0.4298669891172914 0.5235934664246824 0.04232164449818621 0.15789473684210525
0 0.464328899637243 0.5217785843920145 0.045949214026602174 0.16878402903811252
0 0.4812575574365175 0.5163339382940109 0.045949214026602174 0.17241379310344826
0 0.5296251511487303 0.5172413793103449 0.041112454655380895 0.14882032667876588
0 0.930471584038694 0.5263157894736842 0.04715840386940749 0.17422867513611615
0 0.1837968561064087 0.5054446460980037 0.03627569528415961 0.1397459165154265
2 0.7781136638452236 0.46370235934664245 0.03264812575574365 0.12159709618874773
2 0.8168077388149939 0.4591651542649728 0.03264812575574365 0.10163339382940109
2 0.8192261185006046 0.6678765880217785 0.09794437726723094 0.35208711433756806
2 0.6426844014510278 0.4437386569872958 0.02781136638452237 0.06352087114337568
2 0.6735187424425635 0.455535390199637 0.03143893591293833 0.0617059891107078
2 0.5574365175332527 0.5480943738656987 0.03385731559854897 0.1088929219600726
