0 0.8083333333333333 0.561875 0.13166666666666668 0.48375
0 0.64625 0.503125 0.16083333333333336 0.59125
0 0.7000000000000001 0.4325 0.15833333333333335 0.5825
0 0.3745833333333334 0.536875 0.1391666666666667 0.51125
0 0.27416666666666667 0.49062500000000003 0.12333333333333334 0.45375
0 0.14375000000000002 0.508125 0.12083333333333333 0.44625000000000004
0 0.4129166666666667 0.47250000000000003 0.1375 0.5025000000000001
0 0.9158333333333334 0.15625 0.05333333333333334 0.195
0 0.5866666666666667 0.471875 0.15666666666666668 0.57375
2 0.4525 0.698125 0.325 0.37875000000000003
2 0.17500000000000002 0.7368750000000001 0.2366666666666667 0.30625
2 0.09416666666666668 0.55 0.15333333333333335 0.3625
2 0.11916666666666667 0.2475 0.08 0.145
2 0.0325 0.2175 0.03166666666666667 0.1075
2 0.08916666666666667 0.22125 0.03166666666666667 0.105
2 0.13583333333333333 0.236875 0.01 0.03375
2 0.15208333333333335 0.241875 0.020833333333333336 0.04875
2 0.17125 0.250625 0.01916666666666667 0.04625
2 0.19333333333333336 0.25 0.023333333333333334 0.0475
2 0.325 0.24875 0.02666666666666667 0.04
2 0.8554166666666667 0.08687500000000001 0.0325 0.09875
2 0.8741666666666668 0.080625 0.02 0.03625
2 0.22666666666666668 0.263125 0.09000000000000001 0.21125
2 0.48750000000000004 0.37875000000000003 0.10666666666666667 0.2025
2 0.5008333333333334 0.569375 0.10333333333333335 0.32625
2 0.56125 0.24375 0.052500000000000005 0.13
2 0.4425 0.23375 0.03666666666666667 0.0675
