0 0.0775 0.4007537688442211 0.065 0.23869346733668342
0 0.05333333333333334 0.39321608040201006 0.05666666666666667 0.2085427135678392
0 0.021666666666666667 0.39949748743718594 0.043333333333333335 0.24120603015075376
0 0.19583333333333336 0.3869346733668342 0.055 0.21105527638190955
0 0.1391666666666667 0.3391959798994975 0.035 0.135678391959799
0 0.31333333333333335 0.3479899497487437 0.03666666666666667 0.13819095477386936
0 0.265 0.3417085427135678 0.03333333333333333 0.1306532663316583
0 0.21250000000000002 0.36809045226130654 0.04833333333333334 0.17839195979899497
0 0.23583333333333334 0.33668341708542715 0.035 0.135678391959799
0 0.4683333333333334 0.4120603015075377 0.06333333333333334 0.24120603015075376
0 0.5508333333333334 0.40452261306532666 0.055 0.20100502512562815
0 0.5108333333333334 0.3969849246231156 0.04833333333333334 0.18592964824120603
0 0.6133333333333334 0.3630653266331658 0.04666666666666667 0.17336683417085427
0 0.685 0.385678391959799 0.05 0.1884422110552764
0 0.7241666666666667 0.39949748743718594 0.045000000000000005 0.1708542713567839
0 0.78 0.3806532663316583 0.05 0.1884422110552764
0 0.8308333333333334 0.36055276381909546 0.03833333333333334 0.14321608040201006
0 0.9650000000000001 0.3919597989949749 0.05 0.18592964824120603
2 0.4866666666666667 0.6658291457286433 0.10333333333333335 0.3969849246231156
