0 0.05113636363636364 0.44783715012722647 0.10227272727272728 0.4732824427480916
0 0.8977272727272728 0.25318066157760816 0.012987012987012988 0.04834605597964377
0 0.9594155844155845 0.2506361323155216 0.012987012987012988 0.0534351145038168
0 0.7272727272727273 0.2938931297709924 0.045454545454545456 0.17557251908396948
0 0.5771103896103896 0.2938931297709924 0.04383116883116883 0.17557251908396948
0 0.44318181818181823 0.27099236641221375 0.029220779220779224 0.10941475826972011
0 0.46672077922077926 0.27099236641221375 0.024350649350649352 0.09923664122137406
0 0.42694805194805197 0.27989821882951654 0.025974025974025976 0.10178117048346057
0 0.28814935064935066 0.5699745547073791 0.1931818181818182 0.7379134860050891
2 0.0551948051948052 0.24936386768447838 0.029220779220779224 0.07633587786259542
2 0.2224025974025974 0.5572519083969466 0.32142857142857145 0.8498727735368957
2 0.3887987012987013 0.2748091603053435 0.09577922077922078 0.30025445292620867
2 0.5202922077922079 0.2964376590330789 0.12175324675324677 0.2162849872773537
2 0.6331168831168832 0.33333333333333337 0.07142857142857144 0.19338422391857507
2 0.6331168831168832 0.25699745547073793 0.0551948051948052 0.11195928753180662
2 0.676948051948052 0.32697201017811706 0.0551948051948052 0.08396946564885496
2 0.8076298701298702 0.41094147582697205 0.2840909090909091 0.4300254452926209
2 0.9642857142857143 0.3575063613231552 0.061688311688311695 0.3435114503816794
