0 0.87841796875 0.6742313323572474 0.1005859375 0.3733528550512445
0 0.7236328125 0.6054172767203514 0.080078125 0.294289897510981
0 0.64599609375 0.5746705710102489 0.0810546875 0.2972181551976574
0 0.46875 0.5937042459736457 0.095703125 0.34992679355783307
0 0.54248046875 0.6002928257686677 0.0927734375 0.3396778916544656
0 0.35546875 0.821376281112738 0.095703125 0.3513909224011713
0 0.388671875 0.6017569546120058 0.10546875 0.38653001464128844
0 0.42578125 0.5805270863836017 0.095703125 0.35285505124450955
0 0.201171875 0.5629575402635432 0.08203125 0.30014641288433386
0 0.6904296875 0.4641288433382138 0.06640625 0.2430453879941435
0 0.76513671875 0.4868228404099561 0.0712890625 0.2650073206442167
0 0.84228515625 0.5790629575402636 0.0791015625 0.2913616398243045
0 0.919921875 0.6142020497803807 0.07421875 0.27379209370424595
0 0.96728515625 0.5058565153733529 0.0634765625 0.2445095168374817
0 0.2841796875 0.5556368960468522 0.06640625 0.24743777452415813
0 0.5830078125 0.554904831625183 0.07421875 0.2752562225475842
2 0.03515625 0.5636896046852123 0.056640625 0.18740849194729137
2 0.12841796875 0.5314787701317716 0.0654296875 0.15519765739385066
2 0.072265625 0.4348462664714495 0.033203125 0.09370424597364568
2 0.0224609375 0.42093704245973645 0.04296875 0.09224011713030747
2 0.08154296875 0.37481698389458273 0.0263671875 0.09077598828696926
2 0.119140625 0.38213762811127383 0.02734375 0.09663250366032211
2 0.15087890625 0.40922401171303074 0.0283203125 0.07759882869692533
2 0.2353515625 0.39751098096632503 0.03515625 0.08638360175695461
2 0.28955078125 0.3814055636896047 0.0458984375 0.13030746705710103
2 0.35009765625 0.41727672035139096 0.0478515625 0.12884333821376281
2 0.35498046875 0.5190336749633968 0.0419921875 0.11273792093704246
2 0.38671875 0.3704245973645681 0.0390625 0.09370424597364568
2 0.49560546875 0.4114202049780381 0.0380859375 0.1259150805270864
2 0.53662109375 0.40922401171303074 0.0400390625 0.09224011713030747
2 0.564453125 0.3726207906295754 0.0234375 0.0629575402635432
2 0.57373046875 0.3989751098096633 0.0302734375 0.09224011713030747
2 0.6474609375 0.3967789165446559 0.04296875 0.1054172767203514
2 0.9326171875 0.4224011713030747 0.0390625 0.10395314787701318
2 0.93017578125 0.4956076134699854 0.0400390625 0.08931185944363104
2 0.9892578125 0.44655929721815524 0.01171875 0.19326500732064422
2 0.53955078125 0.9355783308931186 0.0810546875 0.1171303074670571
2 0.49658203125 0.8945827232796486 0.2509765625 0.19912152269399708
