0 0.67 0.6781970649895178 0.16285714285714287 0.589098532494759
0 0.7342857142857143 0.6352201257861636 0.18857142857142858 0.679245283018868
0 0.8521428571428571 0.5555555555555556 0.13 0.469601677148847
0 0.555 0.6823899371069183 0.17 0.6100628930817611
0 0.23142857142857143 0.649895178197065 0.14285714285714285 0.5157232704402516
0 0.14714285714285713 0.679245283018868 0.17142857142857143 0.6121593291404612
0 0.7857142857142857 0.3752620545073376 0.04857142857142857 0.18029350104821804
2 0.08428571428571428 0.7557651991614256 0.16285714285714287 0.48008385744234805
2 0.32142857142857145 0.5870020964360587 0.10285714285714286 0.3480083857442348
2 0.4407142857142857 0.44025157232704404 0.08428571428571428 0.18029350104821804
2 0.9242857142857143 0.5366876310272537 0.12285714285714286 0.31027253668763105
2 0.8871428571428571 0.7547169811320755 0.21428571428571427 0.4444444444444445
2 0.38357142857142856 0.7337526205450734 0.22428571428571428 0.49895178197064993
2 0.06785714285714285 0.4255765199161426 0.06714285714285714 0.20545073375262055
2 0.05 0.3616352201257862 0.037142857142857144 0.04821802935010482
2 0.16857142857142857 0.3857442348008386 0.045714285714285714 0.13836477987421383
2 0.24857142857142858 0.39937106918238996 0.045714285714285714 0.11111111111111112
2 0.2785714285714286 0.35429769392033544 0.045714285714285714 0.12159329140461217
2 0.565 0.3878406708595388 0.047142857142857146 0.15094339622641512
2 0.5992857142857143 0.37106918238993714 0.047142857142857146 0.16352201257861637
2 0.6285714285714286 0.3805031446540881 0.04 0.12368972746331237
2 0.95 0.3637316561844864 0.04857142857142857 0.07337526205450734
2 0.8992857142857142 0.33438155136268344 0.03857142857142857 0.06918238993710692
2 0.98 0.33018867924528306 0.017142857142857144 0.052410901467505246
2 0.9535714285714286 0.319706498951782 0.027142857142857142 0.052410901467505246
2 0.9278571428571428 0.30817610062893086 0.024285714285714285 0.06289308176100629
2 0.9485714285714286 0.279874213836478 0.025714285714285714 0.052410901467505246
2 0.9635714285714285 0.2830188679245283 0.02142857142857143 0.05450733752620546
2 0.8214285714285714 0.37735849056603776 0.04857142857142857 0.13836477987421383
4 0.44857142857142857 0.30503144654088055 0.8885714285714286 0.13626834381551364
