0 0.3316326530612245 0.6892523364485981 0.1653061224489796 0.618380062305296
0 0.08469387755102041 0.7017133956386292 0.09591836734693879 0.3598130841121495
0 0.18622448979591838 0.7071651090342679 0.08061224489795919 0.3052959501557632
0 0.5224489795918368 0.67601246105919 0.14489795918367349 0.5451713395638629
0 0.7102040816326531 0.6939252336448598 0.09183673469387756 0.3442367601246106
0 0.7852040816326531 0.6767912772585669 0.07040816326530613 0.2632398753894081
0 0.8816326530612246 0.6721183800623053 0.09591836734693879 0.35669781931464173
0 0.9704081632653062 0.6822429906542056 0.05714285714285715 0.2897196261682243
2 0.9275510204081634 0.7032710280373832 0.05714285714285715 0.19470404984423675
2 0.4362244897959184 0.704828660436137 0.04183673469387755 0.2632398753894081
2 0.38673469387755105 0.6285046728971962 0.04081632653061225 0.1791277258566978
