0 0.8834296724470134 0.6311053984575835 0.19460500963391136 0.6401028277634961
0 0.7369942196531791 0.6182519280205655 0.17148362235067438 0.5578406169665809
0 0.5867052023121387 0.5925449871465295 0.15992292870905586 0.5218508997429305
0 0.47880539499036606 0.5655526992287917 0.14836223506743737 0.48843187660668375
0 0.3564547206165703 0.5848329048843187 0.13102119460500963 0.4241645244215938
0 0.27167630057803466 0.5694087403598971 0.11946050096339114 0.3881748071979434
0 0.2023121387283237 0.5488431876606683 0.11175337186897881 0.3676092544987146
0 0.1531791907514451 0.5359897172236503 0.09826589595375722 0.3213367609254498
0 0.11175337186897881 0.5167095115681234 0.09248554913294797 0.3033419023136247
0 0.4354527938342967 0.4395886889460154 0.057803468208092484 0.19023136246786632
0 0.39980732177263967 0.43830334190231357 0.04816955684007707 0.16195372750642673
0 0.4393063583815029 0.2095115681233933 0.046242774566473986 0.15167095115681234
0 0.36127167630057805 0.18766066838046272 0.04816955684007707 0.15424164524421594
0 0.33429672447013487 0.448586118251928 0.05973025048169557 0.1928020565552699
0 0.7042389210019268 0.442159383033419 0.04816955684007707 0.16452442159383032
0 0.7909441233140655 0.422879177377892 0.036608863198458574 0.12082262210796914
0 0.8352601156069364 0.4215938303341902 0.036608863198458574 0.12339331619537275
0 0.964354527938343 0.4177377892030848 0.028901734104046242 0.10025706940874035
2 0.3786127167630058 0.38174807197943444 0.028901734104046242 0.06426735218508997
2 0.2880539499036609 0.3881748071979434 0.04431599229287091 0.07712082262210797
2 0.23121387283236994 0.38174807197943444 0.046242774566473986 0.06940874035989716
2 0.16955684007707128 0.3727506426735218 0.05394990366088632 0.07197943444730076
2 0.11849710982658959 0.36503856041131105 0.04431599229287091 0.051413881748071974
2 0.649325626204239 0.4061696658097686 0.030828516377649325 0.12339331619537275
2 0.930635838150289 0.39845758354755784 0.030828516377649325 0.06683804627249357
2 0.9778420038535646 0.8213367609254498 0.04046242774566474 0.34704370179948585
