0 0.095 0.6319875776397516 0.064 0.24223602484472048
0 0.1575 0.6467391304347826 0.065 0.2468944099378882
0 0.23800000000000002 0.6653726708074533 0.064 0.2468944099378882
0 0.502 0.5885093167701863 0.044 0.17080745341614906
0 0.421 0.6063664596273292 0.036000000000000004 0.14130434782608695
0 0.596 0.6071428571428571 0.044 0.17080745341614906
0 0.7055 0.607919254658385 0.039 0.14751552795031056
0 0.838 0.6141304347826086 0.06 0.22826086956521738
0 0.8135 0.6343167701863354 0.059000000000000004 0.22826086956521738
0 0.797 0.6645962732919254 0.052000000000000005 0.20186335403726707
2 0.267 0.6576086956521738 0.042 0.18478260869565216
2 0.354 0.640527950310559 0.07200000000000001 0.16614906832298135
2 0.3525 0.7158385093167702 0.073 0.27329192546583847
2 0.4395 0.6770186335403726 0.069 0.16459627329192544
2 0.5095000000000001 0.7624223602484471 0.093 0.32298136645962733
2 0.5605 0.703416149068323 0.055 0.18322981366459626
2 0.6175 0.6840062111801242 0.059000000000000004 0.17857142857142855
2 0.6725 0.7305900621118012 0.123 0.28416149068322977
2 0.6940000000000001 0.6055900621118012 0.07 0.10248447204968944
2 0.759 0.7003105590062111 0.088 0.2453416149068323
2 0.9015 0.5675465838509316 0.033 0.07608695652173912
2 0.91 0.5745341614906831 0.016 0.07763975155279502
2 0.9355 0.578416149068323 0.033 0.10093167701863354
2 0.9445 0.4945652173913043 0.021 0.02950310559006211
2 0.9565 0.5295031055900621 0.027 0.09006211180124223
2 0.973 0.5450310559006211 0.02 0.046583850931677016
2 0.9725 0.499223602484472 0.013000000000000001 0.04192546583850931
2 0.983 0.5046583850931676 0.012 0.037267080745341616
2 0.9925 0.53027950310559 0.013000000000000001 0.11024844720496893
