0 0.66 0.6873889875666075 0.18133333333333332 0.5896980461811723
0 0.9239999999999999 0.7158081705150977 0.14933333333333332 0.547069271758437
0 0.8626666666666667 0.6820603907637656 0.17333333333333334 0.5683836589698046
0 0.782 0.6687388987566608 0.16133333333333333 0.5239786856127886
0 0.732 0.6545293072824157 0.13599999999999998 0.44227353463587926
0 0.5093333333333333 0.6891651865008881 0.184 0.5968028419182949
0 0.4413333333333333 0.716696269982238 0.16 0.5204262877442274
0 0.418 0.6660746003552398 0.16133333333333333 0.5257548845470693
0 0.36133333333333334 0.635879218472469 0.15466666666666667 0.5008880994671403
0 0.33266666666666667 0.6269982238010657 0.12933333333333333 0.4227353463587922
0 0.282 0.5861456483126111 0.11599999999999999 0.3836589698046181
0 0.258 0.5870337477797514 0.10266666666666667 0.33570159857904086
0 0.23133333333333334 0.5683836589698046 0.09999999999999999 0.3232682060390764
0 0.13266666666666665 0.7104795737122558 0.17733333333333332 0.5754884547069272
0 0.050666666666666665 0.6953818827708703 0.10133333333333333 0.591474245115453
0 0.05933333333333333 0.6687388987566608 0.11866666666666666 0.5239786856127886
0 0.19999999999999998 0.6438721136767318 0.16533333333333333 0.5381882770870338
2 0.5553333333333333 0.4573712255772647 0.06799999999999999 0.09769094138543517
2 0.588 0.42007104795737127 0.04 0.09058614564831262
2 0.5713333333333334 0.41474245115452935 0.036 0.06216696269982238
2 0.5806666666666667 0.3623445825932505 0.052 0.08170515097690942
2 0.64 0.3623445825932505 0.064 0.09591474245115453
2 0.6893333333333334 0.40852575488454707 0.032 0.09591474245115453
2 0.7286666666666667 0.4129662522202487 0.04666666666666666 0.09058614564831262
2 0.77 0.40142095914742454 0.04933333333333333 0.08880994671403197
2 0.7953333333333333 0.4049733570159858 0.030666666666666665 0.0674955595026643
2 0.8306666666666667 0.41563055062166965 0.026666666666666665 0.06394316163410302
2 0.8653333333333333 0.3987566607460036 0.042666666666666665 0.06571936056838366
2 0.8793333333333333 0.3960923623445826 0.017333333333333333 0.06039076376554174
2 0.8946666666666666 0.40319715808170514 0.013333333333333332 0.056838365896980464
2 0.9079999999999999 0.41563055062166965 0.018666666666666665 0.06394316163410302
2 0.9566666666666667 0.4218472468916519 0.04133333333333333 0.08348134991119005
2 0.9713333333333333 0.39431616341030196 0.030666666666666665 0.0674955595026643
2 0.9513333333333333 0.36678507992895204 0.03866666666666667 0.04085257548845471
2 0.886 0.34458259325044405 0.04666666666666666 0.08170515097690942
2 0.5226666666666666 0.35879218472468916 0.050666666666666665 0.0852575488454707
2 0.4653333333333333 0.3605683836589698 0.050666666666666665 0.09946714031971582
2 0.414 0.347246891651865 0.05466666666666666 0.07992895204262877
2 0.36666666666666664 0.3596802841918295 0.050666666666666665 0.06216696269982238
2 0.4026666666666667 0.41474245115452935 0.032 0.0763765541740675
2 0.39 0.4129662522202487 0.028 0.06216696269982238
2 0.33066666666666666 0.4040852575488455 0.042666666666666665 0.055062166962699825
2 0.3113333333333333 0.35257548845470693 0.05466666666666666 0.07282415630550622
2 0.268 0.3623445825932505 0.06133333333333333 0.07460035523978686
2 0.242 0.4058614564831261 0.028 0.08348134991119005
2 0.154 0.42007104795737127 0.03866666666666667 0.07992895204262877
2 0.12066666666666666 0.40852575488454707 0.04666666666666666 0.07460035523978686
2 0.042666666666666665 0.42539964476021314 0.064 0.10479573712255773
2 0.009333333333333332 0.3907637655417407 0.018666666666666665 0.03197158081705151
2 0.088 0.41563055062166965 0.03733333333333333 0.05328596802841919
