0 0.05825617283950617 0.518261316872428 0.11651234567901234 0.38014403292181076
0 0.15914351851851852 0.5141460905349795 0.11304012345679011 0.3688271604938272
0 0.20003858024691357 0.5090020576131687 0.10841049382716049 0.35236625514403297
0 0.25675154320987653 0.4909979423868313 0.10609567901234568 0.3461934156378601
0 0.30594135802469136 0.4848251028806585 0.10030864197530864 0.32664609053497945
0 0.35127314814814814 0.48611111111111116 0.09760802469135801 0.31790123456790126
0 0.1275077160493827 0.45421810699588483 0.08603395061728394 0.2808641975308642
0 0.032214506172839504 0.4652777777777778 0.06442901234567901 0.29783950617283955
0 0.029320987654320986 0.5362654320987654 0.05864197530864197 0.3533950617283951
0 0.32426697530864196 0.31430041152263377 0.02507716049382716 0.08127572016460906
0 0.37364969135802467 0.33256172839506176 0.028935185185185182 0.09516460905349795
0 0.3055555555555555 0.25745884773662553 0.020061728395061727 0.06635802469135803
0 0.410108024691358 0.5655864197530864 0.16203703703703703 0.5282921810699589
0 0.4957561728395061 0.4729938271604939 0.08950617283950617 0.29269547325102885
0 0.566358024691358 0.4614197530864198 0.0933641975308642 0.3055555555555556
0 0.6155478395061728 0.4660493827160494 0.08912037037037036 0.29115226337448563
0 0.6691743827160493 0.47145061728395066 0.08603395061728394 0.28034979423868317
0 0.7233796296296295 0.4717078189300412 0.08873456790123456 0.28909465020576136
0 0.7880015432098765 0.48533950617283955 0.08757716049382716 0.2844650205761317
0 0.8402777777777777 0.485082304526749 0.09027777777777778 0.2932098765432099
0 0.8892746913580246 0.5002572016460906 0.08719135802469136 0.2844650205761317
0 0.9546682098765431 0.5210905349794239 0.08680555555555555 0.2818930041152264
0 0.9778163580246914 0.37139917695473257 0.02507716049382716 0.08230452674897121
2 0.006172839506172839 0.3276748971193416 0.012345679012345678 0.051440329218107
2 0.004243827160493827 0.29218106995884774 0.007716049382716049 0.02983539094650206
2 0.0055941358024691355 0.27957818930041156 0.010416666666666666 0.04989711934156379
2 0.027584876543209874 0.31352880658436216 0.017361111111111112 0.03240740740740741
2 0.033950617283950615 0.3019547325102881 0.016203703703703703 0.02674897119341564
2 0.023919753086419752 0.29192386831275724 0.013117283950617283 0.02417695473251029
2 0.07638888888888888 0.31352880658436216 0.030864197530864196 0.05092592592592593
2 0.09047067901234568 0.30838477366255146 0.015046296296296295 0.03755144032921811
2 0.07349537037037036 0.3001543209876543 0.013503086419753086 0.03652263374485597
2 0.06828703703703703 0.27649176954732513 0.023919753086419752 0.04886831275720165
2 0.09857253086419752 0.27983539094650206 0.019675925925925923 0.041152263374485604
2 0.09876543209876543 0.2687757201646091 0.019290123456790122 0.03549382716049383
2 0.11824845679012345 0.31352880658436216 0.027391975308641972 0.06738683127572018
2 0.1541280864197531 0.30915637860082307 0.025848765432098762 0.04320987654320988
2 0.1385030864197531 0.3181584362139918 0.021604938271604937 0.04372427983539095
2 0.1408179012345679 0.2770061728395062 0.02854938271604938 0.04578189300411523
2 0.1248070987654321 0.28163580246913583 0.017361111111111112 0.03034979423868313
2 0.1745756172839506 0.2762345679012346 0.03279320987654321 0.04218106995884774
2 0.18422067901234568 0.315843621399177 0.03356481481481481 0.06584362139917696
2 0.2197145061728395 0.3305041152263375 0.03819444444444444 0.07458847736625515
2 0.21334876543209874 0.29783950617283955 0.020061728395061727 0.02674897119341564
2 0.19888117283950615 0.27520576131687247 0.02507716049382716 0.03806584362139918
2 0.24344135802469136 0.29192386831275724 0.023148148148148147 0.06430041152263374
2 0.2345679012345679 0.2667181069958848 0.015432098765432098 0.02829218106995885
2 0.251929012345679 0.2860082304526749 0.014660493827160493 0.05041152263374486
2 0.27989969135802467 0.330761316872428 0.021219135802469133 0.04423868312757202
2 0.30092592592592593 0.29295267489711935 0.023919753086419752 0.05606995884773663
2 0.3506944444444444 0.30606995884773663 0.022376543209876542 0.05349794238683128
2 0.3942901234567901 0.35699588477366256 0.027777777777777776 0.05349794238683128
2 0.3597608024691358 0.2862654320987655 0.010416666666666666 0.03034979423868313
2 0.3680555555555555 0.28780864197530864 0.006944444444444444 0.01903292181069959
2 0.3753858024691358 0.2880658436213992 0.009259259259259259 0.02777777777777778
2 0.38753858024691357 0.29809670781893005 0.009645061728395061 0.03137860082304527
2 0.46161265432098764 0.39197530864197533 0.05516975308641975 0.14814814814814817
2 0.45466820987654316 0.3279320987654321 0.013503086419753086 0.05092592592592593
2 0.4751157407407407 0.3078703703703704 0.02044753086419753 0.04166666666666667
2 0.6022376543209876 0.3351337448559671 0.020833333333333332 0.06532921810699589
2 0.6527777777777778 0.3479938271604939 0.035493827160493825 0.06841563786008231
2 0.8209876543209876 0.35185185185185186 0.03780864197530864 0.09670781893004116
2 0.9475308641975309 0.371141975308642 0.030864197530864196 0.08487654320987655
2 0.8991126543209876 0.360082304526749 0.02507716049382716 0.09670781893004116
2 0.9359567901234568 0.352880658436214 0.020833333333333332 0.06481481481481483
2 0.9579475308641975 0.3415637860082305 0.016975308641975308 0.041152263374485604
