0 0.1859375 0.6171875 0.146875 0.721875
0 0.055468750000000004 0.5953125 0.11093750000000001 0.6156250000000001
0 0.11015625000000001 0.5578125 0.0921875 0.446875
0 0.2484375 0.6359375 0.125 0.609375
0 0.278125 0.56875 0.09375 0.46875
0 0.31562500000000004 0.5390625 0.084375 0.415625
0 0.38359375 0.6156250000000001 0.11093750000000001 0.55
0 0.4234375 0.5796875 0.084375 0.40937500000000004
0 0.48984375 0.6609375000000001 0.1328125 0.659375
0 0.57265625 0.6734375 0.1234375 0.603125
0 0.67734375 0.6515625 0.09843750000000001 0.478125
0 0.7195312500000001 0.628125 0.0890625 0.44375000000000003
0 0.7757812500000001 0.6078125000000001 0.0734375 0.36562500000000003
0 0.8093750000000001 0.6078125000000001 0.0625 0.31562500000000004
0 0.84765625 0.6109375 0.0578125 0.284375
0 0.8679687500000001 0.6015625 0.051562500000000004 0.253125
0 0.88984375 0.6000000000000001 0.051562500000000004 0.25625000000000003
0 0.909375 0.5984375000000001 0.046875 0.234375
0 0.9320312500000001 0.5906250000000001 0.0390625 0.19375
0 0.9460937500000001 0.5890625 0.035937500000000004 0.178125
0 0.95859375 0.5906250000000001 0.0328125 0.1625
0 0.9656250000000001 0.5875 0.03125 0.15625
0 0.9773437500000001 0.5859375 0.026562500000000003 0.134375
0 0.6570312500000001 0.596875 0.060937500000000006 0.30000000000000004
0 0.62265625 0.5734375 0.051562500000000004 0.259375
0 0.9859375 0.5875 0.025 0.13125
0 0.35859375000000004 0.5125000000000001 0.0421875 0.20625000000000002
0 0.3375 0.49843750000000003 0.05 0.246875
2 0.0078125 0.41250000000000003 0.015625 0.1875
2 0.09375 0.375 0.025 0.08750000000000001
2 0.1453125 0.3828125 0.028125 0.115625
2 0.16953125000000002 0.384375 0.0140625 0.0625
2 0.07500000000000001 0.353125 0.021875000000000002 0.06875
2 0.025 0.340625 0.025 0.08125
2 0.54140625 0.421875 0.029687500000000002 0.10625000000000001
2 0.46640625 0.42031250000000003 0.0203125 0.046875
2 0.7640625000000001 0.4734375 0.015625 0.046875
2 0.7445312500000001 0.4734375 0.0140625 0.046875
2 0.8210937500000001 0.49062500000000003 0.010937500000000001 0.05
4 0.36171875000000003 0.3953125 0.0484375 0.053125000000000006
