0 0.9566666666666668 0.7701612903225807 0.030000000000000002 0.12634408602150538
0 0.8025000000000001 0.7661290322580646 0.03166666666666667 0.13440860215053765
0 0.6908333333333334 0.8387096774193549 0.035 0.13978494623655915
0 0.6908333333333334 0.8037634408602151 0.03833333333333334 0.15053763440860216
0 0.6783333333333333 0.7822580645161291 0.03333333333333333 0.13440860215053765
0 0.6758333333333334 0.7553763440860216 0.03166666666666667 0.12903225806451613
0 0.6108333333333333 0.8373655913978495 0.035 0.1370967741935484
0 0.5733333333333334 0.8131720430107527 0.030000000000000002 0.12096774193548387
0 0.5983333333333334 0.7594086021505377 0.02666666666666667 0.10483870967741936
0 0.5766666666666667 0.7620967741935485 0.030000000000000002 0.12634408602150538
0 0.5416666666666667 0.739247311827957 0.02666666666666667 0.10752688172043012
0 0.5166666666666667 0.7620967741935485 0.030000000000000002 0.12096774193548387
0 0.48000000000000004 0.8521505376344086 0.02666666666666667 0.11290322580645162
0 0.4816666666666667 0.8293010752688172 0.030000000000000002 0.12096774193548387
0 0.48500000000000004 0.8091397849462366 0.02666666666666667 0.11290322580645162
0 0.48833333333333334 0.7876344086021506 0.02666666666666667 0.11290322580645162
0 0.4633333333333334 0.8521505376344086 0.03333333333333333 0.12903225806451613
0 0.4683333333333334 0.8293010752688172 0.030000000000000002 0.11559139784946237
0 0.4716666666666667 0.8091397849462366 0.030000000000000002 0.11827956989247312
0 0.4566666666666667 0.7594086021505377 0.02666666666666667 0.10483870967741936
0 0.43500000000000005 0.7379032258064516 0.02666666666666667 0.10483870967741936
0 0.2 0.7325268817204301 0.030000000000000002 0.11559139784946237
0 0.15833333333333335 0.76747311827957 0.02666666666666667 0.11021505376344087
0 0.13083333333333333 0.7903225806451614 0.028333333333333335 0.11827956989247312
0 0.11666666666666667 0.810483870967742 0.030000000000000002 0.12634408602150538
0 0.10166666666666667 0.8373655913978495 0.030000000000000002 0.12096774193548387
0 0.08916666666666667 0.8561827956989247 0.028333333333333335 0.12096774193548387
0 0.07416666666666667 0.8548387096774194 0.03166666666666667 0.12365591397849464
0 0.07333333333333333 0.7311827956989247 0.023333333333333334 0.09677419354838711
0 0.11666666666666667 0.7862903225806452 0.030000000000000002 0.12634408602150538
0 0.10166666666666667 0.8091397849462366 0.030000000000000002 0.12365591397849464
0 0.5866666666666667 0.5215053763440861 0.023333333333333334 0.10215053763440861
0 0.4591666666666667 0.5201612903225807 0.025 0.10483870967741936
0 0.545 0.48924731182795705 0.023333333333333334 0.09677419354838711
0 0.5025000000000001 0.49059139784946243 0.025 0.09946236559139786
0 0.6025 0.44220430107526887 0.021666666666666667 0.08333333333333334
0 0.5933333333333334 0.4153225806451613 0.02 0.08333333333333334
0 0.6216666666666667 0.42473118279569894 0.023333333333333334 0.0913978494623656
0 0.6483333333333334 0.41935483870967744 0.023333333333333334 0.0913978494623656
0 0.6833333333333333 0.5026881720430108 0.023333333333333334 0.0913978494623656
0 0.7050000000000001 0.5201612903225807 0.02 0.08870967741935484
0 0.7516666666666667 0.528225806451613 0.023333333333333334 0.09946236559139786
0 0.7808333333333334 0.5147849462365591 0.025 0.09946236559139786
0 0.795 0.5067204301075269 0.02 0.08870967741935484
0 0.81 0.48118279569892475 0.023333333333333334 0.0913978494623656
0 0.8466666666666667 0.528225806451613 0.023333333333333334 0.09408602150537636
0 0.8766666666666667 0.5161290322580645 0.023333333333333334 0.0913978494623656
0 0.8591666666666667 0.5080645161290323 0.021666666666666667 0.0913978494623656
0 0.8916666666666667 0.5134408602150538 0.023333333333333334 0.0913978494623656
0 0.9500000000000001 0.49462365591397855 0.02 0.08602150537634409
0 0.9433333333333334 0.4838709677419355 0.023333333333333334 0.0913978494623656
0 0.9775 0.5094086021505376 0.025 0.09946236559139786
0 0.68 0.4852150537634409 0.02 0.08870967741935484
0 0.675 0.4663978494623656 0.02 0.08333333333333334
0 0.6733333333333333 0.45833333333333337 0.023333333333333334 0.09408602150537636
0 0.6916666666666668 0.43145161290322587 0.016666666666666666 0.07258064516129033
0 0.5441666666666667 0.39784946236559143 0.015000000000000001 0.06451612903225806
0 0.505 0.4005376344086022 0.016666666666666666 0.06451612903225806
0 0.06666666666666667 0.5470430107526882 0.02 0.08870967741935484
0 0.17 0.5470430107526882 0.023333333333333334 0.09408602150537636
0 0.29500000000000004 0.5376344086021506 0.02 0.08602150537634409
0 0.32583333333333336 0.5080645161290323 0.021666666666666667 0.0913978494623656
0 0.3075 0.5094086021505376 0.018333333333333333 0.07795698924731183
0 0.28 0.5053763440860215 0.02 0.08064516129032259
0 0.26083333333333336 0.5013440860215054 0.021666666666666667 0.08333333333333334
0 0.1875 0.510752688172043 0.021666666666666667 0.0913978494623656
0 0.20916666666666667 0.5067204301075269 0.021666666666666667 0.09408602150537636
0 0.09666666666666668 0.5094086021505376 0.02 0.08870967741935484
0 0.0775 0.49462365591397855 0.018333333333333333 0.07526881720430108
0 0.11750000000000001 0.49596774193548393 0.021666666666666667 0.08333333333333334
0 0.12583333333333335 0.4852150537634409 0.021666666666666667 0.08870967741935484
0 0.13583333333333333 0.46505376344086025 0.018333333333333333 0.08064516129032259
0 0.14666666666666667 0.45967741935483875 0.016666666666666666 0.06989247311827958
0 0.15333333333333335 0.4502688172043011 0.02 0.08333333333333334
0 0.03166666666666667 0.435483870967742 0.016666666666666666 0.07526881720430108
0 0.03666666666666667 0.4301075268817205 0.02 0.08064516129032259
0 0.016666666666666666 0.4516129032258065 0.02 0.08602150537634409
0 0.009166666666666667 0.46370967741935487 0.018333333333333333 0.08333333333333334
0 0.2316666666666667 0.4919354838709678 0.02 0.08064516129032259
0 0.24833333333333335 0.47580645161290325 0.02 0.08064516129032259
0 0.24250000000000002 0.4610215053763441 0.018333333333333333 0.07795698924731183
0 0.10250000000000001 0.49059139784946243 0.018333333333333333 0.07258064516129033
0 0.35250000000000004 0.4623655913978495 0.021666666666666667 0.0913978494623656
0 0.33416666666666667 0.45833333333333337 0.021666666666666667 0.08870967741935484
0 0.3641666666666667 0.4502688172043011 0.021666666666666667 0.08870967741935484
0 0.37000000000000005 0.4301075268817205 0.02 0.08064516129032259
0 0.4008333333333334 0.42876344086021506 0.021666666666666667 0.08870967741935484
0 0.42750000000000005 0.4301075268817205 0.021666666666666667 0.0913978494623656
0 0.4566666666666667 0.44354838709677424 0.02 0.08064516129032259
0 0.9325000000000001 0.46505376344086025 0.021666666666666667 0.0913978494623656
0 0.9266666666666667 0.4516129032258065 0.016666666666666666 0.07526881720430108
0 0.9608333333333334 0.4623655913978495 0.021666666666666667 0.08602150537634409
0 0.9675 0.48118279569892475 0.021666666666666667 0.0913978494623656
0 0.10833333333333334 0.48118279569892475 0.016666666666666666 0.07526881720430108
0 0.17916666666666667 0.478494623655914 0.015000000000000001 0.06451612903225806
0 0.1975 0.47580645161290325 0.018333333333333333 0.07526881720430108
0 0.2675 0.4610215053763441 0.021666666666666667 0.08333333333333334
0 0.52 0.4059139784946237 0.016666666666666666 0.07526881720430108
0 0.5316666666666667 0.4045698924731183 0.016666666666666666 0.07258064516129033
0 0.47500000000000003 0.3951612903225807 0.016666666666666666 0.06451612903225806
0 0.4866666666666667 0.39650537634408606 0.016666666666666666 0.06720430107526883
0 0.4966666666666667 0.3938172043010753 0.013333333333333334 0.06182795698924732
0 0.5508333333333334 0.3938172043010753 0.011666666666666667 0.051075268817204304
0 0.5650000000000001 0.39112903225806456 0.013333333333333334 0.05645161290322581
0 0.5833333333333334 0.3897849462365592 0.013333333333333334 0.05913978494623656
0 0.35833333333333334 0.20295698924731184 0.013333333333333334 0.051075268817204304
0 0.34833333333333333 0.20833333333333334 0.013333333333333334 0.051075268817204304
0 0.3325 0.2110215053763441 0.011666666666666667 0.0456989247311828
0 0.3125 0.2110215053763441 0.011666666666666667 0.0456989247311828
0 0.29583333333333334 0.19892473118279572 0.011666666666666667 0.048387096774193554
0 0.28250000000000003 0.21370967741935484 0.011666666666666667 0.0456989247311828
0 0.24750000000000003 0.2110215053763441 0.011666666666666667 0.0456989247311828
0 0.21583333333333335 0.2110215053763441 0.011666666666666667 0.0456989247311828
0 0.22333333333333336 0.19623655913978497 0.013333333333333334 0.05376344086021506
0 0.04 0.20295698924731184 0.013333333333333334 0.051075268817204304
0 0.029166666666666667 0.2110215053763441 0.011666666666666667 0.051075268817204304
0 0.8275 0.4516129032258065 0.018333333333333333 0.07526881720430108
0 0.8308333333333334 0.45967741935483875 0.018333333333333333 0.08064516129032259
0 0.7383333333333334 0.4852150537634409 0.02 0.07795698924731183
0 0.675 0.19354838709677422 0.013333333333333334 0.05376344086021506
0 0.6958333333333334 0.2002688172043011 0.011666666666666667 0.051075268817204304
0 0.7108333333333334 0.18817204301075272 0.011666666666666667 0.048387096774193554
0 0.7225 0.2002688172043011 0.011666666666666667 0.051075268817204304
0 0.7316666666666667 0.19220430107526884 0.013333333333333334 0.051075268817204304
0 0.7466666666666667 0.19892473118279572 0.013333333333333334 0.05376344086021506
0 0.7533333333333334 0.2002688172043011 0.013333333333333334 0.051075268817204304
0 0.7675000000000001 0.1948924731182796 0.011666666666666667 0.0456989247311828
0 0.8408333333333334 0.19892473118279572 0.011666666666666667 0.048387096774193554
0 0.8083333333333333 0.19220430107526884 0.013333333333333334 0.05645161290322581
0 0.6566666666666667 0.2849462365591398 0.013333333333333334 0.05376344086021506
0 0.63 0.2849462365591398 0.013333333333333334 0.05913978494623656
0 0.6491666666666667 0.2701612903225807 0.015000000000000001 0.06182795698924732
0 0.6241666666666668 0.2741935483870968 0.011666666666666667 0.05376344086021506
0 0.6033333333333334 0.2849462365591398 0.013333333333333334 0.05376344086021506
0 0.6008333333333333 0.27284946236559143 0.015000000000000001 0.05645161290322581
0 0.4691666666666667 0.28897849462365593 0.011666666666666667 0.051075268817204304
0 0.47250000000000003 0.27284946236559143 0.011666666666666667 0.051075268817204304
0 0.5758333333333334 0.2809139784946237 0.011666666666666667 0.0456989247311828
0 0.4941666666666667 0.22715053763440862 0.011666666666666667 0.0456989247311828
0 0.5016666666666667 0.22983870967741937 0.013333333333333334 0.051075268817204304
0 0.7675000000000001 0.49596774193548393 0.021666666666666667 0.09408602150537636
0 0.8350000000000001 0.47446236559139787 0.02 0.07795698924731183
2 0.20500000000000002 0.8830645161290324 0.030000000000000002 0.07258064516129033
2 0.1991666666666667 0.8440860215053764 0.025 0.05913978494623656
2 0.21583333333333335 0.8239247311827957 0.015000000000000001 0.06182795698924732
2 0.22916666666666669 0.7943548387096775 0.025 0.0456989247311828
2 0.23833333333333334 0.7768817204301076 0.02 0.05376344086021506
2 0.24166666666666667 0.7486559139784947 0.023333333333333334 0.0456989247311828
2 0.2808333333333333 0.7526881720430109 0.021666666666666667 0.048387096774193554
2 0.27416666666666667 0.7634408602150539 0.021666666666666667 0.03763440860215054
2 0.2775 0.788978494623656 0.015000000000000001 0.01881720430107527
2 0.26916666666666667 0.8064516129032259 0.015000000000000001 0.03225806451612903
2 0.2625 0.831989247311828 0.015000000000000001 0.03494623655913979
2 0.2575 0.8615591397849464 0.018333333333333333 0.06182795698924732
2 0.3041666666666667 0.8642473118279571 0.015000000000000001 0.06720430107526883
2 0.31083333333333335 0.8306451612903226 0.018333333333333333 0.043010752688172046
2 0.3041666666666667 0.7970430107526882 0.021666666666666667 0.03494623655913979
2 0.31 0.7768817204301076 0.016666666666666666 0.021505376344086023
2 0.30833333333333335 0.7594086021505377 0.016666666666666666 0.024193548387096777
2 0.3175 0.7446236559139785 0.011666666666666667 0.03763440860215054
2 0.36500000000000005 0.7325268817204301 0.023333333333333334 0.02956989247311828
2 0.36333333333333334 0.7594086021505377 0.02666666666666667 0.02956989247311828
2 0.3591666666666667 0.7768817204301076 0.018333333333333333 0.02688172043010753
2 0.35500000000000004 0.8051075268817205 0.013333333333333334 0.024193548387096777
2 0.35000000000000003 0.8239247311827957 0.023333333333333334 0.03494623655913979
2 0.35000000000000003 0.8723118279569894 0.02 0.07258064516129033
2 0.39583333333333337 0.8790322580645162 0.015000000000000001 0.0913978494623656
2 0.4066666666666667 0.8413978494623656 0.016666666666666666 0.048387096774193554
2 0.4066666666666667 0.8185483870967742 0.023333333333333334 0.0456989247311828
2 0.4058333333333334 0.7916666666666667 0.03166666666666667 0.0456989247311828
2 0.41000000000000003 0.7715053763440861 0.023333333333333334 0.03763440860215054
2 0.4041666666666667 0.7419354838709677 0.018333333333333333 0.03225806451612903
2 0.05583333333333334 0.49059139784946243 0.015000000000000001 0.051075268817204304
2 0.06166666666666667 0.4717741935483871 0.02 0.0456989247311828
2 0.065 0.4502688172043011 0.013333333333333334 0.03494623655913979
2 0.07833333333333334 0.4448924731182796 0.016666666666666666 0.051075268817204304
2 0.09583333333333334 0.4153225806451613 0.018333333333333333 0.051075268817204304
2 0.11583333333333334 0.4206989247311828 0.018333333333333333 0.03494623655913979
2 0.13416666666666668 0.4206989247311828 0.015000000000000001 0.03494623655913979
2 0.16666666666666669 0.4825268817204301 0.016666666666666666 0.05645161290322581
2 0.18000000000000002 0.4502688172043011 0.016666666666666666 0.040322580645161296
2 0.18833333333333335 0.43682795698924737 0.016666666666666666 0.02956989247311828
2 0.1991666666666667 0.41935483870967744 0.015000000000000001 0.03225806451612903
2 0.21333333333333335 0.4206989247311828 0.013333333333333334 0.02956989247311828
2 0.3116666666666667 0.43682795698924737 0.016666666666666666 0.0456989247311828
2 0.28833333333333333 0.4408602150537635 0.016666666666666666 0.043010752688172046
2 0.30083333333333334 0.4663978494623656 0.011666666666666667 0.03494623655913979
2 0.315 0.4771505376344086 0.016666666666666666 0.02956989247311828
2 0.32916666666666666 0.4663978494623656 0.015000000000000001 0.024193548387096777
2 0.7075 0.467741935483871 0.011666666666666667 0.03225806451612903
2 0.7008333333333334 0.4274193548387097 0.018333333333333333 0.03225806451612903
2 0.765 0.4556451612903226 0.016666666666666666 0.02956989247311828
2 0.745 0.42338709677419356 0.016666666666666666 0.024193548387096777
2 0.7858333333333334 0.43682795698924737 0.021666666666666667 0.06182795698924732
2 0.8558333333333333 0.4260752688172043 0.011666666666666667 0.01881720430107527
2 0.8675 0.4153225806451613 0.011666666666666667 0.01881720430107527
2 0.8733333333333334 0.42473118279569894 0.013333333333333334 0.021505376344086023
2 0.8616666666666667 0.46505376344086025 0.016666666666666666 0.043010752688172046
2 0.24416666666666667 0.41801075268817206 0.011666666666666667 0.01881720430107527
2 0.22583333333333336 0.41263440860215056 0.011666666666666667 0.024193548387096777
2 0.6841666666666667 0.3884408602150538 0.018333333333333333 0.040322580645161296
2 0.46166666666666667 0.3991935483870968 0.02666666666666667 0.03494623655913979
2 0.47000000000000003 0.4610215053763441 0.03333333333333333 0.040322580645161296
2 0.5900000000000001 0.467741935483871 0.02666666666666667 0.043010752688172046
2 0.08750000000000001 0.7311827956989247 0.021666666666666667 0.05376344086021506
2 0.085 0.7755376344086022 0.016666666666666666 0.024193548387096777
2 0.47000000000000003 0.7405913978494624 0.016666666666666666 0.02956989247311828
4 0.5275000000000001 0.33870967741935487 0.15166666666666667 0.10215053763440861
4 0.45833333333333337 0.0913978494623656 0.7933333333333333 0.043010752688172046
4 0.5808333333333334 0.22177419354838712 0.17833333333333334 0.09946236559139786
4 0.23583333333333334 0.44354838709677424 0.125 0.07526881720430108
4 0.7466666666666667 0.41397849462365593 0.1 0.07526881720430108
