0 0.060833333333333336 0.7474874371859297 0.06166666666666667 0.228643216080402
0 0.16333333333333333 0.7286432160804021 0.05333333333333334 0.19597989949748745
0 0.21750000000000003 0.7160804020100503 0.04166666666666667 0.16080402010050251
0 0.2808333333333333 0.7399497487437185 0.07166666666666667 0.26884422110552764
0 0.33 0.7198492462311558 0.05333333333333334 0.20351758793969849
0 0.35583333333333333 0.707286432160804 0.045000000000000005 0.16834170854271358
0 0.5158333333333334 0.7386934673366834 0.07166666666666667 0.271356783919598
0 0.6683333333333333 0.6934673366834171 0.043333333333333335 0.1658291457286432
0 0.6483333333333334 0.6896984924623115 0.04 0.15326633165829145
0 0.7083333333333334 0.7110552763819096 0.05666666666666667 0.21105527638190955
0 0.7508333333333334 0.7248743718592965 0.07500000000000001 0.27386934673366836
0 0.9458333333333334 0.714824120603015 0.065 0.23869346733668342
0 0.8616666666666667 0.707286432160804 0.05333333333333334 0.1984924623115578
0 0.8125 0.6884422110552764 0.04833333333333334 0.17587939698492464
0 0.4266666666666667 0.6708542713567839 0.023333333333333334 0.09547738693467336
0 0.44833333333333336 0.6582914572864321 0.02 0.08040201005025126
0 0.7716666666666667 0.6821608040201005 0.03666666666666667 0.14321608040201006
2 0.11166666666666668 0.6859296482412061 0.013333333333333334 0.03015075376884422
2 0.12000000000000001 0.6532663316582915 0.013333333333333334 0.035175879396984924
2 0.14916666666666667 0.5879396984924623 0.04166666666666667 0.06030150753768844
2 0.25333333333333335 0.7060301507537688 0.04 0.1457286432160804
2 0.3716666666666667 0.6934673366834171 0.016666666666666666 0.12562814070351758
2 0.5166666666666667 0.7110552763819096 0.04666666666666667 0.22110552763819097
2 0.49750000000000005 0.5841708542713568 0.018333333333333333 0.02763819095477387
2 0.4966666666666667 0.5577889447236181 0.023333333333333334 0.03015075376884422
2 0.5208333333333334 0.5841708542713568 0.018333333333333333 0.03768844221105528
2 0.5441666666666667 0.5804020100502513 0.015000000000000001 0.02512562814070352
2 0.5591666666666667 0.5829145728643216 0.011666666666666667 0.020100502512562814
2 0.5775 0.5804020100502513 0.015000000000000001 0.02512562814070352
2 0.9216666666666667 0.6206030150753769 0.016666666666666666 0.04522613065326633
3 0.5091666666666667 0.35175879396984927 0.055 0.05527638190954774
3 0.445 0.8605527638190955 0.12333333333333334 0.07788944723618091
3 0.46 0.8140703517587939 0.08 0.05025125628140704
3 0.4708333333333334 0.785175879396985 0.04833333333333334 0.032663316582914576
3 0.4716666666666667 0.7650753768844222 0.04666666666666667 0.022613065326633167
3 0.24583333333333335 0.8555276381909548 0.045000000000000005 0.0728643216080402
3 0.2891666666666667 0.8203517587939698 0.06166666666666667 0.04773869346733668
3 0.32583333333333336 0.792713567839196 0.04833333333333334 0.032663316582914576
3 0.24000000000000002 0.7663316582914573 0.02666666666666667 0.02512562814070352
3 0.20500000000000002 0.7876884422110553 0.04 0.02763819095477387
3 0.14916666666666667 0.8153266331658292 0.05166666666666667 0.052763819095477386
3 0.03916666666666667 0.8542713567839196 0.03833333333333334 0.05527638190954774
3 0.6525000000000001 0.8530150753768845 0.18833333333333335 0.052763819095477386
3 0.6283333333333334 0.8103015075376885 0.12666666666666668 0.04271356783919598
3 0.6133333333333334 0.7801507537688442 0.10333333333333335 0.02763819095477387
3 0.6050000000000001 0.7587939698492463 0.09000000000000001 0.03015075376884422
3 0.8475 0.8316582914572864 0.15166666666666667 0.035175879396984924
3 0.8016666666666667 0.7952261306532663 0.10333333333333335 0.032663316582914576
3 0.7533333333333334 0.7675879396984925 0.1 0.022613065326633167
3 0.7216666666666667 0.7537688442211056 0.08 0.020100502512562814
4 0.2391666666666667 0.6595477386934674 0.47500000000000003 0.16834170854271358
4 0.7641666666666667 0.6155778894472362 0.4683333333333334 0.1407035175879397
