0 0.41833333333333333 0.4898081534772182 0.5166666666666667 0.9100719424460431
0 0.21833333333333335 0.3513189448441247 0.33 0.5779376498800959
0 0.09416666666666668 0.4028776978417266 0.18833333333333335 0.35251798561151076
0 0.5883333333333334 0.3764988009592326 0.21666666666666667 0.3836930455635491
0 0.7233333333333334 0.24640287769784172 0.1 0.17865707434052758
0 0.6783333333333333 0.24640287769784172 0.08666666666666667 0.15467625899280574
0 0.79 0.24580335731414865 0.08666666666666667 0.15107913669064746
0 0.9175000000000001 0.2649880095923261 0.115 0.2014388489208633
0 0.8616666666666667 0.223621103117506 0.09333333333333334 0.16666666666666666
0 0.9475 0.21402877697841724 0.07500000000000001 0.13069544364508393
2 0.07333333333333333 0.21103117505995203 0.10333333333333335 0.13669064748201437
2 0.014166666666666668 0.30455635491606714 0.028333333333333335 0.24940047961630693
2 0.6658333333333334 0.15827338129496402 0.04833333333333334 0.031175059952038366
2 0.6950000000000001 0.13489208633093525 0.030000000000000002 0.03717026378896882
2 0.7241666666666667 0.1474820143884892 0.04166666666666667 0.043165467625899276
2 0.7691666666666667 0.14268585131894485 0.035 0.03597122302158273
2 0.7616666666666667 0.1750599520383693 0.03666666666666667 0.04796163069544364
2 0.7941666666666667 0.14388489208633093 0.028333333333333335 0.05275779376498801
2 0.8341666666666667 0.1606714628297362 0.03833333333333334 0.043165467625899276
2 0.8916666666666667 0.14568345323741005 0.04666666666666667 0.039568345323741004
2 0.9600000000000001 0.1354916067146283 0.03333333333333333 0.07434052757793765
2 0.9833333333333334 0.1354916067146283 0.030000000000000002 0.09832134292565947
2 0.9858333333333335 0.18105515587529974 0.021666666666666667 0.07194244604316546
2 0.8191666666666667 0.13189448441247 0.028333333333333335 0.04556354916067146
