0 0.7266666666666667 0.6482213438735177 0.13333333333333333 0.5770750988142292
0 0.9311111111111111 0.533596837944664 0.06666666666666667 0.30039525691699603
0 0.9722222222222222 0.5395256916996047 0.051111111111111114 0.24901185770750986
0 0.8844444444444445 0.4980237154150197 0.04888888888888889 0.22134387351778656
0 0.8966666666666666 0.4723320158102767 0.03777777777777778 0.17786561264822134
0 0.5411111111111111 0.5652173913043478 0.07333333333333333 0.3320158102766798
0 0.5922222222222222 0.49407114624505927 0.06888888888888889 0.30039525691699603
0 0.6455555555555555 0.4743083003952569 0.04666666666666667 0.20553359683794464
0 0.4666666666666667 0.5276679841897233 0.057777777777777775 0.26482213438735175
0 0.5088888888888888 0.4960474308300395 0.057777777777777775 0.24901185770750986
0 0.4111111111111111 0.4802371541501976 0.04 0.16996047430830039
0 0.3788888888888889 0.5019762845849802 0.051111111111111114 0.22134387351778656
0 0.34555555555555556 0.5296442687747035 0.042222222222222223 0.1976284584980237
0 0.29 0.5237154150197628 0.07333333333333333 0.3201581027667984
0 0.22666666666666666 0.5909090909090908 0.12 0.5177865612648221
0 0.05444444444444444 0.5375494071146245 0.06444444444444444 0.27667984189723316
0 0.013333333333333332 0.49011857707509876 0.026666666666666665 0.15019762845849802
0 0.12 0.5019762845849802 0.06222222222222222 0.2845849802371541
0 0.15222222222222223 0.49011857707509876 0.03777777777777778 0.1660079051383399
0 0.1622222222222222 0.4841897233201581 0.03111111111111111 0.13833992094861658
0 0.07888888888888888 0.4980237154150197 0.042222222222222223 0.1976284584980237
2 0.9755555555555555 0.4150197628458498 0.022222222222222223 0.06324110671936758
2 0.8022222222222222 0.4387351778656126 0.044444444444444446 0.11067193675889328
2 0.7488888888888889 0.4051383399209486 0.04 0.13043478260869565
2 0.7655555555555555 0.3992094861660079 0.028888888888888888 0.07114624505928853
2 0.6822222222222222 0.4367588932806324 0.035555555555555556 0.08300395256916995
2 0.5344444444444444 0.4051383399209486 0.028888888888888888 0.06719367588932806
2 0.34444444444444444 0.4328063241106719 0.03111111111111111 0.06719367588932806
2 0.33111111111111113 0.39723320158102765 0.03111111111111111 0.043478260869565216
2 0.32666666666666666 0.424901185770751 0.035555555555555556 0.08300395256916995
2 0.2577777777777778 0.5316205533596837 0.06666666666666667 0.3359683794466403
2 0.1811111111111111 0.42094861660079047 0.03333333333333333 0.05138339920948616
2 0.06555555555555556 0.5059288537549407 0.024444444444444446 0.25296442687747034
