0 0.08791208791208792 0.5611111111111111 0.11538461538461539 0.3814814814814815
0 0.024725274725274728 0.5444444444444445 0.049450549450549455 0.26666666666666666
0 0.14285714285714288 0.5518518518518519 0.06593406593406594 0.21481481481481482
0 0.1991758241758242 0.5555555555555556 0.07417582417582418 0.24444444444444446
0 0.2239010989010989 0.5425925925925926 0.06868131868131869 0.22592592592592595
0 0.271978021978022 0.5407407407407407 0.07692307692307693 0.2518518518518519
0 0.19230769230769232 0.48703703703703705 0.06043956043956045 0.20370370370370372
0 0.3543956043956044 0.5925925925925926 0.19780219780219782 0.6518518518518519
0 0.6208791208791209 0.5611111111111111 0.2142857142857143 0.7148148148148148
0 0.9024725274725276 0.5888888888888889 0.18956043956043958 0.6296296296296297
0 0.7500000000000001 0.55 0.1098901098901099 0.3740740740740741
0 0.9670329670329672 0.55 0.06043956043956045 0.24814814814814815
0 0.6730769230769231 0.5425925925925926 0.06593406593406594 0.22592592592592595
0 0.7046703296703297 0.4518518518518519 0.057692307692307696 0.1925925925925926
2 0.1208791208791209 0.3962962962962963 0.038461538461538464 0.07407407407407407
2 0.016483516483516484 0.4537037037037037 0.02197802197802198 0.07777777777777778
2 0.049450549450549455 0.5592592592592592 0.038461538461538464 0.23703703703703705
2 0.2884615384615385 0.40925925925925927 0.049450549450549455 0.10740740740740741
2 0.39010989010989017 0.40555555555555556 0.038461538461538464 0.10740740740740741
2 0.4244505494505495 0.4351851851851852 0.041208791208791215 0.10740740740740741
2 0.4876373626373627 0.41481481481481486 0.07417582417582418 0.12592592592592594
2 0.41620879120879123 0.512962962962963 0.030219780219780223 0.08518518518518518
2 0.6359890109890111 0.5 0.041208791208791215 0.12592592592592594
2 0.6414835164835165 0.40370370370370373 0.0521978021978022 0.05925925925925926
2 0.7953296703296704 0.46296296296296297 0.030219780219780223 0.08148148148148149
2 0.8255494505494506 0.4425925925925926 0.030219780219780223 0.07037037037037037
2 0.9725274725274726 0.4 0.03296703296703297 0.06666666666666667
2 0.9395604395604397 0.4203703703703704 0.038461538461538464 0.07037037037037037
2 0.9848901098901099 0.4444444444444445 0.019230769230769232 0.08888888888888889
2 0.9340659340659342 0.587037037037037 0.06043956043956045 0.17407407407407408
