0 0.5978260869565217 0.503883495145631 0.16376811594202897 0.541747572815534
0 0.7282608695652174 0.633009708737864 0.10579710144927536 0.34563106796116505
0 0.7855072463768116 0.34757281553398056 0.07536231884057971 0.2524271844660194
0 0.7608695652173914 0.31553398058252424 0.07246376811594203 0.24271844660194175
0 0.6956521739130435 0.3572815533980582 0.07536231884057971 0.24466019417475726
0 0.9652173913043478 0.36601941747572814 0.06666666666666667 0.28932038834951457
0 0.5159420289855072 0.34466019417475724 0.06376811594202898 0.21553398058252426
0 0.4420289855072464 0.3320388349514563 0.06086956521739131 0.19805825242718444
0 0.3391304347826087 0.3233009708737864 0.057971014492753624 0.19223300970873786
0 0.26956521739130435 0.3252427184466019 0.057971014492753624 0.19223300970873786
0 0.28840579710144926 0.2980582524271845 0.043478260869565216 0.14563106796116504
0 0.10144927536231885 0.31359223300970873 0.06666666666666667 0.21941747572815534
0 0.12391304347826088 0.2912621359223301 0.04492753623188406 0.14757281553398058
0 0.05507246376811594 0.29514563106796116 0.04057971014492753 0.13980582524271845
0 0.06956521739130435 0.7572815533980582 0.1391304347826087 0.458252427184466
0 0.06159420289855073 0.6097087378640776 0.12318840579710146 0.7611650485436893
2 0.21739130434782608 0.3941747572815534 0.07536231884057971 0.12427184466019417
2 0.1753623188405797 0.3844660194174757 0.06086956521739131 0.1203883495145631
2 0.39057971014492754 0.37087378640776697 0.050724637681159424 0.13980582524271845
2 0.48043478260869565 0.270873786407767 0.015942028985507246 0.036893203883495145
2 0.6384057971014493 0.25728155339805825 0.0391304347826087 0.0912621359223301
2 0.6159420289855072 0.25048543689320385 0.034782608695652174 0.08155339805825243
2 0.8572463768115942 0.4300970873786408 0.07391304347826087 0.19611650485436893
3 0.8536231884057971 0.6864077669902913 0.2898550724637681 0.6077669902912621
3 0.21014492753623187 0.7834951456310679 0.19130434782608696 0.429126213592233
3 0.5760869565217391 0.6718446601941748 0.12608695652173912 0.2407766990291262
3 0.7021739130434783 0.7233009708737864 0.1 0.19999999999999998
3 0.15217391304347827 0.30970873786407765 0.020289855072463767 0.1145631067961165
3 0.08188405797101449 0.3271844660194175 0.021739130434782608 0.07184466019417475
4 0.5282608695652175 0.2436893203883495 0.1289855072463768 0.06407766990291262
