0 0.04417438271604938 0.5727880658436214 0.07137345679012345 0.2330246913580247
0 0.029320987654320986 0.5159465020576132 0.054783950617283944 0.17901234567901236
0 0.10976080246913579 0.4886831275720165 0.05362654320987654 0.1748971193415638
0 0.2862654320987654 0.4768518518518519 0.030864197530864196 0.10185185185185186
0 0.3819444444444444 0.4873971193415638 0.032407407407407406 0.10545267489711935
0 0.03800154320987654 0.6921296296296297 0.07600308641975308 0.4614197530864198
0 0.4245756172839506 0.4969135802469136 0.03742283950617284 0.12242798353909466
0 0.49479166666666663 0.5167181069958848 0.04513888888888889 0.14660493827160495
0 0.6141975308641975 0.4997427983539095 0.032407407407407406 0.1064814814814815
0 0.703125 0.5280349794238683 0.0466820987654321 0.15174897119341565
0 0.7662037037037036 0.5133744855967078 0.037037037037037035 0.12037037037037038
0 0.757716049382716 0.5023148148148149 0.040123456790123455 0.132201646090535
0 0.7455632716049382 0.4981995884773663 0.02970679012345679 0.09619341563786009
0 0.7322530864197531 0.47427983539094654 0.019290123456790122 0.06378600823045268
0 0.722608024691358 0.4717078189300412 0.016203703703703703 0.05452674897119342
0 0.6836419753086419 0.4578189300411523 0.013117283950617283 0.04320987654320988
0 0.6722608024691358 0.45601851851851855 0.008873456790123456 0.02932098765432099
0 0.8256172839506173 0.5298353909465021 0.042438271604938266 0.1388888888888889
0 0.8159722222222222 0.5120884773662552 0.045524691358024685 0.14866255144032922
0 0.7905092592592592 0.5277777777777778 0.03317901234567901 0.1080246913580247
0 0.7966820987654321 0.5056584362139918 0.03317901234567901 0.1080246913580247
0 0.8117283950617283 0.5108024691358025 0.037037037037037035 0.12037037037037038
0 0.8391203703703703 0.5246913580246914 0.05401234567901234 0.17592592592592593
0 0.9774305555555555 0.5383230452674898 0.04436728395061728 0.2525720164609054
0 0.941358024691358 0.5362654320987654 0.06867283950617284 0.22376543209876545
0 0.8825231481481481 0.5781893004115227 0.07445987654320987 0.24279835390946505
0 0.8676697530864197 0.536522633744856 0.07407407407407407 0.24279835390946505
0 0.8840663580246914 0.5506687242798355 0.07600308641975308 0.24742798353909468
2 0.008873456790123456 0.5385802469135803 0.017746913580246913 0.07407407407407408
2 0.014467592592592591 0.5154320987654322 0.027391975308641972 0.18312757201646093
2 0.018325617283950615 0.4830246913580247 0.03587962962962963 0.16563786008230455
2 0.07735339506172839 0.4364711934156379 0.01427469135802469 0.04681069958847737
2 0.1880787037037037 0.45961934156378603 0.02199074074074074 0.03446502057613169
2 0.20968364197530864 0.5036008230452675 0.03742283950617284 0.0925925925925926
2 0.22762345679012344 0.5010288065843622 0.037037037037037035 0.09362139917695474
2 0.6977237654320987 0.4398148148148148 0.008101851851851851 0.01234567901234568
2 0.7056327160493827 0.4439300411522634 0.006172839506172839 0.01337448559670782
2 0.710841049382716 0.44135802469135804 0.006558641975308642 0.01646090534979424
2 0.71875 0.44341563786008237 0.009259259259259259 0.01851851851851852
2 0.7488425925925926 0.45061728395061734 0.009259259259259259 0.02160493827160494
2 0.7509645061728395 0.4395576131687243 0.008101851851851851 0.01697530864197531
2 0.7554012345679012 0.44110082304526754 0.008487654320987654 0.01800411522633745
2 0.7766203703703703 0.44110082304526754 0.013117283950617283 0.02829218106995885
2 0.7854938271604938 0.4431584362139918 0.010802469135802469 0.02520576131687243
2 0.7881944444444444 0.4344135802469136 0.014660493827160493 0.02623456790123457
2 0.7581018518518519 0.46039094650205764 0.007716049382716049 0.01748971193415638
2 0.8117283950617283 0.43235596707818935 0.012345679012345678 0.01388888888888889
2 0.8067129629629629 0.4493312757201646 0.011574074074074073 0.01697530864197531
2 0.8250385802469136 0.44264403292181076 0.0073302469135802465 0.01491769547325103
2 0.8310185185185185 0.43672839506172845 0.013117283950617283 0.02674897119341564
2 0.9128086419753086 0.47325102880658443 0.022376543209876542 0.04218106995884774
4 0.6697530864197531 0.4395576131687243 0.019290123456790122 0.01286008230452675
