0 0.4372262773722628 0.5836575875486382 0.12116788321167883 0.39299610894941633
0 0.5116788321167883 0.5486381322957199 0.08613138686131386 0.2840466926070039
0 0.581021897810219 0.5077821011673151 0.08175182481751825 0.26848249027237353
0 0.6313868613138686 0.48443579766536965 0.059854014598540145 0.19455252918287938
0 0.6759124087591241 0.4756809338521401 0.058394160583941604 0.1926070038910506
0 0.85985401459854 0.42412451361867703 0.03503649635036496 0.11284046692607004
0 0.8802919708029197 0.43093385214007784 0.02627737226277372 0.09143968871595332
0 0.8124087591240875 0.4046692607003891 0.0218978102189781 0.07392996108949416
0 0.7897810218978102 0.39785992217898836 0.02335766423357664 0.07587548638132297
0 0.5328467153284672 0.39980544747081714 0.029197080291970802 0.09922178988326849
0 0.5175182481751824 0.39883268482490275 0.0218978102189781 0.07003891050583658
0 0.4722627737226277 0.39785992217898836 0.03357664233576642 0.11089494163424124
0 0.39124087591240875 0.4036964980544747 0.03503649635036496 0.11478599221789884
0 0.4036496350364963 0.39883268482490275 0.02773722627737226 0.09727626459143969
0 0.37445255474452555 0.4027237354085603 0.03941605839416058 0.13229571984435798
0 0.3583941605839416 0.4134241245136187 0.0364963503649635 0.12256809338521402
0 0.3518248175182482 0.39007782101167315 0.032116788321167884 0.10311284046692606
0 0.32919708029197076 0.40077821011673154 0.03065693430656934 0.10505836575875487
0 0.27664233576642333 0.42023346303501946 0.04233576642335766 0.13618677042801558
0 0.9861313868613139 0.45038910505836577 0.024817518248175182 0.14202334630350194
2 0.06204379562043795 0.42120622568093385 0.051094890510948905 0.11478599221789884
2 0.3795620437956204 0.32782101167315175 0.014598540145985401 0.029182879377431907
2 0.3678832116788321 0.33560311284046696 0.014598540145985401 0.03696498054474708
2 0.3613138686131387 0.316147859922179 0.01897810218978102 0.03696498054474708
2 0.4116788321167883 0.34922178988326846 0.014598540145985401 0.02529182879377432
2 0.42408759124087586 0.34922178988326846 0.010218978102189781 0.033073929961089495
2 0.4372262773722628 0.3560311284046693 0.01897810218978102 0.04669260700389105
2 0.4474452554744525 0.35894941634241245 0.016058394160583942 0.033073929961089495
2 0.4802919708029197 0.3531128404669261 0.01167883211678832 0.03696498054474708
2 0.5540145985401459 0.3832684824902724 0.0218978102189781 0.03501945525291829
2 0.5970802919708029 0.36673151750972766 0.02335766423357664 0.04474708171206226
2 0.6138686131386861 0.3745136186770428 0.01313868613138686 0.04474708171206226
2 0.62992700729927 0.36964980544747084 0.01897810218978102 0.05058365758754864
2 0.6824817518248175 0.36770428015564205 0.01313868613138686 0.038910505836575876
2 0.718978102189781 0.3832684824902724 0.01313868613138686 0.0311284046692607
2 0.875912408759124 0.3735408560311284 0.014598540145985401 0.03501945525291829
2 0.9620437956204378 0.3735408560311284 0.02335766423357664 0.042801556420233464
2 0.32116788321167883 0.39883268482490275 0.020437956204379562 0.10505836575875487
4 0.7481751824817517 0.3832684824902724 0.04817518248175182 0.0622568093385214
4 0.40072992700729926 0.33073929961089493 0.13284671532846715 0.0311284046692607
