0 0.05583333333333334 0.6970720720720721 0.065 0.21846846846846846
0 0.12416666666666668 0.6666666666666666 0.055 0.18468468468468469
0 0.18000000000000002 0.6993243243243243 0.06666666666666667 0.21846846846846846
0 0.21833333333333335 0.6689189189189189 0.05666666666666667 0.18468468468468469
0 0.2575 0.7072072072072072 0.06166666666666667 0.2072072072072072
0 0.29250000000000004 0.6677927927927928 0.055 0.18243243243243243
0 0.32666666666666666 0.704954954954955 0.06333333333333334 0.21171171171171171
0 0.35583333333333333 0.6689189189189189 0.055 0.1891891891891892
0 0.40750000000000003 0.7015765765765766 0.065 0.21396396396396397
0 0.43333333333333335 0.6677927927927928 0.05666666666666667 0.18693693693693694
0 0.49000000000000005 0.7015765765765766 0.06333333333333334 0.21396396396396397
0 0.5025000000000001 0.6655405405405406 0.055 0.18243243243243243
0 0.5883333333333334 0.7094594594594594 0.06333333333333334 0.2072072072072072
0 0.6983333333333334 0.7240990990990991 0.06333333333333334 0.21396396396396397
0 0.6733333333333333 0.6779279279279279 0.05 0.17117117117117117
0 0.6525000000000001 0.615990990990991 0.03833333333333334 0.13288288288288289
0 0.9325000000000001 0.7274774774774775 0.055 0.1891891891891892
0 0.8191666666666667 0.6272522522522522 0.03833333333333334 0.12837837837837837
0 0.51 0.6385135135135135 0.05 0.1644144144144144
0 0.5216666666666667 0.6204954954954955 0.043333333333333335 0.1463963963963964
0 0.5308333333333334 0.5822072072072072 0.035 0.11936936936936937
0 0.45 0.6373873873873874 0.04666666666666667 0.16216216216216217
0 0.465 0.6137387387387387 0.04 0.13288288288288289
0 0.3841666666666667 0.6362612612612613 0.04833333333333334 0.15990990990990991
0 0.9091666666666667 0.4774774774774775 0.015000000000000001 0.05405405405405406
0 0.9316666666666668 0.481981981981982 0.013333333333333334 0.04954954954954955
0 0.9450000000000001 0.4831081081081081 0.013333333333333334 0.0472972972972973
0 0.9783333333333334 0.48986486486486486 0.016666666666666666 0.05630630630630631
0 0.9908333333333333 0.4954954954954955 0.015000000000000001 0.05855855855855856
2 0.17750000000000002 0.5641891891891891 0.03833333333333334 0.04279279279279279
2 0.22333333333333336 0.5518018018018018 0.03333333333333333 0.04954954954954955
2 0.2675 0.5664414414414415 0.028333333333333335 0.038288288288288286
2 0.30083333333333334 0.5529279279279279 0.025 0.033783783783783786
2 0.3225 0.536036036036036 0.018333333333333333 0.03153153153153153
2 0.31333333333333335 0.5191441441441441 0.030000000000000002 0.024774774774774775
2 0.32583333333333336 0.49774774774774777 0.018333333333333333 0.036036036036036036
2 0.32666666666666666 0.5653153153153153 0.02666666666666667 0.02702702702702703
2 0.3433333333333334 0.5563063063063063 0.02666666666666667 0.02702702702702703
2 0.3566666666666667 0.5484234234234234 0.02 0.02927927927927928
2 0.4083333333333334 0.5506756756756757 0.02 0.02927927927927928
2 0.445 0.5439189189189189 0.023333333333333334 0.038288288288288286
2 0.46416666666666667 0.5495495495495496 0.018333333333333333 0.04054054054054054
2 0.48250000000000004 0.5495495495495496 0.018333333333333333 0.04054054054054054
2 0.5966666666666667 0.5923423423423423 0.023333333333333334 0.04504504504504504
2 0.5800000000000001 0.5743243243243243 0.03333333333333333 0.036036036036036036
2 0.5925 0.5585585585585585 0.028333333333333335 0.04054054054054054
2 0.6658333333333334 0.5878378378378378 0.03166666666666667 0.06306306306306306
4 0.22416666666666668 0.4583333333333333 0.07833333333333334 0.015765765765765764
4 0.39083333333333337 0.44932432432432434 0.18166666666666667 0.015765765765765764
4 0.8316666666666667 0.45495495495495497 0.12666666666666668 0.02702702702702703
4 0.9666666666666667 0.4583333333333333 0.06333333333333334 0.024774774774774775
