0 0.26529477196885426 0.5295857988165681 0.09232480533926585 0.4003944773175543
0 0.3275862068965517 0.47534516765286 0.06340378197997776 0.27613412228796846
0 0.5055617352614016 0.45857988165680474 0.04560622914349277 0.20315581854043394
0 0.7002224694104561 0.47830374753451677 0.05005561735261402 0.21499013806706116
0 0.7352614015572859 0.4763313609467456 0.042269187986651836 0.1873767258382643
0 0.9221357063403782 0.49605522682445763 0.04004449388209121 0.1794871794871795
0 0.1546162402669633 0.44871794871794873 0.04449388209121246 0.19921104536489154
0 0.02502780867630701 0.43293885601577914 0.047830923248053395 0.21104536489151876
0 0.05172413793103448 0.44378698224852076 0.041156840934371525 0.1854043392504931
0 0.10456062291434928 0.4378698224852071 0.04449388209121246 0.19723865877712032
0 0.07508342602892103 0.4447731755424063 0.041156840934371525 0.18343195266272191
0 0.18242491657397109 0.4388560157790927 0.04449388209121246 0.1952662721893491
0 0.20522803114571747 0.44280078895463515 0.0389321468298109 0.16765285996055226
0 0.22413793103448276 0.44082840236686394 0.03670745272525028 0.15976331360946747
0 0.9805339265850945 0.46153846153846156 0.021134593993325918 0.09072978303747535
0 0.9616240266963293 0.45759368836291914 0.021134593993325918 0.09072978303747535
0 0.803670745272525 0.45660749506903353 0.02335928809788654 0.10848126232741617
0 0.7836484983314794 0.45857988165680474 0.02335928809788654 0.10453648915187377
0 0.8337041156840934 0.45759368836291914 0.02335928809788654 0.10256410256410257
0 0.82146829810901 0.45759368836291914 0.021134593993325918 0.09467455621301776
0 0.9454949944382647 0.4546351084812624 0.02224694104560623 0.10059171597633136
0 0.764182424916574 0.45759368836291914 0.026696329254727473 0.11439842209072978
0 0.47274749721913234 0.4378698224852071 0.03781979977753059 0.16962524654832348
0 0.532258064516129 0.45266272189349116 0.030033370411568408 0.12820512820512822
0 0.5506117908787541 0.45364891518737677 0.03114571746384872 0.13412228796844183
0 0.5589543937708565 0.45660749506903353 0.030033370411568408 0.12820512820512822
0 0.582313681868743 0.45069033530571995 0.030033370411568408 0.13609467455621302
0 0.610678531701891 0.4556213017751479 0.028921023359288096 0.126232741617357
0 0.6245828698553949 0.45364891518737677 0.027808676307007785 0.1183431952662722
0 0.6418242491657397 0.45660749506903353 0.026696329254727473 0.1203155818540434
0 0.2447163515016685 0.4457593688362919 0.04004449388209121 0.17357001972386588
2 0.02725250278086763 0.5167652859960552 0.05450500556173526 0.32347140039447736
2 0.004449388209121246 0.32347140039447736 0.008898776418242492 0.05522682445759369
2 0.02836484983314794 0.3136094674556213 0.010011123470522803 0.01972386587771203
2 0.041156840934371525 0.3175542406311637 0.008898776418242492 0.015779092702169626
2 0.04949944382647386 0.3185404339250493 0.010011123470522803 0.01775147928994083
2 0.05839822024471635 0.3244575936883629 0.010011123470522803 0.013806706114398423
2 0.09121245828698554 0.3244575936883629 0.013348164627363737 0.01775147928994083
2 0.11234705228031146 0.32840236686390534 0.01557285873192436 0.037475345167652864
2 0.14849833147942157 0.32938856015779094 0.014460511679644048 0.03155818540433925
2 0.16295884315906561 0.34615384615384615 0.012235817575083427 0.04142011834319527
2 0.1718576195773081 0.3431952662721894 0.00778642936596218 0.02366863905325444
2 0.17630700778642935 0.32938856015779094 0.014460511679644048 0.02366863905325444
2 0.22246941045606228 0.33234714003944776 0.01557285873192436 0.037475345167652864
2 0.20634037819799778 0.344181459566075 0.018909899888765295 0.037475345167652864
2 0.13681868743047831 0.33530571992110453 0.017797552836484983 0.02366863905325444
2 0.11902113459399333 0.3648915187376726 0.013348164627363737 0.03550295857988166
2 0.9894327030033371 0.46055226824457596 0.010011123470522803 0.08086785009861934
2 0.9193548387096774 0.4102564102564103 0.00778642936596218 0.03155818540433925
2 0.9126807563959956 0.39743589743589747 0.00778642936596218 0.01775147928994083
2 0.9360400444938821 0.4112426035502959 0.010011123470522803 0.01775147928994083
2 0.9538375973303671 0.4151873767258383 0.00778642936596218 0.021696252465483234
2 0.9721913236929922 0.4151873767258383 0.011123470522803115 0.01775147928994083
2 0.7208008898776418 0.38954635108481267 0.008898776418242492 0.01775147928994083
2 0.7313681868743048 0.39546351084812625 0.00778642936596218 0.021696252465483234
2 0.7486095661846496 0.3905325443786982 0.008898776418242492 0.015779092702169626
2 0.7814238042269188 0.38461538461538464 0.00778642936596218 0.01972386587771203
2 0.7975528364849833 0.40138067061143984 0.008898776418242492 0.01775147928994083
2 0.803670745272525 0.3816568047337278 0.00778642936596218 0.013806706114398423
2 0.8103448275862069 0.3994082840236687 0.00778642936596218 0.01775147928994083
2 0.8220244716351501 0.39447731755424065 0.008898776418242492 0.015779092702169626
2 0.8409343715239155 0.4072978303747535 0.008898776418242492 0.01775147928994083
2 0.6624026696329255 0.38954635108481267 0.010011123470522803 0.037475345167652864
2 0.19187986651835373 0.3648915187376726 0.010011123470522803 0.02366863905325444
2 0.3042269187986652 0.373767258382643 0.012235817575083427 0.025641025641025644
2 0.3081201334816463 0.34911242603550297 0.017797552836484983 0.03155818540433925
2 0.3203559510567297 0.354043392504931 0.011123470522803115 0.04142011834319527
2 0.4521690767519466 0.39250493096646943 0.012235817575083427 0.03550295857988166
2 0.5244716351501668 0.3796844181459566 0.012235817575083427 0.02958579881656805
2 0.5589543937708565 0.3806706114398422 0.012235817575083427 0.01972386587771203
2 0.5756395995550612 0.38856015779092706 0.012235817575083427 0.03550295857988166
2 0.6874304783092324 0.40532544378698226 0.008898776418242492 0.025641025641025644
2 0.6946607341490545 0.39546351084812625 0.010011123470522803 0.025641025641025644
2 0.8798665183537263 0.40236686390532544 0.011123470522803115 0.02366863905325444
2 0.6040044493882091 0.40138067061143984 0.008898776418242492 0.025641025641025644
2 0.5951056729699666 0.4092702169625247 0.011123470522803115 0.01775147928994083
2 0.5450500556173526 0.3708086785009862 0.013348164627363737 0.027613412228796846
4 0.8787541713014461 0.4556213017751479 0.05116796440489433 0.10650887573964497
4 0.4021134593993326 0.3708086785009862 0.12569521690767518 0.06706114398422092
4 0.5923248053392658 0.38954635108481267 0.012235817575083427 0.025641025641025644
4 0.6095661846496107 0.3826429980276134 0.01557285873192436 0.02366863905325444
4 0.6262513904338154 0.3826429980276134 0.013348164627363737 0.02366863905325444
4 0.6490545050055617 0.4003944773175543 0.021134593993325918 0.05128205128205129
4 0.4933259176863181 0.3727810650887574 0.014460511679644048 0.03550295857988166
