0 0.02125 0.5925 0.0425 0.18166666666666667
0 0.110625 0.5866666666666667 0.05625 0.18333333333333335
0 0.094375 0.5800000000000001 0.05375 0.17666666666666667
0 0.14 0.5808333333333334 0.065 0.21166666666666667
0 0.23875000000000002 0.5958333333333333 0.0625 0.20500000000000002
0 0.056875 0.5575 0.03875 0.13166666666666668
0 0.305625 0.5783333333333334 0.06375 0.2066666666666667
0 0.420625 0.5783333333333334 0.06625 0.21666666666666667
0 0.19125 0.5866666666666667 0.0525 0.17666666666666667
0 0.255 0.5800000000000001 0.0475 0.15333333333333335
0 0.2775 0.5858333333333333 0.05 0.16833333333333333
0 0.085625 0.5683333333333334 0.05375 0.18000000000000002
0 0.386875 0.5325000000000001 0.02125 0.07166666666666667
0 0.36312500000000003 0.5441666666666667 0.02125 0.07500000000000001
0 0.34625 0.5366666666666667 0.015 0.05333333333333334
0 0.328125 0.5366666666666667 0.01875 0.06666666666666667
0 0.33437500000000003 0.5333333333333333 0.01875 0.060000000000000005
0 0.5325 0.5958333333333333 0.0775 0.255
0 0.645 0.6291666666666667 0.085 0.275
0 0.61 0.5091666666666667 0.02 0.065
0 0.68 0.5691666666666667 0.0575 0.19166666666666668
0 0.781875 0.5883333333333334 0.06375 0.2066666666666667
0 0.909375 0.6091666666666667 0.06875 0.22833333333333336
0 0.833125 0.5516666666666667 0.02625 0.08666666666666667
0 0.806875 0.5358333333333334 0.02125 0.07500000000000001
0 0.969375 0.5700000000000001 0.03125 0.10333333333333335
0 0.954375 0.5700000000000001 0.03375 0.11
0 0.878125 0.5741666666666667 0.043750000000000004 0.14166666666666666
0 0.851875 0.555 0.03125 0.1
2 0.00875 0.5025000000000001 0.015 0.028333333333333335
2 0.03375 0.5016666666666667 0.01 0.023333333333333334
2 0.024375 0.4991666666666667 0.01125 0.025
2 0.07187500000000001 0.4966666666666667 0.00875 0.023333333333333334
2 0.074375 0.48250000000000004 0.01125 0.015000000000000001
2 0.12375 0.49250000000000005 0.0125 0.028333333333333335
2 0.164375 0.5133333333333334 0.01375 0.023333333333333334
2 0.1625 0.49250000000000005 0.015 0.021666666666666667
2 0.17625 0.49083333333333334 0.01 0.03166666666666667
2 0.2 0.4966666666666667 0.0125 0.030000000000000002
2 0.22 0.4916666666666667 0.015 0.02666666666666667
2 0.224375 0.5141666666666667 0.01375 0.025
2 0.343125 0.4916666666666667 0.01375 0.02666666666666667
2 0.36375 0.4866666666666667 0.01 0.016666666666666666
2 0.443125 0.5108333333333334 0.01375 0.055
2 0.45437500000000003 0.5141666666666667 0.01375 0.065
2 0.501875 0.515 0.01375 0.03333333333333333
2 0.56375 0.505 0.02 0.04666666666666667
2 0.755 0.5158333333333334 0.0125 0.03166666666666667
2 0.74125 0.5 0.015 0.030000000000000002
2 0.7000000000000001 0.5033333333333334 0.01 0.023333333333333334
2 0.7212500000000001 0.49750000000000005 0.01 0.011666666666666667
2 0.725 0.5158333333333334 0.01 0.018333333333333333
2 0.7625000000000001 0.5 0.015 0.02666666666666667
2 0.480625 0.5041666666666667 0.00875 0.035
2 0.48875 0.5033333333333334 0.01 0.04
2 0.504375 0.49250000000000005 0.01375 0.015000000000000001
4 0.111875 0.48833333333333334 0.01375 0.02666666666666667
4 0.186875 0.49083333333333334 0.01125 0.015000000000000001
4 0.546875 0.5025000000000001 0.01375 0.025
4 0.468125 0.5016666666666667 0.01875 0.030000000000000002
4 0.950625 0.5066666666666667 0.05375 0.023333333333333334
4 0.988125 0.5225000000000001 0.01875 0.035
4 0.273125 0.49250000000000005 0.04875 0.018333333333333333
4 0.8175 0.5125000000000001 0.02 0.03833333333333334
