0 0.04453125 0.2760416666666667 0.026562500000000003 0.0875
0 0.21640625000000002 0.3333333333333333 0.053125000000000006 0.17291666666666666
0 0.31562500000000004 0.3208333333333333 0.05 0.16458333333333333
0 0.362890625 0.30052083333333335 0.02890625 0.096875
0 0.416015625 0.29270833333333335 0.02890625 0.09375
0 0.347265625 0.24322916666666666 0.00703125 0.02395833333333333
0 0.7546875000000001 0.334375 0.065625 0.21666666666666667
0 0.6984375 0.278125 0.0140625 0.04583333333333333
0 0.8125 0.28125 0.015625 0.052083333333333336
0 0.8453125 0.28072916666666664 0.010937500000000001 0.036458333333333336
0 0.870703125 0.28802083333333334 0.013281250000000001 0.046875
0 0.886328125 0.275 0.00859375 0.027083333333333334
0 0.9730468750000001 0.2895833333333333 0.01640625 0.05625
0 0.1953125 0.2994791666666667 0.03125 0.10520833333333333
0 0.241015625 0.30052083333333335 0.030468750000000003 0.10104166666666667
0 0.229296875 0.3 0.030468750000000003 0.10208333333333333
0 0.26484375 0.2682291666666667 0.0140625 0.04479166666666667
0 0.280859375 0.29375 0.032031250000000004 0.10416666666666667
0 0.25234375000000003 0.2869791666666667 0.0234375 0.078125
0 0.43476562500000004 0.2760416666666667 0.01953125 0.0625
0 0.472265625 0.3963541666666667 0.08515625 0.28020833333333334
0 0.989453125 0.290625 0.013281250000000001 0.04375
0 0.48281250000000003 0.2630208333333333 0.00625 0.021875
1 0.06406250000000001 0.46249999999999997 0.0859375 0.28125
1 0.1765625 0.45260416666666664 0.078125 0.253125
1 0.282421875 0.43124999999999997 0.08359375000000001 0.2708333333333333
1 0.3640625 0.42135416666666664 0.07187500000000001 0.23645833333333333
1 0.4578125 0.4192708333333333 0.0703125 0.23020833333333332
1 0.5390625 0.40989583333333335 0.0625 0.203125
1 0.6058593750000001 0.4109375 0.06484375 0.21354166666666666
1 0.6882812500000001 0.42916666666666664 0.0671875 0.22083333333333333
1 0.7800781250000001 0.4348958333333333 0.07578125000000001 0.24687499999999998
1 0.8421875000000001 0.4473958333333333 0.07968750000000001 0.259375
1 0.129296875 0.29375 0.01953125 0.0625
1 0.15390625000000002 0.28802083333333334 0.0171875 0.05520833333333333
1 0.169921875 0.28802083333333334 0.014843750000000001 0.051041666666666666
1 0.396484375 0.28125 0.01171875 0.0375
2 0.71015625 0.2786458333333333 0.009375000000000001 0.046875
2 0.720703125 0.2817708333333333 0.01171875 0.04895833333333333
2 0.78046875 0.26927083333333335 0.009375000000000001 0.017708333333333333
2 0.7878906250000001 0.26979166666666665 0.00703125 0.01875
2 0.7914062500000001 0.2817708333333333 0.0078125 0.015625
2 0.826171875 0.28020833333333334 0.014843750000000001 0.03958333333333333
2 0.946484375 0.29583333333333334 0.01953125 0.03333333333333333
2 0.84921875 0.3416666666666667 0.035937500000000004 0.07708333333333334
2 0.8542968750000001 0.29635416666666664 0.01015625 0.019791666666666666
2 0.8582031250000001 0.275 0.00859375 0.029166666666666667
2 0.9265625000000001 0.28802083333333334 0.010937500000000001 0.030208333333333334
2 0.895703125 0.3 0.014843750000000001 0.022916666666666665
2 0.01015625 0.29375 0.0203125 0.052083333333333336
2 0.009375000000000001 0.2484375 0.0171875 0.03854166666666667
2 0.022265625 0.2520833333333333 0.013281250000000001 0.025
2 0.033203125 0.24635416666666665 0.00859375 0.021875
2 0.06953125 0.25729166666666664 0.015625 0.035416666666666666
2 0.09257812500000001 0.26510416666666664 0.01015625 0.015625
2 0.1046875 0.2661458333333333 0.0125 0.017708333333333333
2 0.09335937500000001 0.2864583333333333 0.022656250000000003 0.027083333333333334
2 0.095703125 0.24583333333333332 0.017968750000000002 0.022916666666666665
2 0.1171875 0.24687499999999998 0.00625 0.010416666666666666
2 0.12187500000000001 0.25677083333333334 0.0078125 0.009375
2 0.16015625 0.2526041666666667 0.010937500000000001 0.015625
2 0.183984375 0.25104166666666666 0.00859375 0.01875
2 0.337890625 0.259375 0.01171875 0.0375
2 0.390625 0.2682291666666667 0.00625 0.013541666666666667
2 0.40078125000000003 0.2640625 0.00625 0.011458333333333333
2 0.376953125 0.2796875 0.01015625 0.030208333333333334
2 0.49843750000000003 0.28072916666666664 0.009375000000000001 0.015625
2 0.5085937500000001 0.2765625 0.0078125 0.015625
2 0.47968750000000004 0.2828125 0.009375000000000001 0.019791666666666666
2 0.515625 0.2640625 0.0171875 0.02395833333333333
2 0.456640625 0.253125 0.00859375 0.008333333333333333
2 0.464453125 0.2515625 0.0054687500000000005 0.007291666666666667
2 0.38320312500000003 0.24322916666666666 0.01640625 0.019791666666666666
2 0.275 0.25416666666666665 0.00625 0.010416666666666666
2 0.12890625 0.24739583333333334 0.010937500000000001 0.015625
2 0.17734375000000002 0.2546875 0.009375000000000001 0.019791666666666666
4 0.0546875 0.24687499999999998 0.010937500000000001 0.01875
