0 0.8809090909090909 0.5634005763688761 0.15454545454545454 0.5965417867435158
0 0.7354545454545455 0.5547550432276657 0.21636363636363637 0.8443804034582132
0 0.8127272727272727 0.5936599423631124 0.05454545454545454 0.2190201729106628
0 0.5272727272727272 0.5936599423631124 0.12 0.4668587896253602
0 0.97 0.5951008645533141 0.03090909090909091 0.12968299711815562
0 0.7863636363636364 0.5951008645533141 0.10727272727272727 0.4121037463976945
0 0.57 0.6051873198847262 0.06 0.23054755043227665
0 0.4709090909090909 0.6311239193083573 0.025454545454545455 0.09798270893371758
0 0.4163636363636364 0.6051873198847262 0.06909090909090909 0.27089337175792505
0 0.37545454545454543 0.6282420749279538 0.02727272727272727 0.10374639769452448
0 0.610909090909091 0.6282420749279538 0.01818181818181818 0.06916426512968299
0 0.5854545454545454 0.6239193083573487 0.025454545454545455 0.10086455331412103
0 0.27636363636363637 0.6340057636887607 0.03636363636363636 0.13832853025936598
0 0.11545454545454545 0.6340057636887607 0.06363636363636363 0.2478386167146974
0 0.057272727272727274 0.6080691642651297 0.11454545454545455 0.5014409221902016
0 0.22 0.5936599423631124 0.16727272727272727 0.6512968299711815
2 0.94 0.6037463976945244 0.03272727272727273 0.11815561959654178
2 0.2972727272727273 0.515850144092219 0.02727272727272727 0.04610951008645533
