0 0.09062500000000001 0.7311212814645309 0.040625 0.14416475972540047
0 0.060937500000000006 0.7231121281464531 0.040625 0.14645308924485126
0 0.1203125 0.7311212814645309 0.040625 0.15331807780320367
0 0.15234375 0.7254004576659039 0.045312500000000006 0.16475972540045766
0 0.1953125 0.7299771167048055 0.040625 0.15102974828375287
0 0.2546875 0.7196796338672768 0.043750000000000004 0.15789473684210525
0 0.35390625000000003 0.7242562929061785 0.0421875 0.15331807780320367
0 0.38593750000000004 0.7219679633867276 0.046875 0.17162471395881007
0 0.2265625 0.7151029748283753 0.046875 0.16704805491990846
0 0.2921875 0.5148741418764302 0.021875000000000002 0.07780320366132723
0 0.5390625 0.7254004576659039 0.043750000000000004 0.16018306636155608
0 0.5921875 0.7288329519450801 0.043750000000000004 0.16247139588100687
0 0.6273437500000001 0.7345537757437071 0.0421875 0.15560640732265446
0 0.6640625 0.7299771167048055 0.043750000000000004 0.15560640732265446
0 0.7515625 0.7265446224256293 0.046875 0.17162471395881007
0 0.7250000000000001 0.7322654462242563 0.043750000000000004 0.16018306636155608
0 0.7015625000000001 0.7368421052631579 0.043750000000000004 0.16018306636155608
0 0.6046875 0.4302059496567506 0.028125 0.10526315789473684
0 0.63984375 0.44279176201373 0.0328125 0.12585812356979406
0 0.7289062500000001 0.5331807780320366 0.0234375 0.09153318077803203
0 0.984375 0.7311212814645309 0.028125 0.15789473684210525
0 0.9460937500000001 0.7517162471395881 0.0421875 0.15789473684210525
0 0.9710937500000001 0.7425629290617849 0.0421875 0.15331807780320367
0 0.9085937500000001 0.7242562929061785 0.0484375 0.17620137299771166
0 0.8703125 0.7288329519450801 0.046875 0.16704805491990846
0 0.8523437500000001 0.7402745995423341 0.0421875 0.15789473684210525
0 0.8265625000000001 0.7379862700228833 0.040625 0.15331807780320367
0 0.84375 0.4096109839816934 0.021875000000000002 0.08237986270022883
0 0.984375 0.5045766590389016 0.028125 0.11212814645308924
0 0.9890625000000001 0.5022883295194508 0.018750000000000003 0.11670480549199085
0 0.44765625000000003 0.7162471395881007 0.0421875 0.15560640732265446
0 0.42421875000000003 0.7231121281464531 0.0421875 0.15560640732265446
0 0.3359375 0.37528604118993136 0.025 0.09153318077803203
0 0.275 0.391304347826087 0.021875000000000002 0.08695652173913043
0 0.50625 0.2997711670480549 0.015625 0.054919908466819226
2 0.01171875 0.5915331807780321 0.0171875 0.02517162471395881
2 0.01640625 0.6224256292906178 0.0171875 0.036613272311212815
2 0.0203125 0.6624713958810069 0.015625 0.038901601830663615
2 0.034375 0.6498855835240275 0.0125 0.041189931350114416
2 0.049218750000000006 0.6453089244851259 0.010937500000000001 0.02288329519450801
2 0.057031250000000006 0.6327231121281465 0.0171875 0.02517162471395881
2 0.065625 0.602974828375286 0.018750000000000003 0.029748283752860413
2 0.07265625 0.5743707093821511 0.0140625 0.018306636155606407
2 0.07890625000000001 0.597254004576659 0.010937500000000001 0.027459954233409613
2 0.09062500000000001 0.5995423340961098 0.0125 0.02288329519450801
2 0.09609375 0.6235697940503433 0.0140625 0.02517162471395881
2 0.0734375 0.6556064073226545 0.0125 0.029748283752860413
2 0.0859375 0.648741418764302 0.0125 0.020594965675057208
2 0.10546875 0.6521739130434783 0.0171875 0.032036613272311214
2 0.12109375 0.6281464530892449 0.010937500000000001 0.029748283752860413
2 0.11875000000000001 0.5995423340961098 0.0125 0.018306636155606407
2 0.11015625000000001 0.585812356979405 0.0140625 0.02288329519450801
2 0.1421875 0.5823798627002288 0.015625 0.029748283752860413
2 0.1640625 0.5743707093821511 0.018750000000000003 0.027459954233409613
2 0.13359375 0.6132723112128147 0.0140625 0.027459954233409613
2 0.153125 0.6098398169336384 0.015625 0.02517162471395881
2 0.16953125000000002 0.6167048054919908 0.0140625 0.02517162471395881
2 0.14453125 0.6372997711670481 0.0140625 0.020594965675057208
2 0.1703125 0.6498855835240275 0.0125 0.027459954233409613
2 0.19765625 0.5961098398169337 0.0140625 0.02517162471395881
2 0.2328125 0.5469107551487414 0.015625 0.032036613272311214
2 0.215625 0.5469107551487414 0.018750000000000003 0.036613272311212815
2 0.27578125000000003 0.5503432494279176 0.0171875 0.029748283752860413
2 0.25625000000000003 0.5778032036613272 0.015625 0.029748283752860413
2 0.24375000000000002 0.5778032036613272 0.0125 0.029748283752860413
2 0.23828125 0.6498855835240275 0.0140625 0.032036613272311214
2 0.24140625000000002 0.6281464530892449 0.0140625 0.020594965675057208
2 0.2171875 0.5892448512585813 0.0125 0.029748283752860413
2 0.27734375 0.5892448512585813 0.0140625 0.029748283752860413
2 0.30078125 0.5778032036613272 0.0140625 0.029748283752860413
2 0.32421875 0.5583524027459954 0.0171875 0.036613272311212815
2 0.35468750000000004 0.5652173913043478 0.018750000000000003 0.027459954233409613
2 0.35234375 0.5995423340961098 0.0203125 0.041189931350114416
2 0.33671875 0.5881006864988558 0.010937500000000001 0.02288329519450801
2 0.32109375 0.5995423340961098 0.0140625 0.032036613272311214
2 0.37421875000000004 0.6224256292906178 0.0140625 0.027459954233409613
2 0.39296875000000003 0.6006864988558352 0.0203125 0.029748283752860413
2 0.41718750000000004 0.5697940503432495 0.015625 0.032036613272311214
2 0.44453125000000004 0.5663615560640732 0.026562500000000003 0.043478260869565216
2 0.5015625 0.568649885583524 0.018750000000000003 0.034324942791762014
2 0.515625 0.5675057208237986 0.015625 0.036613272311212815
2 0.50546875 0.5995423340961098 0.0140625 0.02288329519450801
2 0.50546875 0.6453089244851259 0.010937500000000001 0.032036613272311214
2 0.49375 0.6441647597254004 0.018750000000000003 0.034324942791762014
2 0.57578125 0.5594965675057209 0.0171875 0.034324942791762014
2 0.62421875 0.5697940503432495 0.0203125 0.041189931350114416
2 0.68125 0.5697940503432495 0.021875000000000002 0.032036613272311214
2 0.65625 0.5926773455377574 0.0125 0.032036613272311214
2 0.6687500000000001 0.5892448512585813 0.0125 0.02517162471395881
2 0.67578125 0.6178489702517163 0.0140625 0.027459954233409613
2 0.6648437500000001 0.6350114416475973 0.0140625 0.02517162471395881
2 0.6507812500000001 0.6372997711670481 0.0140625 0.034324942791762014
2 0.6359375 0.6361556064073226 0.015625 0.032036613272311214
2 0.61875 0.6441647597254004 0.0125 0.02517162471395881
2 0.6062500000000001 0.6464530892448512 0.0125 0.034324942791762014
2 0.6062500000000001 0.6212814645308925 0.0125 0.020594965675057208
2 0.57734375 0.6006864988558352 0.010937500000000001 0.02517162471395881
2 0.553125 0.5869565217391305 0.0125 0.02517162471395881
2 0.6312500000000001 0.38672768878718533 0.0125 0.036613272311212815
2 0.8125 0.6212814645308925 0.0125 0.020594965675057208
2 0.81171875 0.5961098398169337 0.0140625 0.020594965675057208
2 0.84296875 0.5823798627002288 0.0171875 0.020594965675057208
2 0.9070312500000001 0.5812356979405034 0.0203125 0.032036613272311214
2 0.87109375 0.5125858123569794 0.0203125 0.041189931350114416
2 0.85546875 0.528604118993135 0.0171875 0.059496567505720827
2 0.98828125 0.5846681922196796 0.010937500000000001 0.029748283752860413
2 0.9773437500000001 0.5892448512585813 0.0171875 0.016018306636155607
2 0.9796875 0.61441647597254 0.0125 0.029748283752860413
4 0.035937500000000004 0.1945080091533181 0.043750000000000004 0.07780320366132723
4 0.42265625 0.13729977116704806 0.010937500000000001 0.032036613272311214
4 0.41015625 0.6247139588100686 0.0203125 0.02288329519450801
4 0.45625000000000004 0.5846681922196796 0.018750000000000003 0.020594965675057208
4 0.47578125000000004 0.6350114416475973 0.0171875 0.034324942791762014
4 0.53046875 0.6178489702517163 0.035937500000000004 0.05034324942791762
4 0.5398437500000001 0.5823798627002288 0.0140625 0.029748283752860413
4 0.5375 0.5526315789473685 0.018750000000000003 0.02517162471395881
4 0.55625 0.6212814645308925 0.0125 0.029748283752860413
4 0.57265625 0.6235697940503433 0.010937500000000001 0.016018306636155607
4 0.565625 0.6453089244851259 0.015625 0.02288329519450801
4 0.58046875 0.6521739130434783 0.010937500000000001 0.02288329519450801
4 0.6898437500000001 0.6098398169336384 0.0140625 0.02517162471395881
4 0.7390625000000001 0.597254004576659 0.0125 0.02288329519450801
4 0.7445312500000001 0.5778032036613272 0.0140625 0.02517162471395881
4 0.68359375 0.6533180778032036 0.0140625 0.034324942791762014
4 0.7046875 0.6235697940503433 0.0125 0.02517162471395881
4 0.7109375 0.6475972540045767 0.015625 0.027459954233409613
4 0.765625 0.602974828375286 0.025 0.038901601830663615
4 0.7976562500000001 0.5823798627002288 0.010937500000000001 0.02517162471395881
4 0.94296875 0.6041189931350115 0.0421875 0.07780320366132723
4 0.915625 0.6178489702517163 0.0125 0.032036613272311214
4 0.9265625000000001 0.6613272311212814 0.018750000000000003 0.036613272311212815
4 0.88984375 0.6338672768878718 0.0171875 0.032036613272311214
4 0.83984375 0.6407322654462243 0.0390625 0.05034324942791762
4 0.81640625 0.6567505720823799 0.0171875 0.032036613272311214
4 0.7835937500000001 0.6064073226544623 0.010937500000000001 0.027459954233409613
4 0.796875 0.6327231121281465 0.015625 0.020594965675057208
4 0.77890625 0.6601830663615561 0.0203125 0.043478260869565216
4 0.8835937500000001 0.5892448512585813 0.0203125 0.038901601830663615
4 0.44765625000000003 0.06750572082379863 0.029687500000000002 0.034324942791762014
4 0.8187500000000001 0.32036613272311215 0.021875000000000002 0.036613272311212815
4 0.9007812500000001 0.43707093821510296 0.0203125 0.10526315789473684
4 0.92109375 0.43592677345537756 0.0203125 0.09839816933638444
4 0.9617187500000001 0.4702517162471396 0.0328125 0.06636155606407322
