0 0.886904761904762 0.5190476190476191 0.10714285714285715 0.2619047619047619
0 0.7226190476190477 0.5583333333333333 0.07380952380952381 0.18809523809523812
0 0.5047619047619049 0.5761904761904763 0.0761904761904762 0.18571428571428572
0 0.3952380952380953 0.5226190476190476 0.07142857142857144 0.17857142857142858
0 0.4214285714285715 0.4690476190476191 0.05238095238095239 0.1285714285714286
0 0.4535714285714286 0.48571428571428577 0.030952380952380953 0.0761904761904762
0 0.5011904761904762 0.45000000000000007 0.02142857142857143 0.05238095238095239
0 0.5333333333333334 0.4642857142857143 0.0380952380952381 0.09523809523809525
0 0.5595238095238095 0.4702380952380953 0.0380952380952381 0.09285714285714286
0 0.5988095238095239 0.46666666666666673 0.03571428571428572 0.09047619047619049
0 0.7738095238095238 0.4916666666666667 0.05714285714285715 0.14523809523809525
0 0.7047619047619048 0.42500000000000004 0.01904761904761905 0.05476190476190477
0 0.7535714285714287 0.4285714285714286 0.03571428571428572 0.09047619047619049
2 0.6821428571428572 0.41071428571428575 0.030952380952380953 0.05
