0 0.07648401826484018 0.21915584415584416 0.09817351598173515 0.17207792207792208
0 0.273972602739726 0.851461038961039 0.1506849315068493 0.26136363636363635
0 0.15296803652968036 0.8660714285714286 0.1187214611872146 0.20941558441558442
0 0.06164383561643835 0.8530844155844156 0.1232876712328767 0.25162337662337664
0 0.571917808219178 0.5925324675324676 0.09817351598173515 0.16883116883116883
0 0.6552511415525114 0.5876623376623377 0.0867579908675799 0.15584415584415584
0 0.6974885844748858 0.575487012987013 0.07077625570776255 0.12824675324675325
0 0.7420091324200913 0.564935064935065 0.0593607305936073 0.1038961038961039
0 0.7705479452054794 0.5608766233766234 0.04794520547945205 0.08928571428571429
0 0.8047945205479452 0.5576298701298702 0.04337899543378995 0.07954545454545454
0 0.843607305936073 0.5568181818181819 0.05251141552511415 0.09090909090909091
0 0.8230593607305936 0.5487012987012987 0.03881278538812785 0.07142857142857144
0 0.3025114155251141 0.5974025974025975 0.07077625570776255 0.12662337662337664
0 0.14383561643835616 0.5795454545454546 0.0502283105022831 0.08766233766233766
0 0.03767123287671233 0.5762987012987013 0.05251141552511415 0.09090909090909091
0 0.06506849315068493 0.5446428571428572 0.02968036529680365 0.05032467532467533
0 0.341324200913242 0.5600649350649352 0.03881278538812785 0.07142857142857144
0 0.37671232876712324 0.5633116883116883 0.0319634703196347 0.05844155844155845
0 0.4235159817351598 0.5584415584415585 0.03881278538812785 0.06818181818181819
0 0.4463470319634703 0.5584415584415585 0.03424657534246575 0.061688311688311695
0 0.47602739726027393 0.5592532467532468 0.04337899543378995 0.07629870129870131
0 0.49885844748858443 0.573051948051948 0.05251141552511415 0.09415584415584416
0 0.9041095890410958 0.5576298701298702 0.045662100456621 0.07954545454545454
0 0.9417808219178082 0.5600649350649352 0.04337899543378995 0.08116883116883117
0 0.8835616438356164 0.5535714285714286 0.0365296803652968 0.06818181818181819
0 0.9760273972602739 0.5616883116883117 0.04337899543378995 0.09090909090909091
0 0.15296803652968036 0.2012987012987013 0.1187214611872146 0.2077922077922078
0 0.2694063926940639 0.19642857142857145 0.1278538812785388 0.2207792207792208
0 0.4246575342465753 0.17370129870129872 0.1506849315068493 0.25974025974025977
0 0.5171232876712328 0.1875 0.13470319634703196 0.23214285714285715
0 0.5821917808219178 0.1931818181818182 0.1278538812785388 0.22402597402597405
0 0.8093607305936072 0.1793831168831169 0.14383561643835616 0.2548701298701299
0 0.7477168949771689 0.18181818181818182 0.14383561643835616 0.25
0 0.9063926940639269 0.1728896103896104 0.1461187214611872 0.25811688311688313
0 0.958904109589041 0.03977272727272727 0.0228310502283105 0.04383116883116883
0 0.6894977168949772 0.10470779220779221 0.0547945205479452 0.09902597402597403
0 0.9817351598173516 0.03246753246753247 0.0182648401826484 0.03246753246753247
0 0.1267123287671233 0.7840909090909092 0.06164383561643835 0.10714285714285715
2 0.023972602739726026 0.1387987012987013 0.02054794520547945 0.040584415584415584
2 0.04794520547945205 0.13961038961038963 0.0365296803652968 0.05194805194805195
2 0.1769406392694064 0.12662337662337664 0.03424657534246575 0.03571428571428572
2 0.3047945205479452 0.137987012987013 0.03424657534246575 0.025974025974025976
2 0.9315068493150684 0.06980519480519481 0.0547945205479452 0.04220779220779221
2 0.5228310502283104 0.7897727272727273 0.1050228310502283 0.15097402597402598
2 0.6107305936073059 0.8076298701298702 0.09817351598173515 0.1996753246753247
2 0.21689497716894976 0.5292207792207793 0.0228310502283105 0.025974025974025976
2 0.24771689497716892 0.5275974025974026 0.02511415525114155 0.025974025974025976
2 0.9577625570776255 0.5243506493506493 0.02968036529680365 0.025974025974025976
2 0.75 0.5267857142857143 0.01598173515981735 0.014610389610389612
2 0.9178082191780821 0.03165584415584416 0.0319634703196347 0.0275974025974026
2 0.8378995433789954 0.03652597402597403 0.0273972602739726 0.0275974025974026
2 0.8116438356164383 0.03977272727272727 0.02054794520547945 0.014610389610389612
2 0.7831050228310502 0.03977272727272727 0.0182648401826484 0.014610389610389612
2 0.7602739726027397 0.048701298701298704 0.0228310502283105 0.012987012987012988
2 0.6974885844748858 0.04626623376623377 0.01598173515981735 0.021103896103896104
2 0.7157534246575342 0.05032467532467533 0.02054794520547945 0.016233766233766236
2 0.7180365296803652 0.038149350649350655 0.01598173515981735 0.011363636363636364
2 0.7876712328767123 0.025974025974025976 0.0228310502283105 0.012987012987012988
2 0.18949771689497716 0.7686688311688312 0.0410958904109589 0.05681818181818182
2 0.0228310502283105 0.7646103896103896 0.0273972602739726 0.04220779220779221
2 0.08561643835616438 0.7556818181818182 0.03424657534246575 0.04383116883116883
2 0.23515981735159816 0.7564935064935066 0.0182648401826484 0.025974025974025976
4 0.6118721461187214 0.5324675324675325 0.0502283105022831 0.029220779220779224
4 0.6757990867579908 0.5267857142857143 0.0273972602739726 0.0275974025974026
4 0.7191780821917808 0.5267857142857143 0.0228310502283105 0.024350649350649352
4 0.9200913242009132 0.5227272727272727 0.0273972602739726 0.01948051948051948
4 0.5342465753424657 0.525974025974026 0.0319634703196347 0.016233766233766236
4 0.319634703196347 0.5243506493506493 0.0319634703196347 0.022727272727272728
4 0.3789954337899543 0.5211038961038962 0.0228310502283105 0.025974025974025976
4 0.8595890410958904 0.5194805194805195 0.01598173515981735 0.016233766233766236
4 0.7397260273972602 0.03977272727272727 0.0182648401826484 0.0275974025974026
4 0.8732876712328766 0.03165584415584416 0.02054794520547945 0.021103896103896104
