0 0.10333333333333335 0.555 0.12000000000000001 0.44
0 0.5266666666666667 0.505 0.08333333333333334 0.305
0 0.5541666666666667 0.49375 0.08166666666666667 0.3075
0 0.5958333333333333 0.49375 0.07166666666666667 0.2675
0 0.63 0.48875 0.06333333333333334 0.2325
0 0.6891666666666667 0.445 0.03833333333333334 0.14
0 0.325 0.49375 0.07333333333333333 0.2675
0 0.26666666666666666 0.51875 0.07 0.2625
0 0.035833333333333335 0.45375 0.06166666666666667 0.2325
0 0.5075000000000001 0.41500000000000004 0.021666666666666667 0.085
0 0.49500000000000005 0.42125 0.02 0.0725
0 0.48500000000000004 0.42375 0.02 0.0775
0 0.8025000000000001 0.5275 0.09833333333333334 0.36
0 0.9466666666666668 0.5525 0.10333333333333335 0.455
0 0.7758333333333334 0.41500000000000004 0.018333333333333333 0.065
2 0.19 0.56125 0.11333333333333334 0.2325
2 0.018333333333333333 0.4975 0.03333333333333333 0.255
2 0.07 0.40750000000000003 0.03333333333333333 0.145
2 0.135 0.3975 0.05 0.075
2 0.1716666666666667 0.38625 0.02666666666666667 0.0575
2 0.4341666666666667 0.57875 0.125 0.3425
2 0.4675 0.4325 0.011666666666666667 0.09
4 0.6708333333333334 0.40125 0.021666666666666667 0.0425
4 0.7358333333333333 0.41375 0.06833333333333334 0.0725
4 0.36833333333333335 0.39375 0.05 0.0325
4 0.9108333333333334 0.39625 0.015000000000000001 0.0275
4 0.9325000000000001 0.4 0.015000000000000001 0.03
