0 0.7333333333333333 0.7156250000000001 0.05 0.20625000000000002
0 0.5416666666666666 0.71875 0.05 0.1875
0 0.45208333333333334 0.7250000000000001 0.05416666666666667 0.2
0 0.3541666666666667 0.8 0.058333333333333334 0.23750000000000002
0 0.2791666666666667 0.75 0.05 0.2
0 0.16875 0.83125 0.07083333333333333 0.2625
0 0.06041666666666667 0.80625 0.0625 0.25
0 0.06875 0.6781250000000001 0.04583333333333333 0.16875
0 0.11041666666666666 0.64375 0.04583333333333333 0.1875
0 0.41875 0.65 0.0375 0.15000000000000002
0 0.38958333333333334 0.634375 0.0375 0.15625
0 0.3541666666666667 0.603125 0.03333333333333333 0.11875000000000001
0 0.2375 0.634375 0.03333333333333333 0.13125
0 0.20416666666666666 0.634375 0.03333333333333333 0.14375000000000002
0 0.70625 0.5875 0.0375 0.1375
0 0.8520833333333333 0.696875 0.029166666666666667 0.11875000000000001
0 0.32708333333333334 0.665625 0.0375 0.14375000000000002
0 0.6125 0.6312500000000001 0.03333333333333333 0.1375
0 0.8 0.7093750000000001 0.041666666666666664 0.15625
2 0.14791666666666667 0.6218750000000001 0.029166666666666667 0.13125
2 0.18125 0.603125 0.029166666666666667 0.09375
4 0.34375 0.45625000000000004 0.0625 0.1
4 0.44166666666666665 0.49375 0.08333333333333333 0.1
4 0.5520833333333334 0.5125000000000001 0.09583333333333333 0.1
4 0.9041666666666667 0.5875 0.09166666666666666 0.08750000000000001
4 0.25625 0.44062500000000004 0.1125 0.11875000000000001
4 0.13125 0.40625 0.05416666666666667 0.08750000000000001
