0 0.911 0.5174927113702624 0.126 0.446064139941691
0 0.798 0.4358600583090379 0.116 0.4169096209912536
0 0.439 0.46355685131195334 0.08600000000000001 0.30903790087463556
0 0.325 0.4271137026239067 0.09 0.3294460641399417
0 0.176 0.43440233236151604 0.10400000000000001 0.3790087463556851
0 0.247 0.4052478134110787 0.034 0.12244897959183673
0 0.524 0.41836734693877553 0.048 0.17784256559766765
0 0.7020000000000001 0.42857142857142855 0.04 0.15160349854227406
0 0.667 0.4271137026239067 0.03 0.10787172011661808
0 0.975 0.3877551020408163 0.022 0.08163265306122448
0 0.059000000000000004 0.45481049562682213 0.098 0.3556851311953353
2 0.386 0.39941690962099125 0.028 0.12244897959183673
2 0.014 0.3629737609329446 0.024 0.10787172011661808
4 0.631 0.46355685131195334 0.034 0.08746355685131195
