0 0.4880952380952381 0.5273809523809524 0.2492063492063492 0.9166666666666667
0 0.11428571428571428 0.2880952380952381 0.08571428571428572 0.31428571428571433
0 0.07222222222222222 0.2833333333333334 0.0873015873015873 0.3190476190476191
0 0.3111111111111111 0.2023809523809524 0.031746031746031744 0.11904761904761905
0 0.3896825396825397 0.22380952380952382 0.03968253968253968 0.1523809523809524
0 0.37777777777777777 0.18452380952380953 0.025396825396825397 0.09761904761904763
0 0.2261904761904762 0.2035714285714286 0.03015873015873016 0.11190476190476191
0 0.20555555555555555 0.20833333333333334 0.03333333333333333 0.12619047619047621
0 0.1595238095238095 0.21071428571428574 0.03650793650793651 0.13571428571428573
0 0.2492063492063492 0.19761904761904764 0.015873015873015872 0.05714285714285715
0 0.25873015873015875 0.19404761904761905 0.01904761904761905 0.06904761904761905
0 0.2873015873015873 0.19642857142857145 0.012698412698412698 0.05476190476190477
0 0.27936507936507937 0.1904761904761905 0.015873015873015872 0.06666666666666668
0 0.3531746031746032 0.2011904761904762 0.011111111111111112 0.045238095238095244
0 0.023015873015873017 0.26071428571428573 0.046031746031746035 0.2690476190476191
0 0.025396825396825397 0.2273809523809524 0.050793650793650794 0.19285714285714287
0 0.14365079365079364 0.18809523809523812 0.023809523809523808 0.09047619047619049
0 0.18968253968253967 0.2023809523809524 0.03015873015873016 0.1142857142857143
4 0.09365079365079365 0.1630952380952381 0.015873015873015872 0.04047619047619048
4 0.16825396825396827 0.14523809523809525 0.01904761904761905 0.0380952380952381
