0 0.043333333333333335 0.14376996805111822 0.05666666666666667 0.08732694355697551
0 0.09666666666666668 0.1405750798722045 0.060000000000000005 0.09371671991480299
0 0.165 0.14536741214057508 0.05 0.08200212992545261
0 0.17583333333333334 0.14270500532481364 0.055 0.08732694355697551
0 0.3425 0.1458998935037274 0.055 0.08732694355697551
0 0.36000000000000004 0.14376996805111822 0.05 0.08093716719914804
0 0.4708333333333334 0.13791267305644303 0.06166666666666667 0.09691160809371673
0 0.6208333333333333 0.22151224707135253 0.025 0.04046858359957402
0 0.6391666666666667 0.23109691160809373 0.025 0.04259850905218318
0 0.7125 0.2172523961661342 0.025 0.04046858359957402
0 0.5125000000000001 0.19648562300319491 0.028333333333333335 0.047923322683706075
0 0.8875000000000001 0.11661341853035145 0.011666666666666667 0.01810436634717785
0 0.5441666666666667 0.382321618743344 0.015000000000000001 0.025559105431309907
0 0.5633333333333334 0.3828541001064963 0.02 0.03301384451544196
0 0.5758333333333334 0.38125665601703945 0.021666666666666667 0.0362087326943557
0 0.5966666666666667 0.4041533546325879 0.04 0.06283280085197018
0 0.7175 0.41853035143769973 0.09833333333333334 0.1554845580404686
0 0.8066666666666668 0.43237486687965926 0.08 0.12566560170394037
0 0.8316666666666667 0.42332268370607035 0.06666666666666667 0.10756123535676253
0 0.8941666666666668 0.42758253461128864 0.055 0.08626198083067094
0 0.8758333333333334 0.402555910543131 0.058333333333333334 0.09371671991480299
0 0.9550000000000001 0.43237486687965926 0.060000000000000005 0.09584664536741215
0 0.925 0.3924387646432375 0.043333333333333335 0.06922257720979766
0 0.8566666666666667 0.3876464323748669 0.04 0.06176783812566561
0 0.7891666666666667 0.4094781682641108 0.058333333333333334 0.09478168264110758
0 0.7591666666666668 0.4041533546325879 0.058333333333333334 0.09052183173588925
0 0.67 0.42811501597444096 0.08333333333333334 0.13205537806176784
0 0.6116666666666667 0.4094781682641108 0.02666666666666667 0.0415335463258786
0 0.6416666666666667 0.40042598509052185 0.04666666666666667 0.07454739084132056
0 0.30583333333333335 0.4030883919062833 0.115 0.17997870074547392
0 0.22416666666666668 0.398828541001065 0.115 0.17997870074547392
0 0.1975 0.4137380191693291 0.10166666666666667 0.1608093716719915
0 0.42000000000000004 0.5974440894568691 0.12000000000000001 0.18956336528221515
0 0.36083333333333334 0.6048988285410011 0.07833333333333334 0.12140575079872205
0 0.4091666666666667 0.5915867944621939 0.09833333333333334 0.15441959531416402
0 0.24166666666666667 0.582534611288605 0.07333333333333333 0.11501597444089458
0 0.2575 0.6187433439829606 0.04166666666666667 0.06389776357827477
0 0.26916666666666667 0.5974440894568691 0.07833333333333334 0.12140575079872205
0 0.16833333333333333 0.5894568690095847 0.06333333333333334 0.10117145899893505
0 0.155 0.5947816826411076 0.06666666666666667 0.1033013844515442
0 0.115 0.5883919062832801 0.07333333333333333 0.11395101171459
0 0.06583333333333334 0.589989350372737 0.07500000000000001 0.11927582534611289
0 0.43833333333333335 0.8769968051118212 0.030000000000000002 0.047923322683706075
0 0.7075 0.8056443024494143 0.07500000000000001 0.11821086261980832
0 0.5991666666666667 0.8130990415335464 0.06833333333333334 0.10756123535676253
2 0.5808333333333334 0.12247071352502664 0.015000000000000001 0.008519701810436636
2 0.0675 0.7007454739084132 0.058333333333333334 0.0724174653887114
2 0.895 0.8982960596379127 0.12666666666666668 0.15228966986155487
2 0.91 0.7838125665601705 0.09666666666666668 0.07667731629392972
2 0.8291666666666667 0.7891373801916933 0.04833333333333334 0.059637912673056445
2 0.7641666666666667 0.8274760383386582 0.085 0.04472843450479234
2 0.5900000000000001 0.8588924387646433 0.09000000000000001 0.13312034078807242
2 0.5466666666666667 0.9126730564430245 0.08666666666666667 0.12566560170394037
3 0.5750000000000001 0.08998935037273696 0.02 0.01810436634717785
3 0.5158333333333334 0.37646432374866884 0.021666666666666667 0.02449414270500533
3 0.3816666666666667 0.5431309904153355 0.023333333333333334 0.027689030883919066
3 0.26333333333333336 0.878594249201278 0.05 0.06602768903088392
4 0.5516666666666667 0.06176783812566561 0.09333333333333334 0.0362087326943557
4 0.6475000000000001 0.06283280085197018 0.09833333333333334 0.029818956336528223
4 0.7816666666666667 0.07082002129925453 0.08333333333333334 0.03727369542066028
4 0.7316666666666667 0.08200212992545261 0.016666666666666666 0.01916932907348243
4 0.7075 0.10649627263045794 0.015000000000000001 0.010649627263045795
4 0.675 0.1033013844515442 0.023333333333333334 0.012779552715654953
4 0.6225 0.10969116080937168 0.021666666666666667 0.014909478168264111
4 0.6050000000000001 0.10596379126730565 0.02 0.01810436634717785
4 0.89 0.06443024494142706 0.1366666666666667 0.028753993610223644
4 0.5666666666666667 0.1810436634717785 0.02 0.02129925452609159
4 0.5866666666666667 0.17891373801916935 0.023333333333333334 0.02129925452609159
4 0.6475000000000001 0.1751863684771033 0.021666666666666667 0.01810436634717785
4 0.5416666666666667 0.13099041533546327 0.04 0.014909478168264111
4 0.5416666666666667 0.15867944621938235 0.07666666666666667 0.027689030883919066
4 0.55 0.14110756123535678 0.02 0.007454739084132056
4 0.6033333333333334 0.13738019169329074 0.08666666666666667 0.014909478168264111
4 0.6108333333333333 0.12460063897763579 0.04166666666666667 0.010649627263045795
4 0.6183333333333334 0.1554845580404686 0.07666666666666667 0.02129925452609159
4 0.6175 0.1767838125665602 0.03833333333333334 0.01916932907348243
4 0.6575000000000001 0.12140575079872205 0.035 0.014909478168264111
4 0.6933333333333334 0.13631522896698617 0.09333333333333334 0.014909478168264111
4 0.7116666666666667 0.12087326943556977 0.07 0.015974440894568693
4 0.7825000000000001 0.1187433439829606 0.07833333333333334 0.028753993610223644
4 0.8916666666666667 0.15175718849840256 0.13 0.06922257720979766
4 0.7841666666666667 0.1602768903088392 0.08833333333333333 0.05644302449414271
4 0.6983333333333334 0.16666666666666669 0.08333333333333334 0.043663471778487756
4 0.935 0.20394036208732697 0.043333333333333335 0.03301384451544196
4 0.6183333333333334 0.3769968051118211 0.04 0.03407880724174654
4 0.7716666666666667 0.3679446219382322 0.013333333333333334 0.011714589989350373
4 0.8291666666666667 0.36315228966986157 0.03833333333333334 0.010649627263045795
4 0.9025000000000001 0.36048988285410016 0.03166666666666667 0.01810436634717785
4 0.9508333333333334 0.3674121405750799 0.015000000000000001 0.02129925452609159
4 0.39666666666666667 0.8690095846645368 0.060000000000000005 0.029818956336528223
4 0.4783333333333334 0.8684771033013845 0.030000000000000002 0.030883919062832804
4 0.51 0.7896698615548456 0.016666666666666666 0.03301384451544196
4 0.5291666666666667 0.7928647497337594 0.021666666666666667 0.02236421725239617
4 0.5516666666666667 0.7864749733759319 0.02666666666666667 0.013844515441959533
4 0.5808333333333334 0.7859424920127797 0.025 0.012779552715654953
4 0.8683333333333334 0.7896698615548456 0.016666666666666666 0.02023429179978701
4 0.7866666666666667 0.7832800851970182 0.02 0.02236421725239617
