0 0.075 0.8347222222222223 0.04583333333333333 0.14722222222222223
0 0.022916666666666665 0.8361111111111111 0.041666666666666664 0.13333333333333333
0 0.5010416666666666 0.8527777777777779 0.03958333333333333 0.1277777777777778
0 0.6708333333333333 0.8791666666666667 0.07083333333333333 0.23611111111111113
0 0.71875 0.8611111111111112 0.05 0.17222222222222222
0 0.746875 0.8652777777777778 0.05625 0.19166666666666668
0 0.6104166666666666 0.8430555555555556 0.0375 0.11944444444444445
0 0.578125 0.8402777777777778 0.027083333333333334 0.09166666666666667
0 0.5645833333333333 0.8236111111111112 0.025 0.08055555555555556
0 0.63125 0.8111111111111111 0.020833333333333332 0.06666666666666667
0 0.796875 0.8347222222222223 0.035416666666666666 0.11944444444444445
0 0.8312499999999999 0.8222222222222223 0.029166666666666667 0.09444444444444444
0 0.9177083333333333 0.875 0.07291666666666667 0.2388888888888889
0 0.9552083333333333 0.8666666666666667 0.07291666666666667 0.24444444444444446
0 0.7708333333333334 0.8166666666666667 0.020833333333333332 0.06666666666666667
0 0.85 0.8097222222222222 0.025 0.09166666666666667
0 0.8770833333333333 0.8333333333333334 0.04583333333333333 0.15555555555555556
1 0.378125 0.8250000000000001 0.03125 0.10555555555555556
2 0.9739583333333334 0.7763888888888889 0.035416666666666666 0.075
2 0.7875 0.7722222222222223 0.016666666666666666 0.03333333333333333
4 0.24895833333333334 0.7375 0.08541666666666667 0.04166666666666667
4 0.33229166666666665 0.7402777777777778 0.05625 0.04166666666666667
4 0.45208333333333334 0.826388888888889 0.025 0.075
4 0.5479166666666666 0.8125 0.029166666666666667 0.09166666666666667
4 0.646875 0.7861111111111111 0.022916666666666665 0.03888888888888889
4 0.49895833333333334 0.7555555555555555 0.03958333333333333 0.044444444444444446
