0 0.09510869565217392 0.7069672131147542 0.09963768115942029 0.5614754098360656
0 0.13677536231884058 0.6803278688524591 0.08152173913043478 0.45901639344262296
0 0.20742753623188406 0.6782786885245902 0.08514492753623189 0.4713114754098361
0 0.32155797101449274 0.7192622950819673 0.09963768115942029 0.5532786885245902
0 0.3061594202898551 0.6803278688524591 0.08333333333333333 0.4754098360655738
0 0.3867753623188406 0.6762295081967213 0.08514492753623189 0.4754098360655738
0 0.47644927536231885 0.7418032786885246 0.08695652173913043 0.49180327868852464
0 0.46467391304347827 0.6987704918032788 0.08152173913043478 0.44672131147540983
0 0.6041666666666666 0.7274590163934427 0.0923913043478261 0.5204918032786886
0 0.7182971014492754 0.7274590163934427 0.0923913043478261 0.5122950819672132
0 0.8360507246376812 0.7418032786885246 0.08876811594202899 0.49180327868852464
0 0.9257246376811594 0.7254098360655739 0.09782608695652174 0.5409836065573771
