0 0.0325 0.4515738498789346 0.065 0.4092009685230024
0 0.05916666666666667 0.5084745762711864 0.11833333333333335 0.4987893462469734
0 0.1375 0.5702179176755449 0.16166666666666668 0.5786924939467313
0 0.2566666666666667 0.5653753026634383 0.16333333333333333 0.5835351089588378
0 0.31583333333333335 0.4394673123486683 0.09166666666666667 0.33171912832929784
0 0.3975 0.5665859564164649 0.14500000000000002 0.5181598062953996
0 0.49000000000000005 0.5992736077481841 0.16666666666666669 0.5932203389830508
0 0.6058333333333333 0.5205811138014528 0.13833333333333334 0.4891041162227603
0 0.6766666666666667 0.5617433414043583 0.15000000000000002 0.5326876513317191
0 0.8591666666666667 0.5181598062953996 0.1716666666666667 0.6150121065375302
0 0.8033333333333333 0.4600484261501211 0.09333333333333334 0.3341404358353511
0 0.7341666666666667 0.32082324455205813 0.03833333333333334 0.14285714285714288
1 0.6291666666666667 0.3135593220338983 0.03166666666666667 0.11864406779661017
1 0.5825 0.31719128329297824 0.035 0.12590799031476999
1 0.5108333333333334 0.3135593220338983 0.03166666666666667 0.11864406779661017
1 0.4566666666666667 0.31476997578692495 0.03333333333333333 0.12590799031476999
1 0.4391666666666667 0.3099273607748184 0.035 0.12590799031476999
1 0.545 0.3135593220338983 0.03666666666666667 0.12832929782082325
1 0.7633333333333334 0.324455205811138 0.03333333333333333 0.12106537530266344
2 0.07916666666666668 0.2796610169491526 0.025 0.06053268765133172
2 0.10166666666666667 0.26634382566585957 0.02 0.04842615012106538
2 0.16083333333333336 0.3075060532687651 0.025 0.0774818401937046
2 0.2225 0.27481840193704604 0.028333333333333335 0.06053268765133172
2 0.3425 0.2953995157384988 0.028333333333333335 0.06295399515738499
2 0.7041666666666667 0.28087167070217917 0.025 0.053268765133171914
2 0.9716666666666667 0.28692493946731235 0.030000000000000002 0.09927360774818403
2 0.9266666666666667 0.27602905569007263 0.02666666666666667 0.05811138014527845
2 0.9091666666666667 0.2711864406779661 0.018333333333333333 0.0387409200968523
2 0.8300000000000001 0.2736077481840194 0.02 0.04842615012106538
2 0.81 0.26876513317191286 0.023333333333333334 0.0387409200968523
2 0.75 0.2784503631961259 0.02 0.04358353510895884
2 0.6725000000000001 0.2602905569007264 0.018333333333333333 0.04116222760290557
2 0.6516666666666667 0.28087167070217917 0.023333333333333334 0.0387409200968523
2 0.4166666666666667 0.2675544794188862 0.02 0.04600484261501211
4 0.6258333333333334 0.24818401937046006 0.06833333333333334 0.02179176755447942
4 0.5591666666666667 0.2530266343825666 0.025 0.031476997578692496
4 0.5283333333333333 0.25181598062953997 0.030000000000000002 0.03389830508474576
4 0.4816666666666667 0.25544794188861986 0.023333333333333334 0.04600484261501211
4 0.36583333333333334 0.26634382566585957 0.035 0.05811138014527845
4 0.31583333333333335 0.25544794188861986 0.025 0.031476997578692496
4 0.29750000000000004 0.2602905569007264 0.018333333333333333 0.036319612590799036
4 0.11833333333333335 0.25786924939467315 0.02 0.04116222760290557
4 0.14 0.25544794188861986 0.02 0.036319612590799036
4 0.1575 0.25544794188861986 0.018333333333333333 0.02179176755447942
