0 0.10312500000000001 0.746875 0.109375 0.36041666666666666
0 0.0625 0.6 0.05 0.1625
0 0.03671875 0.7677083333333333 0.0734375 0.45625
0 0.2171875 0.7895833333333333 0.12812500000000002 0.4166666666666667
0 0.3015625 0.6177083333333333 0.040625 0.13541666666666666
0 0.48828125 0.7895833333333333 0.1265625 0.4125
0 0.53671875 0.75625 0.1453125 0.4791666666666667
0 0.6351562500000001 0.734375 0.1265625 0.4145833333333333
0 0.35468750000000004 0.6104166666666666 0.043750000000000004 0.14166666666666666
0 0.38046875 0.6135416666666667 0.0390625 0.13125
0 0.41640625000000003 0.603125 0.035937500000000004 0.12291666666666666
0 0.4546875 0.60625 0.043750000000000004 0.14583333333333334
0 0.39921875 0.5979166666666667 0.0390625 0.125
2 0.21796875000000002 0.559375 0.0390625 0.052083333333333336
2 0.4078125 0.6510416666666666 0.043750000000000004 0.06875
2 0.47734375 0.5666666666666667 0.029687500000000002 0.04583333333333333
2 0.5906250000000001 0.596875 0.040625 0.06458333333333333
