0 0.031 0.6656626506024097 0.062 0.3795180722891566
0 0.075 0.6566265060240964 0.094 0.3493975903614458
0 0.115 0.6716867469879518 0.094 0.355421686746988
0 0.197 0.6671686746987953 0.126 0.4728915662650603
0 0.291 0.7364457831325302 0.09 0.3283132530120482
0 0.23600000000000002 0.6521084337349398 0.096 0.35240963855421686
0 0.298 0.697289156626506 0.096 0.35843373493975905
0 0.324 0.677710843373494 0.096 0.355421686746988
0 0.40800000000000003 0.6596385542168675 0.12 0.43975903614457834
0 0.45 0.6114457831325302 0.08 0.29518072289156627
0 0.509 0.6596385542168675 0.122 0.45783132530120485
0 0.606 0.6656626506024097 0.132 0.4819277108433735
0 0.665 0.6265060240963856 0.08600000000000001 0.31927710843373497
0 0.777 0.6280120481927711 0.08600000000000001 0.32228915662650603
0 0.707 0.6792168674698795 0.138 0.5150602409638555
0 0.852 0.6792168674698795 0.16 0.5873493975903614
0 0.924 0.6656626506024097 0.12 0.44578313253012053
2 0.878 0.45783132530120485 0.044 0.060240963855421686
2 0.581 0.4864457831325301 0.038 0.06325301204819278
2 0.36 0.48343373493975905 0.028 0.08132530120481928
2 0.382 0.4743975903614458 0.02 0.09337349397590362
2 0.303 0.5 0.034 0.05421686746987952
2 0.274 0.5240963855421688 0.028 0.05421686746987952
2 0.134 0.5240963855421688 0.036000000000000004 0.06626506024096386
2 0.16 0.4774096385542169 0.04 0.06325301204819278
