0 0.20444444444444446 0.36350148367952523 0.07555555555555556 0.2522255192878338
0 0.3244444444444444 0.48961424332344217 0.15555555555555556 0.5103857566765578
0 0.45 0.46587537091988135 0.15333333333333332 0.49851632047477745
0 0.58 0.42433234421364985 0.11555555555555555 0.3738872403560831
0 0.5088888888888888 0.3620178041543027 0.08444444444444445 0.28486646884273
0 0.6411111111111111 0.3768545994065282 0.09555555555555556 0.31454005934718104
0 0.6711111111111111 0.40949554896142437 0.1111111111111111 0.3620178041543027
0 0.7966666666666666 0.4540059347181009 0.15333333333333332 0.5044510385756676
0 0.8866666666666667 0.4050445103857567 0.10666666666666666 0.34718100890207715
0 0.9588888888888889 0.3560830860534125 0.07777777777777778 0.26112759643916916
0 0.9733333333333334 0.38724035608308605 0.04888888888888889 0.2759643916913947
0 0.7155555555555555 0.3798219584569733 0.08 0.26706231454005935
0 0.7377777777777778 0.3827893175074184 0.09333333333333334 0.3086053412462908
2 0.06555555555555556 0.39169139465875374 0.06 0.12462908011869436
2 0.13333333333333333 0.3738872403560831 0.04888888888888889 0.13056379821958458
2 0.2588888888888889 0.370919881305638 0.028888888888888888 0.13056379821958458
2 0.8555555555555555 0.2685459940652819 0.035555555555555556 0.08605341246290801
2 0.42777777777777776 0.2685459940652819 0.03333333333333333 0.06231454005934718
