0 0.06403940886699508 0.7092592592592593 0.12807881773399016 0.5666666666666667
0 0.15886699507389163 0.6925925925925926 0.16009852216748768 0.5925925925925926
0 0.24876847290640394 0.7055555555555556 0.15763546798029557 0.5814814814814815
0 0.3091133004926108 0.7074074074074075 0.15517241379310345 0.5703703703703704
0 0.37807881773399016 0.7074074074074075 0.15024630541871922 0.562962962962963
0 0.45935960591133007 0.6981481481481482 0.14532019704433496 0.5370370370370371
0 0.5431034482758621 0.6648148148148149 0.16009852216748768 0.5962962962962963
0 0.6625615763546798 0.6870370370370371 0.13793103448275862 0.5148148148148148
0 0.7598522167487685 0.6814814814814815 0.13054187192118227 0.48888888888888893
0 0.812807881773399 0.6777777777777778 0.10837438423645321 0.40740740740740744
0 0.8596059113300493 0.6759259259259259 0.1330049261083744 0.4851851851851852
0 0.9248768472906405 0.6907407407407408 0.13054187192118227 0.49259259259259264
2 0.10591133004926108 0.4814814814814815 0.04926108374384237 0.08148148148148149
2 0.21674876847290642 0.4518518518518519 0.04926108374384237 0.08888888888888889
2 0.5997536945812808 0.45555555555555555 0.05665024630541872 0.08888888888888889
2 0.6268472906403941 0.4166666666666667 0.03201970443349754 0.06296296296296297
2 0.7105911330049262 0.49074074074074076 0.046798029556650245 0.1
