0 0.2754166666666667 0.733125 0.29083333333333333 0.5325
0 0.55125 0.7315625 0.14416666666666667 0.263125
0 0.4658333333333334 0.6928125 0.09333333333333334 0.170625
0 0.020833333333333336 0.7090625 0.04166666666666667 0.100625
0 0.04416666666666667 0.70625 0.03833333333333334 0.07125000000000001
0 0.0775 0.7071875 0.05333333333333334 0.098125
0 0.09416666666666668 0.7053125 0.058333333333333334 0.106875
0 0.11458333333333334 0.714375 0.04583333333333334 0.085
0 0.3979166666666667 0.7156250000000001 0.04083333333333333 0.07625
0 0.49875 0.7065625 0.04916666666666667 0.091875
0 0.5900000000000001 0.7103125 0.058333333333333334 0.106875
0 0.6095833333333334 0.7171875 0.035833333333333335 0.066875
0 0.6341666666666667 0.723125 0.03333333333333333 0.06125
0 0.64875 0.7159375 0.04583333333333334 0.084375
0 0.6758333333333334 0.7121875 0.04666666666666667 0.085625
0 0.6958333333333334 0.7128125 0.04 0.074375
0 0.7216666666666667 0.718125 0.03833333333333334 0.0725
0 0.7533333333333334 0.716875 0.03833333333333334 0.07125000000000001
0 0.7775000000000001 0.7190625 0.035 0.065625
0 0.7958333333333334 0.723125 0.030000000000000002 0.055
0 0.7920833333333334 0.6846875 0.022500000000000003 0.040625
0 0.7733333333333334 0.6853125 0.016666666666666666 0.031875
0 0.44333333333333336 0.7096875 0.04833333333333334 0.090625
0 0.4083333333333334 0.603125 0.018333333333333333 0.035
0 0.44333333333333336 0.6003125 0.02 0.036875
0 0.47250000000000003 0.601875 0.018333333333333333 0.035
0 0.5033333333333334 0.601875 0.02 0.03875
0 0.5183333333333333 0.603125 0.02 0.03875
0 0.9133333333333334 0.7003125 0.06833333333333334 0.12687500000000002
