0 0.07329317269076305 0.75 0.05421686746987951 0.24125874125874125
0 0.15261044176706826 0.7185314685314685 0.04417670682730923 0.1993006993006993
0 0.19277108433734938 0.7674825174825175 0.0642570281124498 0.2762237762237762
0 0.24598393574297187 0.7290209790209791 0.05421686746987951 0.23426573426573427
0 0.2831325301204819 0.701048951048951 0.04417670682730923 0.1993006993006993
0 0.33835341365461846 0.756993006993007 0.06626506024096385 0.2902097902097902
0 0.37951807228915657 0.7290209790209791 0.06024096385542168 0.25524475524475526
0 0.4156626506024096 0.7027972027972028 0.048192771084337345 0.21678321678321677
0 0.4989959839357429 0.791958041958042 0.08634538152610441 0.3741258741258741
0 0.5230923694779116 0.6538461538461539 0.03012048192771084 0.13986013986013987
0 0.5823293172690762 0.6381118881118881 0.024096385542168672 0.11538461538461539
0 0.5983935742971886 0.6381118881118881 0.024096385542168672 0.11538461538461539
0 0.7078313253012047 0.75 0.07028112449799197 0.3111888111888112
0 0.6797188755020079 0.722027972027972 0.06224899598393574 0.26223776223776224
0 0.6516064257028111 0.6923076923076923 0.04618473895582329 0.1958041958041958
0 0.641566265060241 0.666083916083916 0.04216867469879518 0.19230769230769232
0 0.7921686746987951 0.6818181818181818 0.0502008032128514 0.2097902097902098
0 0.8383534136546184 0.7027972027972028 0.05421686746987951 0.23776223776223776
0 0.8905622489959839 0.7395104895104895 0.06626506024096385 0.28321678321678323
0 0.9267068273092368 0.6783216783216783 0.04618473895582329 0.1958041958041958
0 0.860441767068273 0.6223776223776224 0.03012048192771084 0.1258741258741259
4 0.24297188755020077 0.6118881118881119 0.48192771084337344 0.04195804195804196
