0 0.041666666666666664 0.4117647058823529 0.08333333333333333 0.3244206773618538
0 0.07166666666666667 0.41978609625668445 0.0811111111111111 0.3190730837789661
0 0.1827777777777778 0.4242424242424242 0.09222222222222222 0.3600713012477718
0 0.3161111111111111 0.49999999999999994 0.11888888888888889 0.4688057040998217
0 0.4772222222222222 0.5490196078431372 0.20333333333333334 0.7985739750445633
0 0.8061111111111111 0.49019607843137253 0.14555555555555555 0.5739750445632799
0 0.9716666666666667 0.37522281639928695 0.05444444444444444 0.2655971479500891
0 0.945 0.3814616755793226 0.06777777777777778 0.2709447415329768
0 0.9277777777777778 0.3547237076648841 0.06222222222222222 0.2424242424242424
0 0.8983333333333333 0.31996434937611407 0.03666666666666667 0.1443850267379679
0 0.7144444444444444 0.3351158645276292 0.03777777777777778 0.1497326203208556
0 0.6694444444444444 0.3351158645276292 0.034444444444444444 0.1354723707664884
4 0.21555555555555556 0.2335115864527629 0.4177777777777778 0.2531194295900178
