0 0.338 0.6424148606811146 0.068 0.25696594427244585
0 0.558 0.6331269349845201 0.052000000000000005 0.19504643962848298
0 0.614 0.6222910216718267 0.048 0.18575851393188855
0 0.751 0.7058823529411765 0.078 0.29721362229102166
0 0.678 0.6037151702786379 0.044 0.17337461300309598
0 0.41100000000000003 0.49226006191950467 0.038 0.14860681114551083
0 0.016 0.5294117647058824 0.032 0.15479876160990713
0 0.865 0.5603715170278638 0.034 0.13622291021671828
2 0.858 0.7043343653250774 0.04 0.20123839009287928
2 0.93 0.6873065015479877 0.048 0.2105263157894737
2 0.924 0.5681114551083591 0.028 0.052631578947368425
2 0.809 0.653250773993808 0.042 0.14241486068111456
2 0.717 0.6687306501547988 0.046 0.1609907120743034
2 0.659 0.6780185758513932 0.042 0.17337461300309598
2 0.47100000000000003 0.6687306501547988 0.05 0.1671826625386997
2 0.461 0.5681114551083591 0.042 0.11455108359133127
2 0.381 0.6191950464396285 0.042 0.14860681114551083
2 0.384 0.5278637770897833 0.028 0.07120743034055728
2 0.34800000000000003 0.4597523219814242 0.032 0.05882352941176471
2 0.302 0.47678018575851394 0.028 0.06811145510835914
2 0.307 0.4303405572755418 0.03 0.05572755417956657
2 0.727 0.541795665634675 0.03 0.09907120743034056
2 0.762 0.5386996904024768 0.036000000000000004 0.11145510835913314
2 0.923 0.5123839009287926 0.03 0.052631578947368425
2 0.91 0.48452012383900933 0.02 0.052631578947368425
2 0.969 0.5092879256965944 0.026000000000000002 0.05882352941176471
2 0.223 0.5851393188854489 0.046 0.1671826625386997
2 0.132 0.6145510835913313 0.044 0.16408668730650156
2 0.064 0.5712074303405573 0.04 0.1455108359133127
2 0.066 0.44891640866873067 0.04 0.10526315789473685
2 0.152 0.5464396284829721 0.048 0.1455108359133127
2 0.153 0.43962848297213625 0.026000000000000002 0.061919504643962855
4 0.501 0.44891640866873067 0.986 0.26625386996904027
