0 0.054954954954954956 0.3449519230769231 0.10990990990990991 0.4639423076923077
0 0.12792792792792793 0.33653846153846156 0.12252252252252252 0.40384615384615385
0 0.17297297297297298 0.4639423076923077 0.17297297297297298 0.5625
0 0.23513513513513515 0.36418269230769235 0.1963963963963964 0.6370192307692308
0 0.2828828828828829 0.4987980769230769 0.2018018018018018 0.6658653846153847
0 0.3612612612612613 0.4519230769230769 0.27207207207207207 0.8942307692307693
0 0.5522522522522523 0.3617788461538462 0.09549549549549549 0.31490384615384615
0 0.5927927927927928 0.34615384615384615 0.0972972972972973 0.32211538461538464
0 0.6243243243243244 0.33052884615384615 0.07387387387387387 0.24278846153846156
0 0.6576576576576577 0.3341346153846154 0.08288288288288288 0.27884615384615385
0 0.6837837837837838 0.3317307692307693 0.07027027027027027 0.2355769230769231
0 0.7189189189189189 0.3161057692307693 0.07207207207207207 0.23798076923076925
0 0.7693693693693694 0.29447115384615385 0.07207207207207207 0.23798076923076925
0 0.5234234234234234 0.3353365384615385 0.08468468468468468 0.2764423076923077
0 0.7981981981981983 0.30649038461538464 0.04684684684684685 0.16105769230769232
0 0.8333333333333334 0.2980769230769231 0.04504504504504504 0.14423076923076925
0 0.8423423423423424 0.2824519230769231 0.04504504504504504 0.1514423076923077
0 0.8846846846846848 0.26322115384615385 0.05045045045045045 0.16586538461538464
0 0.9153153153153153 0.25841346153846156 0.043243243243243246 0.14182692307692307
0 0.9441441441441442 0.26802884615384615 0.03963963963963964 0.13221153846153846
0 0.9792792792792793 0.2572115384615385 0.03783783783783784 0.13461538461538464
0 0.8585585585585586 0.2716346153846154 0.04864864864864865 0.15865384615384617
0 0.07207207207207207 0.34855769230769235 0.0936936936936937 0.3125
2 0.9423423423423424 0.19471153846153846 0.018018018018018018 0.04807692307692308
2 0.9261261261261261 0.171875 0.021621621621621623 0.03125
2 0.8801801801801802 0.1826923076923077 0.012612612612612612 0.04326923076923077
2 0.9018018018018018 0.2043269230769231 0.016216216216216217 0.02403846153846154
2 0.9054054054054054 0.17908653846153846 0.01981981981981982 0.03125
2 0.8432432432432433 0.171875 0.014414414414414415 0.03125
2 0.8657657657657658 0.18149038461538464 0.016216216216216217 0.03125
2 0.8306306306306307 0.20192307692307693 0.02882882882882883 0.04807692307692308
2 0.7108108108108108 0.17427884615384617 0.04504504504504504 0.09375
2 0.7567567567567568 0.17067307692307693 0.043243243243243246 0.06730769230769232
2 0.5414414414414415 0.17067307692307693 0.06306306306306306 0.09134615384615385
2 0.4657657657657658 0.14903846153846154 0.04864864864864865 0.07692307692307693
2 0.0936936936936937 0.15024038461538464 0.043243243243243246 0.0889423076923077
2 0.07027027027027027 0.1622596153846154 0.036036036036036036 0.07451923076923077
2 0.18558558558558558 0.13221153846153846 0.05045045045045045 0.0625
