0 0.02075098814229249 0.16035353535353536 0.04150197628458498 0.21969696969696972
0 0.08102766798418971 0.14772727272727273 0.07905138339920947 0.25
0 0.14328063241106717 0.15151515151515152 0.07707509881422925 0.24242424242424243
0 0.23814229249011856 0.1388888888888889 0.08498023715415019 0.26262626262626265
0 0.43181818181818177 0.15909090909090912 0.07312252964426877 0.2272727272727273
0 0.5138339920948616 0.1553030303030303 0.07114624505928853 0.2297979797979798
0 0.9436758893280631 0.14520202020202022 0.06916996047430829 0.21969696969696972
0 0.1492094861660079 0.5050505050505051 0.11660079051383399 0.36868686868686873
0 0.10474308300395256 0.49873737373737376 0.11067193675889328 0.35101010101010105
0 0.06324110671936758 0.4974747474747475 0.0909090909090909 0.2878787878787879
0 0.038537549407114624 0.4772727272727273 0.07707509881422925 0.27272727272727276
0 0.8231225296442687 0.5606060606060607 0.08893280632411067 0.2828282828282829
0 0.9209486166007904 0.513888888888889 0.11857707509881422 0.37121212121212127
0 0.959486166007905 0.8510101010101011 0.06916996047430829 0.21717171717171718
0 0.8992094861660078 0.8674242424242425 0.05928853754940711 0.18939393939393942
0 0.022727272727272724 0.86489898989899 0.04545454545454545 0.2550505050505051
0 0.08498023715415019 0.8775252525252526 0.07114624505928853 0.22474747474747478
0 0.12055335968379446 0.8737373737373738 0.07509881422924901 0.2373737373737374
0 0.16205533596837943 0.8800505050505051 0.07114624505928853 0.22474747474747478
0 0.20355731225296442 0.8750000000000001 0.07114624505928853 0.2297979797979798
0 0.24308300395256915 0.8800505050505051 0.07114624505928853 0.21969696969696972
0 0.3063241106719367 0.9482323232323233 0.02766798418972332 0.0883838383838384
0 0.3468379446640316 0.9482323232323233 0.029644268774703556 0.0984848484848485
0 0.37055335968379444 0.9494949494949496 0.02569169960474308 0.08585858585858587
0 0.39822134387351776 0.9444444444444445 0.029644268774703556 0.09595959595959597
0 0.4258893280632411 0.946969696969697 0.029644268774703556 0.09595959595959597
0 0.4624505928853755 0.941919191919192 0.035573122529644265 0.11111111111111112
0 0.49901185770750983 0.941919191919192 0.029644268774703556 0.10101010101010102
0 0.5247035573122529 0.9444444444444445 0.029644268774703556 0.09595959595959597
0 0.5533596837944663 0.9406565656565657 0.03162055335968379 0.10353535353535355
0 0.5810276679841897 0.941919191919192 0.02766798418972332 0.09595959595959597
0 0.6007905138339921 0.9444444444444445 0.03162055335968379 0.10101010101010102
0 0.6205533596837944 0.9457070707070708 0.02766798418972332 0.09343434343434344
0 0.6442687747035573 0.941919191919192 0.02766798418972332 0.09595959595959597
0 0.6650197628458497 0.941919191919192 0.029644268774703556 0.09595959595959597
0 0.6887351778656126 0.9406565656565657 0.029644268774703556 0.0984848484848485
0 0.7104743083003953 0.9406565656565657 0.029644268774703556 0.0984848484848485
0 0.7312252964426877 0.9393939393939394 0.03162055335968379 0.10101010101010102
0 0.5464426877470355 0.4734848484848485 0.08498023715415019 0.2651515151515152
0 0.4802371541501976 0.5075757575757576 0.07905138339920947 0.25252525252525254
0 0.39229249011857703 0.5858585858585859 0.07312252964426877 0.23232323232323235
0 0.4021739130434782 0.5037878787878788 0.07707509881422925 0.23989898989898992
0 0.2934782608695652 0.36868686868686873 0.04545454545454545 0.14646464646464646
2 0.3033596837944664 0.6401515151515152 0.05731225296442687 0.12373737373737374
2 0.3152173913043478 0.4747474747474748 0.04150197628458498 0.07575757575757576
2 0.28557312252964423 0.5303030303030304 0.02569169960474308 0.07070707070707072
2 0.31422924901185767 0.40151515151515155 0.035573122529644265 0.07070707070707072
2 0.37055335968379444 0.42171717171717177 0.03359683794466403 0.05050505050505051
3 0.6798418972332015 0.13131313131313133 0.035573122529644265 0.16161616161616163
3 0.7124505928853755 0.10353535353535355 0.04545454545454545 0.14646464646464646
