0 0.1142857142857143 0.6218637992831542 0.0761904761904762 0.2903225806451613
0 0.30833333333333335 0.6021505376344086 0.07857142857142858 0.3010752688172043
0 0.255952380952381 0.38530465949820786 0.05 0.18996415770609318
0 0.3726190476190476 0.38530465949820786 0.05 0.18996415770609318
0 0.47261904761904766 0.6057347670250897 0.07857142857142858 0.3010752688172043
0 0.7071428571428572 0.5860215053763441 0.08095238095238096 0.2974910394265233
0 0.8761904761904763 0.600358422939068 0.08571428571428572 0.3118279569892473
0 0.4678571428571429 0.3781362007168459 0.05476190476190477 0.20430107526881722
0 0.6142857142857143 0.3835125448028674 0.05238095238095239 0.2007168458781362
0 0.8130952380952382 0.37455197132616486 0.05 0.1971326164874552
0 0.15357142857142858 0.4731182795698925 0.05952380952380953 0.2222222222222222
0 0.18809523809523812 0.4444444444444444 0.04761904761904762 0.17204301075268819
0 0.33571428571428574 0.46415770609318996 0.05238095238095239 0.20430107526881722
0 0.45119047619047625 0.4551971326164875 0.05476190476190477 0.2078853046594982
0 0.6000000000000001 0.4659498207885305 0.05714285714285715 0.2222222222222222
0 0.8285714285714286 0.44623655913978494 0.06190476190476191 0.22580645161290322
0 0.8714285714285716 0.45161290322580644 0.05714285714285715 0.2078853046594982
2 0.3166666666666667 0.3709677419354839 0.02380952380952381 0.053763440860215055
2 0.9059523809523811 0.24372759856630824 0.026190476190476195 0.07885304659498207
4 0.44523809523809527 0.24193548387096775 0.880952380952381 0.13261648745519714
4 0.4761904761904762 0.021505376344086023 0.8523809523809525 0.043010752688172046
