0 0.03359375 0.636470588235294 0.0671875 0.30823529411764705
0 0.09531250000000001 0.7023529411764705 0.08125 0.3035294117647059
0 0.11875000000000001 0.6647058823529411 0.07500000000000001 0.27999999999999997
0 0.20546875 0.8129411764705882 0.0921875 0.3364705882352941
0 0.16796875 0.6470588235294117 0.1296875 0.47529411764705876
0 0.265625 0.72 0.08125 0.30588235294117644
0 0.24921875000000002 0.6870588235294117 0.08281250000000001 0.30588235294117644
0 0.3046875 0.6129411764705882 0.07187500000000001 0.27058823529411763
0 0.41953125 0.7611764705882352 0.07968750000000001 0.29882352941176465
0 0.484375 0.6541176470588235 0.078125 0.2917647058823529
0 0.5476562500000001 0.7035294117647058 0.0890625 0.3341176470588235
0 0.56953125 0.6329411764705882 0.0734375 0.268235294117647
0 0.64375 0.6376470588235293 0.06875 0.2588235294117647
0 0.7140625 0.7364705882352941 0.07500000000000001 0.2776470588235294
0 0.7718750000000001 0.5917647058823529 0.078125 0.2894117647058823
0 0.92109375 0.6635294117647058 0.08281250000000001 0.30588235294117644
0 0.921875 0.4494117647058823 0.05625 0.20705882352941174
0 0.6328125 0.38235294117647056 0.07187500000000001 0.27058823529411763
0 0.56015625 0.3764705882352941 0.0734375 0.268235294117647
0 0.46796875000000004 0.6105882352941175 0.07968750000000001 0.29882352941176465
0 0.4109375 0.688235294117647 0.078125 0.28470588235294114
2 0.20546875 0.4305882352941176 0.0734375 0.18823529411764706
2 0.403125 0.46705882352941175 0.065625 0.09647058823529411
2 0.4296875 0.4294117647058823 0.03125 0.06823529411764705
2 0.6328125 0.48 0.046875 0.06117647058823529
2 0.78046875 0.4129411764705882 0.0484375 0.12
2 0.9375 0.48470588235294115 0.0625 0.08941176470588234
2 0.45937500000000003 0.26352941176470585 0.05 0.0988235294117647
2 0.50546875 0.2917647058823529 0.0421875 0.06117647058823529
2 0.5046875000000001 0.5141176470588235 0.043750000000000004 0.11058823529411764
4 0.35390625000000003 0.042352941176470586 0.2109375 0.051764705882352935
4 0.93359375 0.1588235294117647 0.1296875 0.09647058823529411
4 0.4890625 0.21411764705882352 0.140625 0.12705882352941175
