0 0.027 0.5573333333333333 0.03 0.10133333333333333
0 0.08 0.5479999999999999 0.04 0.13599999999999998
0 0.133 0.5559999999999999 0.042 0.14666666666666667
0 0.249 0.5373333333333333 0.038 0.13066666666666665
0 0.459 0.6093333333333333 0.066 0.22133333333333333
0 0.514 0.5733333333333334 0.056 0.18133333333333332
0 0.5670000000000001 0.6 0.046 0.14933333333333332
0 0.643 0.5866666666666667 0.054 0.176
0 0.6910000000000001 0.5973333333333333 0.054 0.18133333333333332
0 0.758 0.612 0.08 0.264
0 0.808 0.5973333333333333 0.056 0.192
0 0.854 0.5373333333333333 0.02 0.06666666666666667
0 0.895 0.5826666666666667 0.062 0.20533333333333334
2 0.9390000000000001 0.5093333333333333 0.114 0.5599999999999999
