0 0.10372340425531915 0.45047923322683703 0.10319148936170212 0.3769968051118211
0 0.04095744680851064 0.4496805111821086 0.08191489361702128 0.365814696485623
0 0.17659574468085107 0.4512779552715655 0.1 0.3690095846645367
0 0.2377659574468085 0.4376996805111821 0.10319148936170212 0.38338658146964855
0 0.30638297872340425 0.4424920127795527 0.10638297872340426 0.3929712460063898
0 0.38829787234042556 0.4456869009584664 0.1 0.36741214057507987
0 0.46861702127659577 0.46485623003194887 0.09468085106382979 0.3482428115015974
0 0.5436170212765957 0.45686900958466453 0.09787234042553192 0.3642172523961661
0 0.6223404255319149 0.4512779552715655 0.10425531914893617 0.38178913738019166
0 0.7000000000000001 0.4512779552715655 0.1021276595744681 0.3753993610223642
0 0.7968085106382979 0.45846645367412137 0.10425531914893617 0.38338658146964855
0 0.8515957446808511 0.468849840255591 0.09680851063829787 0.35303514376996803
0 0.9457446808510639 0.45527156549520764 0.10638297872340426 0.389776357827476
0 0.6579787234042553 0.38578274760383385 0.047872340425531915 0.18051118210862618
0 0.7271276595744681 0.38817891373801916 0.052127659574468084 0.19169329073482427
0 0.8085106382978724 0.389776357827476 0.05106382978723405 0.19169329073482427
0 0.7590425531914894 0.3945686900958466 0.05 0.18210862619808305
0 0.8867021276595745 0.4033546325878594 0.05425531914893617 0.1996805111821086
2 0.05585106382978724 0.31070287539936103 0.02021276595744681 0.039936102236421724
2 0.03723404255319149 0.30670926517571884 0.023404255319148935 0.04792332268370607
2 0.10638297872340426 0.3011182108626198 0.01702127659574468 0.03354632587859425
2 0.12234042553191489 0.31230031948881787 0.014893617021276596 0.023961661341853034
2 0.1819148936170213 0.30750798722044725 0.02127659574468085 0.04313099041533546
2 0.18351063829787234 0.28354632587859424 0.015957446808510637 0.01757188498402556
2 0.24468085106382978 0.3154952076677316 0.012765957446808512 0.023961661341853034
2 0.41808510638297874 0.3178913738019169 0.019148936170212766 0.03194888178913738
2 0.4888297872340426 0.3202875399361022 0.018085106382978725 0.03354632587859425
2 0.5393617021276595 0.31389776357827476 0.023404255319148935 0.0463258785942492
2 0.5595744680851064 0.33226837060702874 0.019148936170212766 0.038338658146964855
2 0.5702127659574469 0.3210862619808307 0.01702127659574468 0.04792332268370607
2 0.5835106382978723 0.3154952076677316 0.013829787234042554 0.036741214057507986
2 0.6319148936170212 0.3170926517571885 0.014893617021276596 0.03354632587859425
2 0.6436170212765957 0.3258785942492013 0.012765957446808512 0.025559105431309903
2 0.7090425531914893 0.3059105431309904 0.022340425531914895 0.0463258785942492
2 0.8563829787234043 0.3274760383386581 0.01702127659574468 0.03514376996805112
