0 0.17416666666666666 0.655421686746988 0.10833333333333334 0.3807228915662651
0 0.16083333333333336 0.6216867469879519 0.10166666666666667 0.3662650602409639
0 0.2966666666666667 0.5783132530120483 0.08 0.28915662650602414
0 0.3566666666666667 0.6819277108433736 0.13 0.46746987951807234
0 0.38 0.5602409638554218 0.06333333333333334 0.2240963855421687
0 0.4466666666666667 0.6120481927710844 0.09333333333333334 0.33253012048192776
0 0.5333333333333333 0.6240963855421687 0.11666666666666667 0.4096385542168675
0 0.49250000000000005 0.5638554216867471 0.055 0.2024096385542169
0 0.5975 0.5602409638554218 0.058333333333333334 0.21445783132530122
0 0.6433333333333334 0.5481927710843374 0.06333333333333334 0.2240963855421687
0 0.7150000000000001 0.5325301204819277 0.09333333333333334 0.33253012048192776
0 0.7908333333333334 0.5662650602409639 0.065 0.2313253012048193
0 0.5475 0.09879518072289158 0.04166666666666667 0.15421686746987953
0 0.7250000000000001 0.10120481927710845 0.04 0.13975903614457832
0 0.7625000000000001 0.0927710843373494 0.035 0.12289156626506025
2 0.895 0.5325301204819277 0.02666666666666667 0.05301204819277109
2 0.9075000000000001 0.5686746987951807 0.028333333333333335 0.04819277108433735
2 0.9333333333333333 0.536144578313253 0.02 0.045783132530120486
2 0.9533333333333334 0.5674698795180724 0.02666666666666667 0.050602409638554224
2 0.9900000000000001 0.5253012048192771 0.016666666666666666 0.06265060240963856
2 0.02 0.21084337349397592 0.023333333333333334 0.045783132530120486
2 0.08 0.21204819277108436 0.02666666666666667 0.03855421686746988
2 0.10666666666666667 0.21204819277108436 0.030000000000000002 0.03855421686746988
2 0.13583333333333333 0.2204819277108434 0.028333333333333335 0.045783132530120486
2 0.27416666666666667 0.21084337349397592 0.035 0.050602409638554224
2 0.3216666666666667 0.23975903614457833 0.02666666666666667 0.04096385542168675
2 0.35833333333333334 0.24819277108433738 0.02666666666666667 0.03855421686746988
2 0.4008333333333334 0.26265060240963856 0.028333333333333335 0.05783132530120483
2 0.44833333333333336 0.22168674698795182 0.02666666666666667 0.04337349397590362
2 0.45583333333333337 0.25783132530120484 0.028333333333333335 0.04337349397590362
2 0.48500000000000004 0.21084337349397592 0.023333333333333334 0.03614457831325302
2 0.4991666666666667 0.23614457831325303 0.018333333333333333 0.03855421686746988
2 0.5166666666666667 0.2168674698795181 0.016666666666666666 0.03855421686746988
2 0.5208333333333334 0.2457831325301205 0.021666666666666667 0.028915662650602414
2 0.5616666666666666 0.18313253012048195 0.02 0.04337349397590362
2 0.5566666666666668 0.22168674698795182 0.02666666666666667 0.03855421686746988
2 0.5408333333333334 0.26506024096385544 0.021666666666666667 0.05301204819277109
2 0.7008333333333334 0.14698795180722893 0.025 0.03855421686746988
2 0.665 0.2060240963855422 0.030000000000000002 0.04096385542168675
2 0.6775 0.24096385542168677 0.025 0.04337349397590362
2 0.6916666666666668 0.21084337349397592 0.02 0.03614457831325302
2 0.6900000000000001 0.17951807228915664 0.02 0.03132530120481928
2 0.7066666666666667 0.2421686746987952 0.02 0.03132530120481928
2 0.7241666666666667 0.1746987951807229 0.011666666666666667 0.04096385542168675
2 0.76 0.11927710843373494 0.02 0.03614457831325302
2 0.7416666666666667 0.2096385542168675 0.02 0.03855421686746988
2 0.7425 0.2421686746987952 0.021666666666666667 0.02168674698795181
2 0.7683333333333334 0.24096385542168677 0.02 0.033734939759036145
2 0.7916666666666667 0.23734939759036147 0.016666666666666666 0.050602409638554224
2 0.7791666666666667 0.13975903614457832 0.018333333333333333 0.033734939759036145
2 0.79 0.16867469879518074 0.02 0.028915662650602414
2 0.8116666666666668 0.1951807228915663 0.023333333333333334 0.028915662650602414
2 0.8258333333333334 0.16506024096385544 0.025 0.03614457831325302
2 0.8316666666666667 0.19397590361445785 0.02 0.04096385542168675
2 0.8366666666666667 0.23614457831325303 0.023333333333333334 0.04337349397590362
2 0.8566666666666667 0.22530120481927712 0.023333333333333334 0.04096385542168675
2 0.8616666666666667 0.1674698795180723 0.023333333333333334 0.04096385542168675
2 0.8966666666666667 0.12771084337349398 0.023333333333333334 0.03855421686746988
2 0.8883333333333334 0.1530120481927711 0.02666666666666667 0.04096385542168675
2 0.8866666666666667 0.1927710843373494 0.023333333333333334 0.04819277108433735
2 0.8933333333333334 0.22530120481927712 0.016666666666666666 0.03132530120481928
2 0.9275000000000001 0.16144578313253014 0.025 0.05783132530120483
2 0.9475 0.14096385542168677 0.021666666666666667 0.04096385542168675
2 0.9600000000000001 0.12409638554216869 0.016666666666666666 0.03132530120481928
2 0.9808333333333334 0.11325301204819278 0.021666666666666667 0.03855421686746988
2 0.9850000000000001 0.1891566265060241 0.023333333333333334 0.03132530120481928
2 0.9841666666666667 0.22289156626506026 0.021666666666666667 0.04096385542168675
2 0.9316666666666668 0.22530120481927712 0.023333333333333334 0.03614457831325302
