0 0.007692307692307693 0.8081081081081082 0.015384615384615385 0.14594594594594595
0 0.025961538461538463 0.8 0.01730769230769231 0.12972972972972974
0 0.04134615384615385 0.8 0.013461538461538462 0.10810810810810811
0 0.05384615384615385 0.8108108108108109 0.026923076923076925 0.1837837837837838
0 0.08076923076923077 0.8027027027027027 0.019230769230769232 0.14594594594594595
0 0.48365384615384616 0.3918918918918919 0.06346153846153846 0.4486486486486487
0 0.5038461538461538 0.3945945945945946 0.06153846153846154 0.42162162162162165
0 0.6211538461538462 0.38648648648648654 0.06923076923076923 0.4702702702702703
0 0.7230769230769232 0.6108108108108108 0.08076923076923077 0.5513513513513514
0 0.9048076923076923 0.6216216216216217 0.0826923076923077 0.5621621621621622
0 0.9875 0.4405405405405406 0.021153846153846155 0.2864864864864865
0 0.9730769230769232 0.44594594594594594 0.03461538461538462 0.25405405405405407
0 0.9480769230769232 0.43243243243243246 0.038461538461538464 0.2594594594594595
0 0.7913461538461539 0.42702702702702705 0.04807692307692308 0.32432432432432434
0 0.8230769230769232 0.4297297297297298 0.04230769230769231 0.2864864864864865
0 0.8413461538461539 0.43513513513513513 0.03653846153846154 0.2648648648648649
0 0.8576923076923078 0.43243243243243246 0.038461538461538464 0.2702702702702703
0 0.875 0.4405405405405406 0.03461538461538462 0.25405405405405407
0 0.7663461538461539 0.43243243243243246 0.04423076923076923 0.3027027027027027
0 0.7519230769230769 0.43513513513513513 0.04230769230769231 0.2864864864864865
0 0.6826923076923077 0.42702702702702705 0.038461538461538464 0.2702702702702703
1 0.5836538461538462 0.4297297297297298 0.08653846153846154 0.5891891891891892
2 0.16442307692307692 0.7810810810810811 0.09807692307692309 0.31891891891891894
2 0.25673076923076926 0.8648648648648649 0.03653846153846154 0.14054054054054055
2 0.32211538461538464 0.7837837837837838 0.04423076923076923 0.14054054054054055
2 0.38846153846153847 0.7432432432432433 0.03076923076923077 0.14594594594594595
2 0.43173076923076925 0.7918918918918919 0.04807692307692308 0.1891891891891892
2 0.5653846153846154 0.21081081081081082 0.03076923076923077 0.14054054054054055
2 0.7076923076923077 0.2594594594594595 0.038461538461538464 0.15135135135135136
2 0.914423076923077 0.2567567567567568 0.032692307692307694 0.12432432432432433
2 0.9538461538461539 0.28918918918918923 0.015384615384615385 0.07027027027027027
2 0.8403846153846154 0.28918918918918923 0.015384615384615385 0.04864864864864865
