0 0.12466487935656836 0.1232876712328767 0.045576407506702415 0.07534246575342465
0 0.14745308310991959 0.11301369863013698 0.03753351206434316 0.06164383561643835
0 0.17292225201072386 0.125 0.05093833780160858 0.0821917808219178
0 0.19839142091152814 0.11386986301369863 0.04289544235924933 0.0702054794520548
0 0.225201072386059 0.12585616438356165 0.05361930294906166 0.08732876712328766
0 0.2801608579088472 0.12756849315068491 0.05093833780160858 0.0839041095890411
0 0.3793565683646113 0.11044520547945205 0.045576407506702415 0.07705479452054795
0 0.42091152815013405 0.125 0.05361930294906166 0.08904109589041095
0 0.450402144772118 0.10702054794520548 0.04289544235924933 0.06678082191780821
0 0.4879356568364611 0.11558219178082191 0.05361930294906166 0.0839041095890411
0 0.5402144772117963 0.1172945205479452 0.05093833780160858 0.0839041095890411
0 0.6206434316353887 0.11472602739726026 0.05630026809651475 0.08904109589041095
0 0.5777479892761395 0.09417808219178081 0.029490616621983913 0.04452054794520548
0 0.5884718498659518 0.07962328767123288 0.01876675603217158 0.032534246575342464
0 0.43967828418230565 0.0976027397260274 0.03753351206434316 0.05821917808219178
0 0.5603217158176944 0.2679794520547945 0.0482573726541555 0.07705479452054795
0 0.5281501340482574 0.26883561643835613 0.05361930294906166 0.08904109589041095
0 0.49195710455764075 0.2705479452054794 0.045576407506702415 0.07191780821917808
0 0.5093833780160858 0.2628424657534246 0.04289544235924933 0.06678082191780821
0 0.47319034852546915 0.2636986301369863 0.045576407506702415 0.07191780821917808
0 0.4450402144772118 0.26712328767123283 0.05361930294906166 0.0821917808219178
0 0.4249329758713137 0.2636986301369863 0.040214477211796246 0.0684931506849315
0 0.3967828418230563 0.26712328767123283 0.0482573726541555 0.07876712328767123
0 0.36863270777479895 0.2731164383561644 0.05630026809651475 0.09075342465753425
0 0.3351206434316354 0.2679794520547945 0.04289544235924933 0.0702054794520548
0 0.5361930294906166 0.4015410958904109 0.058981233243967826 0.09417808219178081
0 0.4611260053619303 0.3964041095890411 0.0482573726541555 0.07363013698630136
0 0.47587131367292224 0.39383561643835613 0.040214477211796246 0.06506849315068493
0 0.4249329758713137 0.39212328767123283 0.029490616621983913 0.05136986301369863
0 0.4061662198391421 0.398972602739726 0.045576407506702415 0.07534246575342465
0 0.38471849865951746 0.3955479452054794 0.029490616621983913 0.04794520547945205
0 0.35924932975871315 0.3964041095890411 0.03753351206434316 0.059931506849315065
0 0.7144772117962467 0.11986301369863013 0.040214477211796246 0.06506849315068493
0 0.7412868632707775 0.12842465753424656 0.05093833780160858 0.08561643835616438
0 0.7667560321715818 0.13013698630136986 0.05361930294906166 0.0821917808219178
0 0.7935656836461126 0.125 0.04289544235924933 0.07191780821917808
0 0.8310991957104558 0.1267123287671233 0.05361930294906166 0.08561643835616438
0 0.886058981233244 0.13184931506849315 0.05093833780160858 0.07876712328767123
2 0.9423592493297588 0.10017123287671233 0.06166219839142091 0.053082191780821915
2 0.8176943699731903 0.09417808219178081 0.021447721179624665 0.023972602739726026
2 0.5482573726541555 0.07106164383561643 0.029490616621983913 0.018835616438356163
4 0.450402144772118 0.5402397260273972 0.2680965147453083 0.04280821917808219
