0 0.03195488721804511 0.5722379603399433 0.06390977443609022 0.3229461756373938
0 0.09962406015037593 0.5538243626062324 0.09398496240601503 0.3541076487252125
0 0.1588345864661654 0.5594900849858357 0.09210526315789473 0.3371104815864023
0 0.23214285714285712 0.546742209631728 0.09210526315789473 0.34560906515580736
0 0.29229323308270677 0.5368271954674221 0.09962406015037593 0.3654390934844193
0 0.36466165413533835 0.548158640226629 0.09022556390977443 0.3314447592067989
0 0.4276315789473684 0.538243626062323 0.08834586466165413 0.3342776203966006
0 0.48872180451127817 0.5424929178470255 0.08646616541353383 0.32011331444759206
0 0.5488721804511278 0.5538243626062324 0.08270676691729323 0.31444759206798867
0 0.6231203007518796 0.5495750708215298 0.08834586466165413 0.3342776203966006
0 0.6936090225563909 0.5580736543909349 0.09398496240601503 0.34560906515580736
0 0.744360902255639 0.538243626062323 0.09774436090225563 0.36827195467422097
0 0.8026315789473684 0.5524079320113314 0.10526315789473684 0.3909348441926346
0 0.8909774436090225 0.5750708215297451 0.10526315789473684 0.3852691218130312
0 0.9530075187969924 0.5538243626062324 0.09022556390977443 0.3541076487252125
2 0.18045112781954886 0.4135977337110482 0.041353383458646614 0.0679886685552408
2 0.325187969924812 0.415014164305949 0.041353383458646614 0.0821529745042493
2 0.40037593984962405 0.415014164305949 0.02631578947368421 0.053824362606232294
2 0.45676691729323304 0.40084985835694054 0.02631578947368421 0.0821529745042493
2 0.525375939849624 0.4164305949008499 0.03195488721804511 0.0679886685552408
2 0.5874060150375939 0.39235127478753545 0.03571428571428571 0.0764872521246459
2 0.6560150375939849 0.4164305949008499 0.03383458646616541 0.0623229461756374
2 0.718984962406015 0.4079320113314448 0.03571428571428571 0.0623229461756374
2 0.8298872180451128 0.3824362606232295 0.039473684210526314 0.0679886685552408
2 0.862781954887218 0.415014164305949 0.03383458646616541 0.06515580736543909
2 0.919172932330827 0.3895184135977337 0.03383458646616541 0.0708215297450425
