0 0.07414104882459313 0.4481927710843374 0.05786618444846293 0.1927710843373494
0 0.13924050632911392 0.46506024096385545 0.06871609403254973 0.22650602409638557
0 0.2043399638336347 0.43614457831325304 0.05063291139240506 0.16867469879518074
0 0.298372513562387 0.4481927710843374 0.05786618444846293 0.1927710843373494
0 0.37884267631103075 0.42530120481927713 0.0379746835443038 0.13253012048192772
0 0.4086799276672694 0.4373493975903615 0.04701627486437613 0.1566265060240964
0 0.4783001808318264 0.4409638554216868 0.045207956600361664 0.14457831325301207
0 0.5262206148282097 0.4337349397590362 0.0433996383363472 0.13975903614457832
0 0.5795660036166365 0.4301204819277109 0.0379746835443038 0.12771084337349398
0 0.6193490054249547 0.4349397590361446 0.034358047016274866 0.11325301204819278
0 0.6555153707052441 0.4156626506024097 0.027124773960216998 0.0891566265060241
0 0.6672694394213381 0.42891566265060244 0.0325497287522604 0.11084337349397591
0 0.8978300180831826 0.41445783132530123 0.019891500904159132 0.06746987951807229
0 0.9385171790235081 0.419277108433735 0.0216998191681736 0.07228915662650603
0 0.9520795660036167 0.4132530120481928 0.0162748643761302 0.06024096385542169
0 0.9891500904159132 0.42168674698795183 0.018083182640144666 0.07710843373493977
0 0.7088607594936709 0.42530120481927713 0.0325497287522604 0.10843373493975905
0 0.7323688969258589 0.4156626506024097 0.028933092224231464 0.09397590361445785
0 0.7531645569620253 0.4204819277108434 0.027124773960216998 0.0891566265060241
0 0.7721518987341772 0.419277108433735 0.02531645569620253 0.0819277108433735
0 0.7830018083182639 0.41445783132530123 0.0216998191681736 0.07710843373493977
0 0.8047016274864376 0.41445783132530123 0.0216998191681736 0.07710843373493977
0 0.8264014466546112 0.4120481927710844 0.018083182640144666 0.06746987951807229
0 0.8390596745027125 0.4096385542168675 0.018083182640144666 0.06265060240963856
0 0.8544303797468354 0.4096385542168675 0.019891500904159132 0.06265060240963856
2 0.35804701627486435 0.5168674698795181 0.054249547920433995 0.14216867469879518
2 0.42314647377938513 0.4987951807228916 0.03616636528028933 0.13493975903614458
2 0.5099457504520796 0.48915662650602415 0.0433996383363472 0.13012048192771086
2 0.581374321880651 0.48915662650602415 0.059674502712477394 0.12530120481927712
2 0.6374321880650995 0.46867469879518076 0.0379746835443038 0.10361445783132531
2 0.6871609403254972 0.46144578313253015 0.0325497287522604 0.10843373493975905
2 0.7197106690777577 0.45060240963855425 0.03616636528028933 0.08674698795180724
2 0.7504520795660036 0.45301204819277113 0.028933092224231464 0.07228915662650603
2 0.7775768535262206 0.4445783132530121 0.018083182640144666 0.06506024096385543
2 0.8056057866184448 0.44578313253012053 0.027124773960216998 0.07228915662650603
2 0.837251356238698 0.4349397590361446 0.028933092224231464 0.050602409638554224
2 0.8571428571428571 0.43975903614457834 0.018083182640144666 0.055421686746987955
2 0.891500904159132 0.4385542168674699 0.02531645569620253 0.06265060240963856
