0 0.6223214285714286 0.6964285714285715 0.17678571428571427 0.5833333333333334
0 0.8491071428571428 0.5154761904761905 0.06964285714285715 0.22619047619047622
0 0.9482142857142857 0.42261904761904767 0.05714285714285714 0.19285714285714287
0 0.9258928571428571 0.3928571428571429 0.030357142857142857 0.1
0 0.8767857142857143 0.45119047619047625 0.06428571428571428 0.21666666666666667
0 0.8375 0.380952380952381 0.03571428571428571 0.11904761904761905
0 0.8071428571428572 0.4035714285714286 0.04285714285714286 0.14523809523809525
0 0.7580357142857143 0.38571428571428573 0.044642857142857144 0.14285714285714288
0 0.7758928571428572 0.37023809523809526 0.030357142857142857 0.10238095238095239
0 0.7080357142857142 0.5166666666666667 0.08035714285714285 0.2619047619047619
0 0.7169642857142857 0.4797619047619048 0.0625 0.21190476190476193
0 0.6696428571428571 0.42500000000000004 0.049999999999999996 0.16904761904761906
0 0.13303571428571428 0.675 0.08035714285714285 0.2690476190476191
0 0.24375 0.6047619047619048 0.06964285714285715 0.2285714285714286
0 0.4303571428571428 0.6214285714285714 0.08928571428571429 0.2904761904761905
0 0.44285714285714284 0.5380952380952382 0.075 0.25238095238095243
0 0.4232142857142857 0.5 0.05357142857142857 0.18095238095238098
0 0.3196428571428571 0.42619047619047623 0.05357142857142857 0.1761904761904762
0 0.29375 0.4488095238095238 0.06607142857142857 0.22142857142857145
0 0.24910714285714286 0.5047619047619049 0.06607142857142857 0.22380952380952382
0 0.09821428571428571 0.5130952380952382 0.075 0.25
0 0.5053571428571428 0.3642857142857143 0.04642857142857143 0.1523809523809524
0 0.19285714285714284 0.405952380952381 0.04642857142857143 0.15476190476190477
0 0.16874999999999998 0.42500000000000004 0.05892857142857143 0.19285714285714287
0 0.11785714285714285 0.4416666666666667 0.060714285714285714 0.2023809523809524
0 0.049107142857142856 0.4214285714285715 0.04107142857142857 0.1380952380952381
0 0.020535714285714286 0.43928571428571433 0.04107142857142857 0.19285714285714287
0 0.08482142857142858 0.3321428571428572 0.0375 0.12619047619047621
2 0.40178571428571425 0.36190476190476195 0.04642857142857143 0.06190476190476191
2 0.5651785714285714 0.33333333333333337 0.026785714285714284 0.0380952380952381
2 0.5767857142857142 0.37619047619047624 0.03571428571428571 0.05714285714285715
2 0.55625 0.43214285714285716 0.033928571428571426 0.0642857142857143
2 0.9098214285714286 0.33571428571428574 0.023214285714285715 0.07142857142857144
2 0.8723214285714286 0.3238095238095238 0.026785714285714284 0.04285714285714286
