0 0.0859375 0.4678819444444444 0.06640625 0.2899305555555555
0 0.24169921875 0.4522569444444444 0.0634765625 0.27604166666666663
0 0.341796875 0.4583333333333333 0.0625 0.2708333333333333
0 0.4169921875 0.43402777777777773 0.064453125 0.2847222222222222
0 0.4423828125 0.484375 0.064453125 0.2847222222222222
0 0.5478515625 0.44965277777777773 0.05859375 0.2569444444444444
0 0.578125 0.48697916666666663 0.06640625 0.2864583333333333
0 0.611328125 0.4505208333333333 0.05859375 0.2552083333333333
0 0.66162109375 0.453125 0.0595703125 0.2638888888888889
0 0.72216796875 0.44357638888888884 0.0634765625 0.27604166666666663
0 0.77392578125 0.5026041666666666 0.0712890625 0.3107638888888889
0 0.8349609375 0.45746527777777773 0.060546875 0.265625
0 0.884765625 0.4661458333333333 0.06640625 0.2864583333333333
0 0.9140625 0.4548611111111111 0.07421875 0.32291666666666663
0 0.96826171875 0.4756944444444444 0.0615234375 0.30902777777777773
2 0.79248046875 0.3472222222222222 0.0361328125 0.06597222222222222
