0 0.765 0.37440191387559807 0.043333333333333335 0.15550239234449761
0 0.35500000000000004 0.4808612440191387 0.10666666666666667 0.37320574162679426
0 0.14250000000000002 0.5311004784688995 0.14500000000000002 0.507177033492823
0 0.6125 0.4186602870813397 0.07833333333333334 0.27751196172248804
0 0.9016666666666667 0.4605263157894737 0.10666666666666667 0.3803827751196172
0 0.5141666666666667 0.6136363636363636 0.19166666666666668 0.6770334928229664
2 0.24416666666666667 0.4258373205741627 0.04166666666666667 0.09090909090909091
2 0.29333333333333333 0.4354066985645933 0.04 0.09090909090909091
2 0.7341666666666667 0.41148325358851673 0.035 0.07177033492822966
2 0.6658333333333334 0.41148325358851673 0.05166666666666667 0.10526315789473684
2 0.9541666666666667 0.39114832535885163 0.045000000000000005 0.07894736842105263
2 0.0625 0.43301435406698563 0.05166666666666667 0.20095693779904306
2 0.2541666666666667 0.3373205741626794 0.155 0.10526315789473684
4 0.7300000000000001 0.3277511961722488 0.2 0.057416267942583726
4 0.9741666666666667 0.3397129186602871 0.04833333333333334 0.08133971291866028
4 0.42583333333333334 0.31339712918660284 0.07166666666666667 0.05263157894736842
