0 0.21126760563380284 0.28138847858197935 0.1448692152917505 0.2614475627769572
0 0.33098591549295775 0.2614475627769572 0.12273641851106641 0.2186115214180207
0 0.42454728370221334 0.23116691285081242 0.08048289738430583 0.1462333825701625
0 0.1488933601609658 0.1927621861152142 0.052313883299798795 0.09896602658788775
0 0.39537223340040245 0.19423929098966028 0.04627766599597586 0.08714918759231906
0 0.5130784708249497 0.20014771048744462 0.052313883299798795 0.09896602658788775
0 0.5392354124748492 0.21935007385524374 0.06438631790744467 0.11964549483013295
0 0.6941649899396379 0.19571639586410636 0.06036217303822938 0.10782865583456426
0 0.7484909456740443 0.19571639586410636 0.07243460764587525 0.12850812407680945
0 0.8672032193158954 0.16765140324963074 0.03219315895372234 0.060561299852289516
0 0.8843058350100604 0.16543574593796162 0.026156941649899398 0.050221565731166914
0 0.11569416498993965 0.7540620384047267 0.12273641851106641 0.22304283604135894
0 0.17303822937625757 0.7437223042836042 0.12474849094567406 0.2289512555391433
0 0.2494969818913481 0.7503692762186116 0.12474849094567406 0.22451994091580504
0 0.3189134808853119 0.7311669128508125 0.1388329979879276 0.2511078286558346
0 0.45271629778672035 0.6935007385524373 0.18108651911468815 0.32644017725258495
0 0.4688128772635815 0.7333825701624815 0.1448692152917505 0.25849335302806503
0 0.5382293762575453 0.7673559822747416 0.15492957746478875 0.276218611521418
0 0.5734406438631792 0.7319054652880355 0.12072434607645877 0.22008862629246678
0 0.6488933601609659 0.7326440177252586 0.1348088531187123 0.24224519940915806
0 0.6901408450704226 0.7355982274741507 0.12877263581488935 0.23042836041358938
0 0.767605633802817 0.7444608567208272 0.11066398390342053 0.20088626292466766
0 0.8028169014084507 0.7355982274741507 0.11670020120724348 0.21270310192023634
0 0.8742454728370223 0.7355982274741507 0.12273641851106641 0.22451994091580504
0 0.9235412474849095 0.7178729689807977 0.12877263581488935 0.23338257016248154
0 0.05533199195171026 0.6632200886262926 0.0824949698189135 0.14771048744460857
2 0.08350100603621731 0.8057607090103398 0.07042253521126761 0.14032496307237816
4 0.21227364185110667 0.6078286558345642 0.29979879275653926 0.07533234859675038
4 0.7605633802816902 0.6070901033973413 0.3822937625754527 0.07090103397341212
