0 0.02142857142857143 0.8366071428571429 0.04285714285714286 0.15892857142857142
0 0.04642857142857143 0.8142857142857143 0.045238095238095244 0.16785714285714284
0 0.05535714285714286 0.9178571428571428 0.03928571428571429 0.14642857142857144
0 0.06666666666666668 0.9053571428571429 0.04285714285714286 0.1607142857142857
0 0.1005952380952381 0.9017857142857143 0.04166666666666667 0.15357142857142855
0 0.11904761904761905 0.9125 0.03571428571428572 0.13214285714285715
0 0.1380952380952381 0.8892857142857142 0.045238095238095244 0.16785714285714284
0 0.17023809523809524 0.8741071428571429 0.03571428571428572 0.13392857142857142
0 0.18571428571428572 0.8857142857142857 0.04047619047619048 0.15357142857142855
0 0.21309523809523812 0.8705357142857143 0.04761904761904762 0.17678571428571427
0 0.22976190476190478 0.8803571428571428 0.04285714285714286 0.1607142857142857
0 0.25952380952380955 0.8919642857142857 0.04761904761904762 0.1732142857142857
0 0.29404761904761906 0.8919642857142857 0.04761904761904762 0.17678571428571427
0 0.33511904761904765 0.9330357142857143 0.029761904761904764 0.1125
0 0.3053571428571429 0.9455357142857143 0.025 0.09464285714285714
0 0.37142857142857144 0.9357142857142857 0.030952380952380953 0.11785714285714285
0 0.3910714285714286 0.8883928571428571 0.04642857142857143 0.16964285714285715
0 0.4160714285714286 0.8946428571428571 0.04166666666666667 0.15357142857142855
0 0.36309523809523814 0.8035714285714285 0.03333333333333334 0.12142857142857143
0 0.4291666666666667 0.8125 0.03214285714285715 0.11785714285714285
0 0.6160714285714286 0.7625 0.029761904761904764 0.11428571428571428
0 0.6327380952380953 0.7580357142857143 0.029761904761904764 0.10892857142857143
0 0.5750000000000001 0.7383928571428571 0.02380952380952381 0.09107142857142857
0 0.7077380952380953 0.7758928571428572 0.03214285714285715 0.1232142857142857
0 0.7351190476190477 0.7580357142857143 0.03214285714285715 0.1232142857142857
0 0.775 0.7571428571428571 0.028571428571428574 0.10714285714285714
0 0.7982142857142858 0.7508928571428571 0.025 0.09464285714285714
0 0.8464285714285715 0.7517857142857143 0.028571428571428574 0.11071428571428571
0 0.8857142857142858 0.7830357142857143 0.04047619047619048 0.15178571428571427
0 0.9089285714285715 0.7758928571428572 0.04166666666666667 0.15892857142857142
0 0.9488095238095239 0.7919642857142857 0.030952380952380953 0.11607142857142856
0 0.9791666666666667 0.7669642857142857 0.034523809523809526 0.13035714285714287
0 0.9583333333333334 0.7607142857142857 0.028571428571428574 0.10714285714285714
0 0.9351190476190477 0.7383928571428571 0.04166666666666667 0.15892857142857142
0 0.9065476190476192 0.8919642857142857 0.027380952380952384 0.10535714285714286
0 0.7898809523809525 0.9294642857142856 0.034523809523809526 0.13035714285714287
0 0.7422619047619048 0.9348214285714286 0.03214285714285715 0.11964285714285713
0 0.6880952380952382 0.9276785714285714 0.030952380952380953 0.11964285714285713
0 0.7125 0.94375 0.025 0.09821428571428571
0 0.775 0.8696428571428572 0.04047619047619048 0.14642857142857144
0 0.7357142857142858 0.8508928571428571 0.03571428571428572 0.13035714285714287
0 0.9375000000000001 0.9267857142857142 0.034523809523809526 0.13214285714285715
0 0.9541666666666667 0.9419642857142857 0.029761904761904764 0.1125
2 0.19583333333333336 0.7839285714285714 0.03214285714285715 0.09999999999999999
2 0.2267857142857143 0.7803571428571429 0.03928571428571429 0.08571428571428572
2 0.1625 0.8008928571428571 0.051190476190476196 0.06607142857142857
2 0.10773809523809524 0.8071428571428572 0.034523809523809526 0.08928571428571429
2 0.17321428571428574 0.9258928571428571 0.06071428571428572 0.11607142857142856
2 0.2553571428571429 0.91875 0.036904761904761905 0.10892857142857143
2 0.30000000000000004 0.7999999999999999 0.04761904761904762 0.08928571428571429
2 0.3297619047619048 0.7776785714285714 0.0380952380952381 0.05892857142857143
2 0.3392857142857143 0.8169642857142857 0.04285714285714286 0.07321428571428572
2 0.3267857142857143 0.8660714285714285 0.027380952380952384 0.05714285714285714
2 0.3529761904761905 0.8678571428571429 0.03928571428571429 0.05714285714285714
2 0.42321428571428577 0.9660714285714286 0.051190476190476196 0.06428571428571428
2 0.4214285714285715 0.93125 0.03571428571428572 0.06607142857142857
2 0.45238095238095244 0.9544642857142857 0.03333333333333334 0.08035714285714285
2 0.44642857142857145 0.8919642857142857 0.02142857142857143 0.055357142857142855
2 0.38988095238095244 0.7803571428571429 0.034523809523809526 0.04642857142857143
2 0.3797619047619048 0.8116071428571429 0.02380952380952381 0.05178571428571428
2 0.38333333333333336 0.7267857142857143 0.01666666666666667 0.07142857142857142
2 0.4023809523809524 0.7625 0.01666666666666667 0.075
2 0.41011904761904766 0.7223214285714286 0.022619047619047622 0.044642857142857144
2 0.4202380952380953 0.7455357142857143 0.02380952380952381 0.0375
2 0.48690476190476195 0.7035714285714285 0.01904761904761905 0.049999999999999996
2 0.4773809523809524 0.7160714285714286 0.026190476190476195 0.06428571428571428
2 0.4553571428571429 0.73125 0.034523809523809526 0.06964285714285715
2 0.455952380952381 0.8133928571428571 0.02380952380952381 0.07678571428571428
2 0.47440476190476194 0.8919642857142857 0.025 0.05892857142857143
2 0.5107142857142858 0.8125 0.026190476190476195 0.06785714285714285
2 0.5303571428571429 0.6982142857142857 0.022619047619047622 0.049999999999999996
2 0.5375000000000001 0.7151785714285714 0.025 0.06607142857142857
2 0.5738095238095239 0.6669642857142857 0.02142857142857143 0.04107142857142857
2 0.5380952380952382 0.6607142857142857 0.026190476190476195 0.07857142857142857
2 0.6190476190476191 0.6678571428571428 0.02142857142857143 0.049999999999999996
2 0.5386904761904763 0.9482142857142857 0.03928571428571429 0.07142857142857142
2 0.5976190476190477 0.9428571428571428 0.0380952380952381 0.09285714285714286
2 0.6297619047619049 0.9607142857142856 0.02142857142857143 0.060714285714285714
2 0.6535714285714286 0.9553571428571428 0.026190476190476195 0.075
2 0.655357142857143 0.9089285714285714 0.02023809523809524 0.03214285714285714
2 0.6232142857142857 0.9008928571428572 0.022619047619047622 0.0625
2 0.6011904761904763 0.8410714285714286 0.03571428571428572 0.06428571428571428
2 0.555952380952381 0.8312499999999999 0.030952380952380953 0.07321428571428572
2 0.5357142857142858 0.7776785714285714 0.026190476190476195 0.07321428571428572
2 0.5767857142857143 0.7732142857142857 0.022619047619047622 0.060714285714285714
2 0.5976190476190477 0.7866071428571428 0.03571428571428572 0.06964285714285715
2 0.6202380952380953 0.7946428571428571 0.01666666666666667 0.04285714285714286
2 0.6428571428571429 0.8803571428571428 0.01666666666666667 0.05714285714285714
2 0.6690476190476191 0.8741071428571429 0.014285714285714287 0.06964285714285715
2 0.6773809523809524 0.8214285714285714 0.02380952380952381 0.04285714285714286
2 0.6607142857142858 0.7857142857142857 0.028571428571428574 0.075
2 0.6839285714285714 0.7991071428571428 0.027380952380952384 0.07678571428571428
2 0.6660714285714286 0.6982142857142857 0.029761904761904764 0.06785714285714285
2 0.8333333333333334 0.9071428571428571 0.03333333333333334 0.09285714285714286
2 0.8500000000000001 0.8937499999999999 0.01904761904761905 0.04821428571428571
2 0.8702380952380954 0.9562499999999999 0.045238095238095244 0.06964285714285715
2 0.8690476190476192 0.9 0.026190476190476195 0.04642857142857143
2 0.8041666666666667 0.8116071428571429 0.04404761904761905 0.08035714285714285
2 0.8267857142857143 0.8044642857142857 0.02023809523809524 0.055357142857142855
2 0.8345238095238096 0.8214285714285714 0.014285714285714287 0.05357142857142857
2 0.855952380952381 0.8589285714285714 0.04047619047619048 0.07142857142857142
4 0.817857142857143 0.3526785714285714 0.27142857142857146 0.5053571428571428
4 0.6005952380952382 0.42857142857142855 0.16785714285714287 0.4392857142857143
4 0.8357142857142857 0.6553571428571429 0.30000000000000004 0.09285714285714286
4 0.07142857142857144 0.49374999999999997 0.13571428571428573 0.11964285714285713
4 0.18809523809523812 0.38303571428571426 0.09285714285714286 0.10535714285714286
