0 0.057 0.7640625000000001 0.114 0.446875
0 0.097 0.7406250000000001 0.126 0.48750000000000004
0 0.138 0.75 0.12 0.4625
0 0.17500000000000002 0.7328125000000001 0.122 0.47187500000000004
0 0.241 0.7781250000000001 0.10200000000000001 0.3875
0 0.23 0.7375 0.112 0.4375
0 0.294 0.7328125000000001 0.124 0.478125
0 0.327 0.759375 0.122 0.46875
0 0.374 0.7328125000000001 0.124 0.484375
0 0.434 0.753125 0.124 0.47500000000000003
0 0.449 0.7093750000000001 0.13 0.49375
0 0.518 0.7578125 0.116 0.453125
0 0.5680000000000001 0.7296875 0.132 0.509375
0 0.623 0.7546875000000001 0.126 0.478125
0 0.722 0.7390625000000001 0.124 0.478125
0 0.805 0.7328125000000001 0.126 0.484375
0 0.912 0.7515625 0.124 0.47187500000000004
2 0.77 0.5484375 0.052000000000000005 0.078125
2 0.679 0.5484375 0.07 0.134375
2 0.52 0.5359375000000001 0.096 0.12812500000000002
