0 0.034518828451882845 0.5872727272727273 0.06903765690376569 0.4763636363636364
0 0.1820083682008368 0.5709090909090909 0.11715481171548116 0.5018181818181818
0 0.26987447698744765 0.5618181818181818 0.10460251046025104 0.45454545454545453
0 0.48012552301255224 0.5963636363636363 0.11924686192468618 0.509090909090909
0 0.5794979079497907 0.5872727272727273 0.12552301255230125 0.5345454545454545
0 0.6234309623430961 0.6418181818181818 0.1589958158995816 0.6872727272727273
0 0.6966527196652719 0.58 0.12970711297071127 0.5636363636363636
0 0.7813807531380752 0.610909090909091 0.15690376569037656 0.6618181818181819
0 0.9194560669456067 0.6145454545454545 0.15690376569037656 0.7345454545454545
0 0.7594142259414225 0.5890909090909091 0.13389121338912133 0.5672727272727273
4 0.8535564853556484 0.37636363636363634 0.09205020920502091 0.1781818181818182
