0 0.052500000000000005 0.41500000000000004 0.07833333333333334 0.39
0 0.11083333333333334 0.455 0.09833333333333334 0.49000000000000005
0 0.15583333333333335 0.5566666666666668 0.14166666666666666 0.6933333333333334
0 0.21583333333333335 0.5316666666666667 0.12166666666666667 0.5966666666666667
0 0.41250000000000003 0.5733333333333334 0.16833333333333333 0.8266666666666668
0 0.5091666666666667 0.4816666666666667 0.12833333333333335 0.6233333333333334
0 0.5616666666666666 0.44 0.10666666666666667 0.5266666666666667
0 0.6383333333333334 0.4566666666666667 0.12000000000000001 0.5933333333333334
0 0.7258333333333333 0.4316666666666667 0.11833333333333335 0.5766666666666667
0 0.7833333333333334 0.5466666666666667 0.17666666666666667 0.8600000000000001
0 0.8325 0.5433333333333333 0.18166666666666667 0.8866666666666667
0 0.9458333333333334 0.48500000000000004 0.10500000000000001 0.7566666666666667
0 0.89 0.39 0.10333333333333335 0.5066666666666667
0 0.9375000000000001 0.43500000000000005 0.12166666666666667 0.67
0 0.6950000000000001 0.2816666666666667 0.06666666666666667 0.33
0 0.2791666666666667 0.3383333333333334 0.05166666666666667 0.26333333333333336
4 0.3458333333333334 0.32833333333333337 0.08166666666666667 0.2833333333333333
4 0.46166666666666667 0.32333333333333336 0.04666666666666667 0.32666666666666666
4 0.5975 0.21666666666666667 0.065 0.17333333333333334
