0 0.14400000000000002 0.8063063063063063 0.096 0.35135135135135137
0 0.088 0.6606606606606606 0.044 0.16216216216216217
0 0.059000000000000004 0.6516516516516516 0.038 0.14414414414414414
0 0.108 0.6426426426426426 0.036000000000000004 0.13213213213213212
0 0.186 0.7282282282282282 0.044 0.17117117117117117
0 0.255 0.7147147147147147 0.05 0.18018018018018017
0 0.28300000000000003 0.7027027027027027 0.046 0.16816816816816815
0 0.309 0.6756756756756757 0.038 0.15015015015015015
0 0.399 0.7747747747747747 0.08600000000000001 0.32432432432432434
0 0.461 0.8168168168168168 0.09 0.3303303303303303
0 0.558 0.8273273273273273 0.088 0.3213213213213213
0 0.514 0.7822822822822822 0.092 0.33933933933933935
0 0.671 0.7897897897897898 0.094 0.3483483483483483
0 0.582 0.7342342342342342 0.08 0.3033033033033033
0 0.639 0.6966966966966966 0.066 0.24624624624624625
0 0.721 0.7387387387387387 0.082 0.3063063063063063
0 0.766 0.8498498498498498 0.076 0.27627627627627627
0 0.776 0.7252252252252253 0.052000000000000005 0.2012012012012012
0 0.862 0.7132132132132132 0.07200000000000001 0.26126126126126126
0 0.885 0.7357357357357357 0.08600000000000001 0.3183183183183183
0 0.9510000000000001 0.8048048048048048 0.094 0.34234234234234234
0 0.97 0.7912912912912913 0.056 0.2732732732732733
0 0.018000000000000002 0.6006006006006006 0.036000000000000004 0.17417417417417416
0 0.051000000000000004 0.6036036036036035 0.038 0.14414414414414414
0 0.228 0.6426426426426426 0.028 0.11411411411411411
2 0.249 0.8063063063063063 0.066 0.17117117117117117
4 0.188 0.47897897897897895 0.368 0.1831831831831832
4 0.684 0.506006006006006 0.608 0.17717717717717718
