0 0.10117878192534381 0.5791925465838509 0.11591355599214144 0.45031055900621114
0 0.026522593320235755 0.5093167701863354 0.05304518664047151 0.23602484472049687
0 0.010805500982318271 0.3136645962732919 0.021611001964636542 0.09316770186335403
0 0.0943025540275049 0.3711180124223602 0.043222003929273084 0.17701863354037267
0 0.15520628683693516 0.4021739130434782 0.05108055009823182 0.20807453416149066
0 0.20137524557956776 0.45031055900621114 0.07269155206286837 0.2919254658385093
0 0.22102161100196463 0.3804347826086956 0.041257367387033395 0.16459627329192544
0 0.2593320235756385 0.38975155279503104 0.058939096267190565 0.22670807453416147
0 0.2917485265225933 0.3338509316770186 0.03339882121807465 0.12732919254658384
0 0.32121807465618857 0.3152173913043478 0.03339882121807465 0.13354037267080746
0 0.3536345776031434 0.35403726708074534 0.04715127701375245 0.18633540372670807
0 0.3673870333988212 0.3136645962732919 0.027504911591355596 0.10559006211180123
0 0.4027504911591355 0.32608695652173914 0.03536345776031434 0.14285714285714285
0 0.4381139489194499 0.3136645962732919 0.027504911591355596 0.11180124223602483
0 0.4577603143418467 0.3074534161490683 0.019646365422396856 0.08695652173913043
0 0.5029469548133595 0.3462732919254658 0.03143418467583497 0.12732919254658384
0 0.5500982318271119 0.3043478260869565 0.019646365422396856 0.08074534161490683
0 0.5324165029469548 0.2919254658385093 0.019646365422396856 0.08074534161490683
0 0.5943025540275049 0.3074534161490683 0.029469548133595282 0.11801242236024843
0 0.6345776031434184 0.35403726708074534 0.03536345776031434 0.14285714285714285
0 0.656188605108055 0.3804347826086956 0.043222003929273084 0.17701863354037267
0 0.6905697445972495 0.40372670807453415 0.04911591355599214 0.19875776397515527
0 0.7298624754420432 0.4440993788819875 0.06483300589390963 0.2608695652173913
0 0.8015717092337917 0.5077639751552795 0.07858546168958742 0.3012422360248447
0 0.8703339882121807 0.5481366459627329 0.0943025540275049 0.3633540372670807
0 0.9302554027504911 0.44720496894409933 0.06483300589390963 0.2546583850931677
0 0.7701375245579567 0.37888198757763975 0.03929273084479371 0.15527950310559005
4 0.799607072691552 0.2872670807453416 0.38506876227897835 0.10248447204968944
4 0.12966601178781925 0.2779503105590062 0.07858546168958742 0.07142857142857142
4 0.4754420432220039 0.2686335403726708 0.03536345776031434 0.07142857142857142
