0 0.028056112224448895 0.5424710424710425 0.052104208416833664 0.24324324324324326
0 0.05611222444889779 0.47876447876447875 0.03607214428857715 0.17374517374517376
0 0.09619238476953906 0.500965250965251 0.04208416833667334 0.20270270270270271
0 0.12775551102204408 0.6013513513513513 0.07114228456913826 0.333976833976834
0 0.16633266533066132 0.5472972972972973 0.05410821643286573 0.25675675675675674
0 0.14929859719438876 0.4247104247104247 0.02004008016032064 0.1003861003861004
0 0.1818637274549098 0.46525096525096526 0.033066132264529056 0.15444015444015444
0 0.21392785571142284 0.4864864864864865 0.03507014028056112 0.16988416988416988
0 0.23346693386773545 0.694015444015444 0.09418837675350701 0.4498069498069498
0 0.2690380761523046 0.5926640926640927 0.06913827655310621 0.33204633204633205
0 0.30260521042084165 0.528957528957529 0.04809619238476953 0.22779922779922782
0 0.32665330661322645 0.49613899613899615 0.038076152304609215 0.18146718146718147
0 0.35120240480961923 0.40444015444015446 0.019038076152304607 0.0945945945945946
0 0.3572144288577154 0.3909266409266409 0.02104208416833667 0.09845559845559845
0 0.36823647294589174 0.3687258687258687 0.011022044088176352 0.05405405405405406
0 0.4043086172344689 0.4469111969111969 0.033066132264529056 0.16023166023166024
0 0.42735470941883763 0.7171814671814672 0.09519038076152304 0.4536679536679537
0 0.4473947895791583 0.5801158301158301 0.06112224448897795 0.2876447876447876
0 0.42234468937875747 0.4536679536679537 0.029058116232464928 0.14285714285714285
0 0.5035070140280561 0.4314671814671815 0.03106212424849699 0.1525096525096525
0 0.5180360721442885 0.4565637065637066 0.03607214428857715 0.17567567567567569
0 0.5511022044088176 0.4922779922779923 0.044088176352705406 0.21235521235521235
0 0.5861723446893787 0.5125482625482626 0.0501002004008016 0.23745173745173745
0 0.6242484969939879 0.5627413127413128 0.06412825651302605 0.30694980694980695
0 0.6863727454909819 0.6563706563706564 0.09018036072144288 0.4285714285714286
0 0.7159318637274549 0.4980694980694981 0.049098196392785565 0.23166023166023167
0 0.6643286573146292 0.4768339768339768 0.038076152304609215 0.18532818532818535
0 0.6432865731462926 0.4623552123552124 0.038076152304609215 0.17953667953667954
0 0.7434869739478958 0.44015444015444016 0.038076152304609215 0.18146718146718147
0 0.7935871743486973 0.5714285714285714 0.06613226452905811 0.3088803088803089
0 0.8632264529058116 0.5019305019305019 0.049098196392785565 0.23552123552123552
0 0.9168336673346693 0.6370656370656371 0.08817635270541081 0.42084942084942084
0 0.9759519038076151 0.5530888030888031 0.04609218436873747 0.29150579150579153
0 0.9544088176352704 0.37451737451737455 0.02104208416833667 0.10424710424710425
0 0.9058116232464929 0.45559845559845563 0.044088176352705406 0.2084942084942085
0 0.8061122244488977 0.44305019305019305 0.03507014028056112 0.16795366795366795
0 0.8261523046092184 0.38223938223938225 0.02104208416833667 0.10424710424710425
0 0.8512024048096192 0.42374517374517373 0.03507014028056112 0.1640926640926641
0 0.48096192384769537 0.3909266409266409 0.018036072144288574 0.09073359073359073
0 0.7635270541082164 0.41795366795366795 0.026052104208416832 0.12934362934362933
2 0.5761523046092184 0.3803088803088803 0.03006012024048096 0.06177606177606178
2 0.6778557114228456 0.3861003861003861 0.027054108216432865 0.0694980694980695
4 0.04358717434869739 0.37934362934362936 0.07915831663326653 0.07142857142857142
4 0.2570140280561122 0.3687258687258687 0.31763527054108215 0.0501930501930502
4 0.7134268537074148 0.3388030888030888 0.5691382765531061 0.03281853281853282
