0 0.91625 0.7097844112769486 0.165 0.5671641791044776
0 0.600625 0.7388059701492538 0.14875 0.48258706467661694
0 0.405 0.74212271973466 0.155 0.5024875621890548
0 0.44375000000000003 0.7205638474295191 0.1575 0.5157545605306799
0 0.5525 0.669983416252073 0.1625 0.527363184079602
0 0.6775 0.7114427860696517 0.15 0.48756218905472637
0 0.715 0.6724709784411277 0.14250000000000002 0.4660033167495854
0 0.7475 0.6384742951907131 0.1225 0.4013266998341625
0 0.81125 0.6318407960199005 0.1075 0.351575456053068
0 0.08625000000000001 0.6932006633499171 0.14 0.45439469320066334
0 0.25125000000000003 0.6766169154228856 0.145 0.47429519071310117
0 0.315625 0.6028192371475953 0.11125 0.3598673300165838
0 0.18812500000000001 0.5679933665008292 0.09875 0.3200663349917081
0 0.1275 0.5945273631840796 0.09 0.2935323383084577
0 0.029375000000000002 0.5555555555555556 0.058750000000000004 0.3217247097844113
0 0.040625 0.5597014925373135 0.08125 0.27363184079601993
0 0.52 0.5895522388059702 0.11 0.3598673300165838
0 0.48625 0.5033167495854063 0.0725 0.2338308457711443
2 0.383125 0.5082918739635157 0.06625 0.15422885572139303
2 0.583125 0.4419568822553897 0.02625 0.0912106135986733
2 0.626875 0.4154228855721393 0.03125 0.06467661691542288
2 0.6587500000000001 0.439469320066335 0.0625 0.11276948590381426
2 0.775625 0.4469320066334992 0.04125 0.1044776119402985
2 0.808125 0.4195688225538972 0.04125 0.08291873963515754
2 0.863125 0.43449419568822556 0.07375 0.08291873963515754
2 0.95875 0.4328358208955224 0.0625 0.10945273631840796
2 0.45937500000000003 0.4262023217247098 0.03875 0.06965174129353234
2 0.553125 0.39800995024875624 0.02875 0.03648424543946932
4 0.228125 0.4203980099502488 0.44125000000000003 0.0746268656716418
