0 0.06896551724137931 0.5564516129032259 0.13793103448275862 0.5
0 0.14609800362976405 0.5551075268817205 0.132486388384755 0.48655913978494625
0 0.1969147005444646 0.549731182795699 0.13611615245009073 0.4919354838709678
0 0.2803992740471869 0.5510752688172044 0.132486388384755 0.4838709677419355
0 0.37658802177858436 0.5362903225806452 0.1397459165154265 0.5080645161290323
0 0.558983666061706 0.5510752688172044 0.1234119782214156 0.446236559139785
0 0.6297640653357531 0.5483870967741936 0.13430127041742287 0.4838709677419355
0 0.7078039927404718 0.5524193548387097 0.1234119782214156 0.44892473118279574
0 0.7749546279491832 0.5685483870967742 0.1234119782214156 0.44892473118279574
0 0.8303085299455535 0.5483870967741936 0.11796733212341197 0.435483870967742
0 0.8874773139745916 0.5268817204301076 0.12704174228675136 0.4623655913978495
2 0.455535390199637 0.3575268817204301 0.07622504537205081 0.12365591397849464
2 0.4646098003629764 0.4341397849462366 0.10163339382940109 0.1478494623655914
2 0.5943738656987295 0.35080645161290325 0.05989110707803993 0.12634408602150538
2 0.15063520871143374 0.6465053763440861 0.20689655172413793 0.4919354838709678
2 0.2967332123411978 0.6438172043010754 0.11433756805807622 0.4220430107526882
2 0.47731397459165154 0.6693548387096775 0.10526315789473684 0.42473118279569894
2 0.6433756805807622 0.6505376344086022 0.1542649727767695 0.456989247311828
2 0.8203266787658802 0.6276881720430108 0.14882032667876588 0.3897849462365592
