0 0.325 0.2364705882352941 0.053125000000000006 0.19999999999999998
0 0.36328125 0.23882352941176468 0.0546875 0.20470588235294115
0 0.40390625 0.3247058823529411 0.09531250000000001 0.3576470588235294
0 0.4453125 0.3576470588235294 0.09375 0.3529411764705882
0 0.53671875 0.2541176470588235 0.0671875 0.24941176470588233
0 0.5796875 0.2752941176470588 0.053125000000000006 0.20235294117647057
0 0.6265625 0.28470588235294114 0.08125 0.2964705882352941
0 0.7265625 0.28823529411764703 0.09375 0.3505882352941176
0 0.78125 0.24470588235294116 0.053125000000000006 0.20235294117647057
0 0.8523437500000001 0.24588235294117644 0.051562500000000004 0.19058823529411764
0 0.86484375 0.24352941176470586 0.045312500000000006 0.16705882352941176
0 0.55859375 0.22117647058823528 0.0390625 0.15058823529411763
0 0.89375 0.2117647058823529 0.021875000000000002 0.07999999999999999
0 0.91171875 0.22117647058823528 0.0203125 0.07999999999999999
0 0.92578125 0.22117647058823528 0.0234375 0.08470588235294117
0 0.9382812500000001 0.21999999999999997 0.0234375 0.09176470588235293
0 0.953125 0.2188235294117647 0.021875000000000002 0.08941176470588234
0 0.971875 0.21411764705882352 0.021875000000000002 0.08470588235294117
0 0.9890625000000001 0.20941176470588233 0.015625 0.06588235294117646
2 0.1203125 0.34705882352941175 0.08125 0.1576470588235294
2 0.17734375000000002 0.33764705882352936 0.08281250000000001 0.14352941176470588
2 0.37031250000000004 0.30117647058823527 0.034375 0.12705882352941175
2 0.4703125 0.2976470588235294 0.05 0.11058823529411764
2 0.5078125 0.29058823529411765 0.046875 0.14823529411764705
4 0.75390625 0.20588235294117646 0.026562500000000003 0.0776470588235294
