0 0.04833333333333334 0.6906565656565657 0.06666666666666667 0.24494949494949497
0 0.1 0.6641414141414141 0.03333333333333333 0.13131313131313133
0 0.13166666666666668 0.6780303030303031 0.05 0.18434343434343436
0 0.1691666666666667 0.667929292929293 0.04166666666666667 0.15909090909090912
0 0.24833333333333335 0.6578282828282829 0.03666666666666667 0.13383838383838384
0 0.31333333333333335 0.8232323232323233 0.09000000000000001 0.3383838383838384
0 0.35500000000000004 0.7260101010101011 0.06666666666666667 0.25
0 0.4116666666666667 0.710858585858586 0.07666666666666667 0.28535353535353536
0 0.4633333333333334 0.6944444444444445 0.07333333333333333 0.2777777777777778
0 0.5275000000000001 0.7133838383838385 0.06833333333333334 0.2550505050505051
0 0.5591666666666667 0.7373737373737375 0.085 0.32323232323232326
0 0.5825 0.811868686868687 0.09166666666666667 0.34090909090909094
0 0.6375000000000001 0.744949494949495 0.07833333333333334 0.297979797979798
0 0.6925 0.7500000000000001 0.07833333333333334 0.297979797979798
0 0.7475 0.7386363636363636 0.065 0.24494949494949497
0 0.8025000000000001 0.7815656565656567 0.09166666666666667 0.34090909090909094
2 0.9341666666666667 0.5921717171717172 0.12833333333333335 0.2550505050505051
2 0.8525 0.6452020202020202 0.045000000000000005 0.07828282828282829
2 0.8825000000000001 0.6098484848484849 0.03166666666666667 0.05303030303030303
2 0.7116666666666667 0.6060606060606061 0.02666666666666667 0.05050505050505051
2 0.6675000000000001 0.5972222222222223 0.025 0.05303030303030303
2 0.6208333333333333 0.5681818181818182 0.021666666666666667 0.05050505050505051
2 0.5991666666666667 0.5808080808080809 0.035 0.06565656565656566
2 0.2991666666666667 0.6022727272727273 0.06166666666666667 0.07828282828282829
2 0.7825000000000001 0.638888888888889 0.025 0.045454545454545456
2 0.3716666666666667 0.5795454545454546 0.02666666666666667 0.03787878787878788
3 0.20833333333333334 0.16414141414141414 0.1 0.18181818181818182
3 0.42833333333333334 0.1186868686868687 0.09333333333333334 0.12121212121212122
3 0.7416666666666667 0.30429292929292934 0.06666666666666667 0.06818181818181819
4 0.16583333333333333 0.6237373737373738 0.20500000000000002 0.12626262626262627
