0 0.9083333333333334 0.6169154228855721 0.06666666666666667 0.24875621890547264
0 0.8566666666666667 0.6442786069651741 0.08666666666666667 0.31343283582089554
0 0.8083333333333333 0.6069651741293532 0.06666666666666667 0.24378109452736318
0 0.7316666666666667 0.6281094527363184 0.08333333333333334 0.30597014925373134
0 0.6991666666666667 0.5920398009950248 0.058333333333333334 0.21393034825870647
0 0.6383333333333334 0.6019900497512438 0.07 0.25870646766169153
0 0.6008333333333333 0.5609452736318408 0.045000000000000005 0.16666666666666666
0 0.5625 0.5286069651741293 0.028333333333333335 0.10199004975124377
0 0.545 0.5211442786069652 0.016666666666666666 0.06716417910447761
0 0.5241666666666667 0.5310945273631841 0.028333333333333335 0.10696517412935323
0 0.4916666666666667 0.5509950248756219 0.03666666666666667 0.13681592039800994
0 0.4691666666666667 0.5733830845771144 0.04166666666666667 0.15671641791044777
0 0.40750000000000003 0.5422885572139303 0.03166666666666667 0.12437810945273632
0 0.3666666666666667 0.5534825870646766 0.043333333333333335 0.15671641791044777
0 0.32666666666666666 0.5348258706467661 0.030000000000000002 0.1144278606965174
0 0.2991666666666667 0.5559701492537313 0.045000000000000005 0.1616915422885572
0 0.2516666666666667 0.5236318407960199 0.02666666666666667 0.10199004975124377
0 0.225 0.527363184079602 0.030000000000000002 0.10945273631840796
0 0.1975 0.5323383084577115 0.025 0.09950248756218905
0 0.17666666666666667 0.5261194029850746 0.023333333333333334 0.09203980099502487
0 0.15000000000000002 0.5323383084577115 0.030000000000000002 0.1144278606965174
0 0.12666666666666668 0.5298507462686567 0.030000000000000002 0.10945273631840796
0 0.09666666666666668 0.5286069651741293 0.030000000000000002 0.10696517412935323
4 0.23 0.5 0.46 0.1144278606965174
4 0.66 0.5373134328358209 0.3166666666666667 0.13930348258706468
4 0.9591666666666667 0.5199004975124378 0.07500000000000001 0.09950248756218905
