0 0.075 0.7986666666666666 0.082 0.27466666666666667
0 0.17300000000000001 0.8013333333333333 0.08600000000000001 0.27999999999999997
0 0.289 0.8066666666666666 0.078 0.25866666666666666
0 0.34700000000000003 0.7733333333333333 0.074 0.24
0 0.381 0.7986666666666666 0.07 0.2373333333333333
0 0.41000000000000003 0.8053333333333333 0.076 0.25066666666666665
0 0.439 0.78 0.074 0.24266666666666667
0 0.46 0.7973333333333333 0.07200000000000001 0.23466666666666666
0 0.496 0.8079999999999999 0.068 0.21866666666666665
0 0.524 0.8013333333333333 0.08 0.264
0 0.624 0.8093333333333333 0.07200000000000001 0.2373333333333333
0 0.602 0.7959999999999999 0.07200000000000001 0.2373333333333333
0 0.6950000000000001 0.7959999999999999 0.078 0.25866666666666666
0 0.669 0.7786666666666666 0.074 0.24533333333333332
0 0.735 0.7839999999999999 0.07 0.23466666666666666
0 0.766 0.7906666666666666 0.068 0.22133333333333333
0 0.793 0.7973333333333333 0.078 0.256
0 0.852 0.7906666666666666 0.068 0.22666666666666666
0 0.887 0.8053333333333333 0.074 0.24533333333333332
0 0.923 0.7773333333333333 0.07 0.22666666666666666
0 0.9530000000000001 0.7853333333333333 0.07 0.22666666666666666
0 0.975 0.7919999999999999 0.046 0.23466666666666666
2 0.655 0.6679999999999999 0.034 0.050666666666666665
2 0.553 0.688 0.03 0.05333333333333333
2 0.107 0.6759999999999999 0.034 0.04533333333333333
2 0.8150000000000001 0.688 0.026000000000000002 0.058666666666666666
