0 0.016666666666666666 0.6670305676855894 0.03333333333333333 0.20742358078602618
0 0.0572463768115942 0.6746724890829694 0.0536231884057971 0.20087336244541484
0 0.26956521739130435 0.6659388646288209 0.034782608695652174 0.1353711790393013
0 0.31231884057971016 0.6746724890829694 0.05652173913043478 0.2096069868995633
0 0.3681159420289855 0.6550218340611353 0.04057971014492753 0.15720524017467247
0 0.5036231884057971 0.6659388646288209 0.0391304347826087 0.148471615720524
0 0.5673913043478261 0.6582969432314411 0.02753623188405797 0.10698689956331878
0 0.5942028985507246 0.6834061135371179 0.0463768115942029 0.17030567685589518
0 0.7442028985507246 0.6713973799126637 0.02463768115942029 0.09388646288209607
0 0.777536231884058 0.6648471615720524 0.036231884057971016 0.1331877729257642
0 0.8833333333333333 0.6561135371179039 0.02463768115942029 0.0982532751091703
2 0.9797101449275363 0.6866812227074236 0.02318840579710145 0.05021834061135371
2 0.9507246376811594 0.6768558951965065 0.028985507246376812 0.05676855895196506
2 0.8775362318840579 0.6703056768558951 0.030434782608695653 0.048034934497816595
2 0.8601449275362318 0.7085152838427947 0.02753623188405797 0.06768558951965065
2 0.8347826086956522 0.7106986899563318 0.03188405797101449 0.06768558951965065
2 0.7521739130434782 0.712882096069869 0.03188405797101449 0.08515283842794759
2 0.7789855072463768 0.6932314410480349 0.02753623188405797 0.04148471615720524
2 0.7188405797101449 0.6910480349344977 0.026086956521739132 0.037117903930131
2 0.7007246376811594 0.6670305676855894 0.01884057971014493 0.02838427947598253
2 0.6550724637681159 0.6866812227074236 0.020289855072463767 0.02838427947598253
2 0.6673913043478261 0.7063318777292577 0.01884057971014493 0.06331877729257641
2 0.5311594202898551 0.6921397379912664 0.02463768115942029 0.05240174672489083
2 0.5195652173913043 0.6582969432314411 0.01884057971014493 0.02838427947598253
2 0.5471014492753623 0.6582969432314411 0.013043478260869566 0.03275109170305677
2 0.16884057971014493 0.6048034934497817 0.036231884057971016 0.07860262008733623
4 0.33043478260869563 0.6604803493449781 0.26666666666666666 0.11135371179039301
