0 0.051000000000000004 0.5865384615384616 0.074 0.25549450549450553
0 0.089 0.5700549450549451 0.054 0.17857142857142858
0 0.127 0.6208791208791209 0.08600000000000001 0.28571428571428575
0 0.146 0.5741758241758242 0.06 0.2087912087912088
0 0.20800000000000002 0.6277472527472528 0.10400000000000001 0.3543956043956044
0 0.232 0.5851648351648352 0.06 0.2087912087912088
0 0.261 0.5714285714285715 0.054 0.18681318681318682
0 0.308 0.6456043956043956 0.128 0.4285714285714286
0 0.34 0.576923076923077 0.056 0.19230769230769232
0 0.362 0.5576923076923077 0.048 0.17032967032967034
0 0.428 0.6085164835164836 0.08 0.271978021978022
0 0.527 0.6785714285714286 0.15 0.5109890109890111
0 0.597 0.5961538461538461 0.07 0.23626373626373628
0 0.627 0.565934065934066 0.058 0.20329670329670332
0 0.644 0.532967032967033 0.032 0.11538461538461539
0 0.679 0.5865384615384616 0.066 0.22252747252747254
0 0.715 0.6085164835164836 0.082 0.2774725274725275
0 0.751 0.6483516483516484 0.122 0.40659340659340665
0 0.841 0.6964285714285715 0.17400000000000002 0.5851648351648352
0 0.92 0.6153846153846154 0.108 0.3626373626373627
0 0.974 0.565934065934066 0.048 0.22527472527472528
2 0.027 0.4835164835164836 0.03 0.04395604395604396
