0 0.36125 0.4816666666666667 0.1375 0.22666666666666668
0 0.1375 0.5416666666666667 0.185 0.30000000000000004
0 0.09125 0.5191666666666667 0.1775 0.2916666666666667
0 0.47375 0.6283333333333334 0.3675 0.6033333333333334
0 0.77625 0.5850000000000001 0.2225 0.36333333333333334
0 0.93625 0.5908333333333333 0.1225 0.29500000000000004
0 0.58 0.4366666666666667 0.07 0.11666666666666667
0 0.88875 0.4525 0.0775 0.13166666666666668
0 0.9712500000000001 0.19583333333333336 0.0525 0.15166666666666667
0 0.92875 0.19833333333333333 0.0925 0.15666666666666668
0 0.86 0.20083333333333334 0.095 0.155
0 0.7937500000000001 0.20333333333333334 0.0975 0.16
0 0.6625 0.2041666666666667 0.09 0.15166666666666667
0 0.58625 0.20500000000000002 0.0925 0.15666666666666668
0 0.48625 0.21000000000000002 0.08750000000000001 0.14333333333333334
0 0.41125 0.21750000000000003 0.0825 0.135
0 0.34 0.21833333333333335 0.085 0.14333333333333334
0 0.26875 0.22833333333333336 0.0775 0.12666666666666668
0 0.16375 0.21916666666666668 0.08750000000000001 0.14833333333333334
0 0.08125 0.23333333333333334 0.0775 0.13
2 0.275 0.5325000000000001 0.085 0.05166666666666667
2 0.26875 0.41500000000000004 0.0475 0.03666666666666667
2 0.8125 0.41500000000000004 0.065 0.060000000000000005
2 0.045 0.14416666666666667 0.045 0.03166666666666667
2 0.0975 0.14416666666666667 0.035 0.03833333333333334
2 0.21 0.12083333333333333 0.05 0.03166666666666667
2 0.24625 0.1125 0.0375 0.028333333333333335
2 0.2525 0.14416666666666667 0.045 0.035
2 0.28625 0.125 0.0525 0.03666666666666667
2 0.32875 0.12916666666666668 0.0425 0.025
2 0.6775 0.11833333333333335 0.06 0.03333333333333333
2 0.21 0.18000000000000002 0.055 0.03666666666666667
2 0.0975 0.17750000000000002 0.04 0.03166666666666667
