0 0.232 0.7064056939501779 0.132 0.5800711743772242
0 0.259 0.5 0.054 0.24555160142348753
0 0.315 0.48398576512455516 0.05 0.22064056939501778
0 0.293 0.46085409252669035 0.038 0.17437722419928825
0 0.258 0.31494661921708184 0.04 0.17437722419928825
0 0.3 0.3185053380782918 0.036000000000000004 0.16014234875444838
0 0.28 0.3167259786476868 0.036000000000000004 0.15658362989323843
0 0.11900000000000001 0.47153024911032027 0.054 0.24555160142348753
0 0.183 0.4626334519572953 0.046 0.20640569395017794
0 0.41200000000000003 0.5017793594306049 0.044 0.199288256227758
0 0.441 0.4501779359430605 0.042 0.18149466192170818
0 0.467 0.4572953736654804 0.042 0.19572953736654802
0 0.513 0.4875444839857651 0.046 0.199288256227758
0 0.493 0.44306049822064053 0.034 0.16014234875444838
0 0.383 0.4501779359430605 0.042 0.19572953736654802
0 0.334 0.45373665480427045 0.044 0.20284697508896796
2 0.012 0.3790035587188612 0.024 0.07473309608540925
2 0.034 0.37722419928825623 0.028 0.042704626334519574
2 0.057 0.40925266903914587 0.034 0.07117437722419928
2 0.094 0.4056939501779359 0.044 0.07829181494661921
2 0.9480000000000001 0.40213523131672596 0.068 0.12811387900355872
4 0.523 0.28291814946619215 0.078 0.13167259786476868
4 0.553 0.4679715302491103 0.438 0.2597864768683274
