0 0.06433408577878104 0.4288135593220339 0.0474040632054176 0.17288135593220338
0 0.09367945823927765 0.43389830508474575 0.05191873589164785 0.1966101694915254
0 0.12866817155756208 0.41694915254237286 0.04966139954853273 0.18305084745762712
0 0.15801354401805867 0.5135593220338983 0.1128668171557562 0.41694915254237286
0 0.2076749435665914 0.40508474576271186 0.03160270880361173 0.12542372881355932
0 0.23927765237020315 0.3813559322033898 0.02708803611738149 0.0983050847457627
0 0.2697516930022573 0.3847457627118644 0.024830699774266364 0.09152542372881356
0 0.3182844243792325 0.45932203389830506 0.08126410835214447 0.29491525423728815
0 0.4029345372460496 0.43050847457627117 0.0654627539503386 0.24406779661016947
0 0.48306997742663654 0.4813559322033898 0.0857787810383747 0.311864406779661
0 0.5135440180586907 0.4186440677966102 0.04288939051918735 0.16610169491525423
0 0.5699774266365688 0.4152542372881356 0.03837471783295711 0.15254237288135591
0 0.6320541760722347 0.4186440677966102 0.04514672686230248 0.16610169491525423
0 0.6963882618510158 0.4152542372881356 0.04288939051918735 0.16610169491525423
0 0.7392776523702032 0.4610169491525424 0.07900677200902934 0.2983050847457627
0 0.7855530474040632 0.48983050847457626 0.1128668171557562 0.423728813559322
0 0.8465011286681715 0.41694915254237286 0.04514672686230248 0.17627118644067796
0 0.9424379232505643 0.4016949152542373 0.0474040632054176 0.1864406779661017
0 0.9616252821670428 0.411864406779661 0.04966139954853273 0.19322033898305085
0 0.984198645598194 0.4016949152542373 0.02708803611738149 0.17288135593220338
0 0.43227990970654623 0.4271186440677966 0.04288939051918735 0.1559322033898305
2 0.8995485327313769 0.34915254237288135 0.0474040632054176 0.08813559322033898
2 0.04966139954853273 0.34745762711864403 0.02708803611738149 0.05084745762711864
4 0.5045146726862302 0.3711864406779661 0.4808126410835214 0.12542372881355932
