0 0.596 0.45588235294117646 0.048 0.15775401069518716
0 0.635 0.47058823529411764 0.05 0.16042780748663102
0 0.653 0.4906417112299465 0.054 0.17379679144385027
0 0.678 0.5093582887700534 0.056 0.18449197860962566
0 0.7000000000000001 0.5360962566844919 0.068 0.22192513368983957
0 0.722 0.5668449197860962 0.064 0.21390374331550802
0 0.762 0.5842245989304813 0.076 0.24866310160427807
0 0.799 0.6163101604278074 0.074 0.24331550802139035
0 0.849 0.6497326203208555 0.08600000000000001 0.27807486631016043
0 0.91 0.6844919786096256 0.088 0.2887700534759358
0 0.631 0.7045454545454545 0.09 0.2914438502673797
0 0.5720000000000001 0.6270053475935828 0.064 0.21657754010695185
0 0.543 0.56951871657754 0.07 0.2299465240641711
0 0.522 0.5374331550802138 0.064 0.20855614973262032
0 0.495 0.5080213903743315 0.054 0.1818181818181818
0 0.365 0.7072192513368983 0.09 0.29679144385026734
0 0.108 0.6978609625668449 0.092 0.3101604278074866
0 0.13 0.660427807486631 0.084 0.2834224598930481
2 0.873 0.16711229946524064 0.03 0.07219251336898395
2 0.898 0.16310160427807485 0.02 0.058823529411764705
2 0.917 0.16443850267379678 0.03 0.06149732620320855
2 0.9470000000000001 0.1657754010695187 0.03 0.058823529411764705
2 0.967 0.17245989304812834 0.022 0.07219251336898395
2 0.99 0.15641711229946523 0.016 0.04545454545454545
2 0.9590000000000001 0.23930481283422458 0.03 0.06684491978609625
2 0.923 0.22727272727272727 0.026000000000000002 0.0481283422459893
2 0.924 0.3074866310160428 0.024 0.058823529411764705
2 0.9540000000000001 0.29010695187165775 0.032 0.029411764705882353
2 0.961 0.3302139037433155 0.026000000000000002 0.040106951871657755
2 0.98 0.3248663101604278 0.024 0.034759358288770054
2 0.988 0.2927807486631016 0.02 0.034759358288770054
2 0.139 0.5053475935828877 0.038 0.0641711229946524
2 0.157 0.47860962566844917 0.03 0.0427807486631016
2 0.358 0.5066844919786095 0.048 0.06149732620320855
3 0.669 0.2687165775401069 0.13 0.19518716577540104
4 0.169 0.445187165775401 0.126 0.20588235294117646
4 0.34900000000000003 0.44385026737967914 0.074 0.1283422459893048
