0 0.28750000000000003 0.7055288461538461 0.10833333333333334 0.3822115384615385
0 0.3441666666666667 0.6033653846153847 0.04166666666666667 0.14903846153846154
0 0.36500000000000005 0.6033653846153847 0.043333333333333335 0.15384615384615385
0 0.39916666666666667 0.6009615384615385 0.045000000000000005 0.15865384615384617
0 0.51 0.6959134615384616 0.08333333333333334 0.2956730769230769
0 0.6233333333333334 0.6730769230769231 0.08 0.28365384615384615
0 0.5858333333333333 0.6129807692307693 0.03833333333333334 0.13461538461538464
0 0.6891666666666667 0.7211538461538461 0.115 0.40384615384615385
0 0.7625000000000001 0.625 0.04166666666666667 0.15384615384615385
0 0.8058333333333334 0.6971153846153847 0.08833333333333333 0.3125
0 0.8466666666666667 0.625 0.05333333333333334 0.19230769230769232
0 0.043333333333333335 0.5540865384615385 0.016666666666666666 0.06009615384615385
0 0.43583333333333335 0.5673076923076923 0.015000000000000001 0.05288461538461539
4 0.9216666666666667 0.5853365384615385 0.14 0.12740384615384617
