0 0.0325 0.6890625 0.065 0.45937500000000003
0 0.15666666666666668 0.5859375 0.1366666666666667 0.634375
0 0.30000000000000004 0.6468750000000001 0.11666666666666667 0.5437500000000001
0 0.36250000000000004 0.7093750000000001 0.085 0.4
0 0.43583333333333335 0.7000000000000001 0.085 0.39375000000000004
0 0.49000000000000005 0.7093750000000001 0.08666666666666667 0.39375000000000004
0 0.56 0.65625 0.10333333333333335 0.48125
0 0.6283333333333334 0.6671875 0.10333333333333335 0.47187500000000004
0 0.7250000000000001 0.6578125 0.10333333333333335 0.478125
0 0.8425 0.6328125 0.11833333333333335 0.540625
0 0.9366666666666668 0.5484375 0.12333333333333334 0.690625
0 0.22583333333333336 0.75 0.07166666666666667 0.325
0 0.050833333333333335 0.728125 0.07833333333333334 0.36250000000000004
