0 0.04357142857142857 0.5524625267665954 0.07 0.2569593147751606
0 0.20142857142857143 0.5460385438972163 0.06 0.2226980728051392
0 0.18285714285714286 0.5449678800856531 0.04285714285714286 0.16488222698072805
0 0.2592857142857143 0.5845824411134904 0.06714285714285714 0.25267665952890794
0 0.31285714285714283 0.6220556745182013 0.10571428571428572 0.3875802997858673
0 0.35428571428571426 0.5428265524625268 0.05142857142857143 0.1948608137044968
0 0.4092857142857143 0.5321199143468951 0.03857142857142857 0.14775160599571735
0 0.44357142857142856 0.5738758029978587 0.06428571428571428 0.23554603854389722
0 0.4564285714285714 0.5299785867237687 0.05 0.18201284796573877
0 0.505 0.5931477516059958 0.08428571428571428 0.3126338329764454
0 0.5607142857142857 0.5706638115631691 0.05 0.18629550321199145
0 0.6078571428571429 0.5299785867237687 0.03857142857142857 0.14346895074946467
0 0.6678571428571428 0.6349036402569593 0.11285714285714285 0.417558886509636
0 0.7214285714285714 0.5417558886509636 0.045714285714285714 0.1670235546038544
0 0.7721428571428571 0.5653104925053534 0.05857142857142857 0.21413276231263384
0 0.8371428571428572 0.6113490364025697 0.08857142857142856 0.3233404710920771
0 0.9292857142857143 0.6092077087794433 0.06714285714285714 0.24625267665952894
0 0.905 0.537473233404711 0.04428571428571428 0.16274089935760172
0 0.9785714285714285 0.5256959314775161 0.025714285714285714 0.09635974304068523
0 0.9821428571428571 0.5749464668094219 0.032857142857142856 0.2291220556745182
0 0.7657142857142857 0.3618843683083512 0.017142857142857144 0.06852248394004283
0 0.7828571428571428 0.354389721627409 0.02 0.07494646680942185
0 0.7978571428571428 0.3533190578158458 0.018571428571428572 0.07280513918629551
0 0.8071428571428572 0.360813704496788 0.017142857142857144 0.07066381156316917
4 0.8478571428571429 0.41220556745182013 0.30142857142857143 0.33190578158458245
