0 0.1391666666666667 0.713032581453634 0.125 0.46365914786967416
0 0.20333333333333334 0.7205513784461153 0.12000000000000001 0.44862155388471175
0 0.29750000000000004 0.6967418546365914 0.125 0.46115288220551376
0 0.3841666666666667 0.7080200501253132 0.11833333333333335 0.43859649122807015
0 0.4541666666666667 0.6954887218045113 0.125 0.45864661654135336
0 0.5183333333333333 0.7017543859649122 0.11333333333333334 0.41604010025062654
0 0.5825 0.6929824561403508 0.115 0.42857142857142855
0 0.6533333333333333 0.7092731829573935 0.11 0.41102756892230574
0 0.7183333333333334 0.706766917293233 0.11333333333333334 0.41604010025062654
0 0.7858333333333334 0.7005012531328321 0.11166666666666668 0.41353383458646614
0 0.08416666666666667 0.5839598997493733 0.03166666666666667 0.12030075187969924
0 0.06833333333333334 0.5839598997493733 0.030000000000000002 0.11528822055137844
2 0.8383333333333334 0.5538847117794485 0.03333333333333333 0.07017543859649122
2 0.8941666666666668 0.568922305764411 0.035 0.06516290726817042
2 0.9566666666666668 0.5651629072681704 0.02666666666666667 0.08771929824561403
2 0.9858333333333335 0.581453634085213 0.025 0.05012531328320802
