0 0.04390243902439024 0.6986970684039088 0.08780487804878048 0.28338762214983715
0 0.0975609756097561 0.754071661237785 0.07317073170731707 0.250814332247557
0 0.14878048780487804 0.7149837133550488 0.09268292682926829 0.30944625407166126
0 0.1951219512195122 0.7019543973941368 0.0975609756097561 0.3224755700325733
0 0.22682926829268293 0.7182410423452769 0.08780487804878048 0.2964169381107492
0 0.2646341463414634 0.7247557003257329 0.1048780487804878 0.3420195439739414
0 0.29634146341463413 0.7117263843648208 0.0951219512195122 0.3159609120521173
0 0.33170731707317075 0.7019543973941368 0.1024390243902439 0.3420195439739414
0 0.4024390243902439 0.757328990228013 0.14146341463414633 0.4657980456026059
0 0.4609756097560976 0.7752442996742671 0.13170731707317074 0.42996742671009774
0 0.5536585365853659 0.744299674267101 0.15121951219512195 0.49185667752442996
0 0.6658536585365854 0.749185667752443 0.14634146341463414 0.47557003257328995
0 0.6146341463414634 0.744299674267101 0.13658536585365855 0.45276872964169385
2 0.10121951219512196 0.5765472312703583 0.05121951219512195 0.08469055374592835
2 0.424390243902439 0.5293159609120521 0.05365853658536585 0.08143322475570033
2 0.48048780487804876 0.5439739413680782 0.04390243902439024 0.09120521172638436
