0 0.05785714285714286 0.3128964059196617 0.018571428571428572 0.06765327695560254
0 0.030714285714285715 0.34672304439746304 0.02142857142857143 0.08456659619450317
0 0.047142857142857146 0.34672304439746304 0.02 0.07610993657505286
0 0.08 0.3572938689217759 0.014285714285714285 0.059196617336152224
0 0.08928571428571429 0.3202959830866808 0.024285714285714285 0.09090909090909091
0 0.10857142857142857 0.33615221987315014 0.017142857142857144 0.06342494714587738
0 0.12 0.32663847780126853 0.02 0.07399577167019028
0 0.13642857142857143 0.3086680761099366 0.012857142857142857 0.05073995771670191
0 0.15642857142857142 0.4820295983086681 0.05285714285714286 0.1945031712473573
0 0.18428571428571427 0.3308668076109937 0.02 0.07399577167019028
0 0.21357142857142858 0.5221987315010571 0.10428571428571429 0.37632135306553915
0 0.28 0.5179704016913319 0.09714285714285714 0.35517970401691334
0 0.29928571428571427 0.4714587737843552 0.041428571428571426 0.1522198731501057
0 0.24142857142857144 0.37632135306553915 0.02857142857142857 0.10993657505285413
0 0.49214285714285716 0.5718816067653277 0.16428571428571428 0.5983086680761099
0 0.6221428571428571 0.5274841437632135 0.16428571428571428 0.5983086680761099
0 0.8664285714285714 0.34460887949260044 0.047142857142857146 0.16913319238900634
0 0.8928571428571429 0.36469344608879495 0.04 0.15010570824524314
0 0.915 0.3689217758985201 0.04428571428571428 0.15856236786469347
0 0.9528571428571428 0.35412262156448204 0.04857142857142857 0.17970401691331925
0 0.84 0.3911205073995772 0.05714285714285714 0.21141649048625794
0 0.5207142857142857 0.34460887949260044 0.027142857142857142 0.10147991543340382
0 0.5528571428571428 0.39534883720930236 0.04857142857142857 0.17336152219873152
2 0.24785714285714286 0.3033826638477801 0.02142857142857143 0.03594080338266385
2 0.685 0.3192389006342495 0.027142857142857142 0.0718816067653277
2 0.7428571428571429 0.3086680761099366 0.017142857142857144 0.05073995771670191
4 0.6378571428571429 0.29069767441860467 0.6671428571428571 0.12473572938689219
