0 0.056 0.4333333333333333 0.04 0.13599999999999998
0 0.318 0.4413333333333333 0.056 0.18933333333333333
0 0.357 0.4066666666666667 0.034 0.10933333333333332
0 0.387 0.46399999999999997 0.058 0.18666666666666665
0 0.40800000000000003 0.4053333333333333 0.028 0.10133333333333333
0 0.463 0.3773333333333333 0.018000000000000002 0.06133333333333333
0 0.539 0.37466666666666665 0.014 0.050666666666666665
0 0.552 0.412 0.016 0.056
0 0.5660000000000001 0.40399999999999997 0.016 0.056
0 0.643 0.45999999999999996 0.054 0.17866666666666667
0 0.797 0.49466666666666664 0.094 0.30666666666666664
0 0.919 0.368 0.014 0.05333333333333333
0 0.868 0.3773333333333333 0.024 0.088
0 0.851 0.36533333333333334 0.018000000000000002 0.058666666666666666
0 0.8280000000000001 0.37466666666666665 0.028 0.09333333333333332
4 0.597 0.35733333333333334 0.262 0.064
