0 0.05166666666666667 0.5075000000000001 0.10333333333333335 0.38
0 0.08083333333333334 0.525 0.125 0.455
0 0.12583333333333335 0.5275 0.08833333333333333 0.33
0 0.18500000000000003 0.51625 0.2 0.7375
0 0.265 0.53 0.16 0.585
0 0.3383333333333334 0.5437500000000001 0.08333333333333334 0.3025
0 0.38083333333333336 0.5437500000000001 0.14166666666666666 0.5225
0 0.43250000000000005 0.5775 0.09166666666666667 0.34500000000000003
0 0.49333333333333335 0.62375 0.15666666666666668 0.5825
0 0.5525 0.62375 0.12166666666666667 0.4475
0 0.6608333333333334 0.64125 0.09833333333333334 0.3625
0 0.7050000000000001 0.57875 0.07333333333333333 0.2775
0 0.8391666666666667 0.58875 0.058333333333333334 0.2225
0 0.9191666666666667 0.5337500000000001 0.15833333333333335 0.9175
0 0.5941666666666667 0.305 0.03166666666666667 0.125
0 0.6950000000000001 0.32375 0.03333333333333333 0.1275
0 0.61 0.25 0.03333333333333333 0.12
0 0.62 0.1525 0.02666666666666667 0.1
0 0.3466666666666667 0.09 0.023333333333333334 0.09
0 0.41500000000000004 0.065 0.02 0.075
2 0.8591666666666667 0.47750000000000004 0.028333333333333335 0.065
2 0.8433333333333334 0.30125 0.02666666666666667 0.10250000000000001
2 0.8741666666666668 0.31 0.03166666666666667 0.11
2 0.7658333333333334 0.30875 0.035 0.08750000000000001
2 0.4033333333333334 0.09625 0.02666666666666667 0.0725
4 0.18916666666666668 0.0825 0.3716666666666667 0.15
4 0.5208333333333334 0.06 0.305 0.12
4 0.7883333333333333 0.11375 0.18333333333333335 0.20750000000000002
