0 0.47079646017699117 0.6959459459459459 0.0743362831858407 0.2783783783783784
0 0.5168141592920354 0.6878378378378379 0.0743362831858407 0.2783783783783784
0 0.5646017699115045 0.7148648648648649 0.07079646017699115 0.26216216216216215
0 0.6017699115044248 0.722972972972973 0.07079646017699115 0.2675675675675676
0 0.7194690265486725 0.722972972972973 0.07256637168141593 0.27297297297297296
0 0.7823008849557522 0.7378378378378379 0.06725663716814159 0.2594594594594595
2 0.06283185840707964 0.5581081081081082 0.05486725663716814 0.13783783783783785
2 0.16283185840707964 0.5891891891891892 0.049557522123893805 0.13513513513513514
2 0.2407079646017699 0.6135135135135136 0.05663716814159292 0.12972972972972974
2 0.3106194690265487 0.5567567567567568 0.04070796460176991 0.11351351351351352
2 0.35044247787610616 0.6378378378378379 0.05309734513274336 0.12972972972972974
2 0.10353982300884956 0.46756756756756757 0.05132743362831858 0.14054054054054055
2 0.05398230088495575 0.4486486486486487 0.04070796460176991 0.10810810810810811
2 0.1663716814159292 0.48378378378378384 0.05309734513274336 0.0918918918918919
2 0.24424778761061947 0.34864864864864864 0.04247787610619469 0.07567567567567568
2 0.28053097345132744 0.38648648648648654 0.02654867256637168 0.0918918918918919
2 0.3911504424778761 0.4783783783783784 0.02831858407079646 0.10810810810810811
2 0.3672566371681416 0.4621621621621622 0.02654867256637168 0.04864864864864865
2 0.45132743362831856 0.4783783783783784 0.03185840707964602 0.05405405405405406
2 0.46283185840707963 0.5283783783783784 0.03008849557522124 0.06756756756756757
2 0.5300884955752212 0.5121621621621621 0.03008849557522124 0.07297297297297298
2 0.5672566371681416 0.5297297297297298 0.04070796460176991 0.06486486486486487
2 0.4893805309734513 0.4864864864864865 0.03008849557522124 0.06486486486486487
2 0.4097345132743363 0.5648648648648649 0.03008849557522124 0.08108108108108109
2 0.36902654867256635 0.5472972972972974 0.03008849557522124 0.08378378378378379
2 0.03185840707964602 0.2310810810810811 0.02831858407079646 0.07297297297297298
2 0.07964601769911504 0.24189189189189192 0.035398230088495575 0.06756756756756757
2 0.02831858407079646 0.3054054054054054 0.03893805309734513 0.0972972972972973
2 0.01415929203539823 0.3891891891891892 0.02831858407079646 0.0972972972972973
2 0.09823008849557521 0.3283783783783784 0.03716814159292035 0.12162162162162163
2 0.1415929203539823 0.3121621621621622 0.03185840707964602 0.062162162162162166
2 0.17522123893805308 0.3581081081081081 0.03893805309734513 0.07297297297297298
2 0.13097345132743363 0.3689189189189189 0.04247787610619469 0.07297297297297298
4 0.2814159292035398 0.4621621621621622 0.1415929203539823 0.15135135135135136
4 0.49911504424778763 0.25135135135135134 0.9911504424778761 0.5027027027027027
4 0.8433628318584071 0.6797297297297298 0.30973451327433627 0.3756756756756757
