0 0.43671875000000004 0.7189695550351288 0.0203125 0.07962529274004684
0 0.446875 0.7142857142857143 0.015625 0.06557377049180328
0 0.45937500000000003 0.7166276346604216 0.021875000000000002 0.08430913348946135
0 0.5171875 0.7049180327868853 0.015625 0.06557377049180328
0 0.5593750000000001 0.6955503512880562 0.015625 0.06088992974238876
0 0.5390625 0.6943793911007026 0.0125 0.053864168618266976
0 0.5859375 0.7201405152224825 0.028125 0.10070257611241218
0 0.6039062500000001 0.7177985948477752 0.026562500000000003 0.10070257611241218
0 0.62265625 0.6967213114754098 0.0140625 0.053864168618266976
0 0.759375 0.7072599531615925 0.028125 0.10304449648711944
0 0.8250000000000001 0.7271662763466042 0.037500000000000006 0.14285714285714285
0 0.41484375 0.6967213114754098 0.0140625 0.053864168618266976
0 0.47968750000000004 0.7084309133489461 0.0125 0.04449648711943794
0 0.47265625 0.7072599531615925 0.010937500000000001 0.046838407494145196
0 0.6570312500000001 0.6920374707259953 0.010937500000000001 0.04449648711943794
2 0.215625 0.711943793911007 0.025 0.06088992974238876
2 0.2390625 0.7177985948477752 0.0125 0.04449648711943794
2 0.25625000000000003 0.7142857142857143 0.0125 0.05620608899297424
2 0.2671875 0.7177985948477752 0.0125 0.053864168618266976
2 0.24375000000000002 0.6885245901639344 0.015625 0.03747072599531616
2 0.846875 0.7494145199063231 0.05 0.117096018735363
2 0.9476562500000001 0.702576112412178 0.0203125 0.06557377049180328
2 0.9328125 0.6967213114754098 0.025 0.06791569086651054
2 0.86875 0.6908665105386417 0.018750000000000003 0.04215456674473068
2 0.8546875 0.689695550351288 0.018750000000000003 0.03981264637002342
2 0.8578125000000001 0.6697892271662763 0.018750000000000003 0.05152224824355972
2 0.8406250000000001 0.6791569086651054 0.021875000000000002 0.05620608899297424
2 0.8757812500000001 0.6814988290398126 0.0171875 0.05152224824355972
4 0.4609375 0.680327868852459 0.053125000000000006 0.04918032786885246
