0 0.9061224489795919 0.46932515337423314 0.12244897959183675 0.4539877300613497
0 0.8489795918367348 0.3205521472392638 0.036734693877551024 0.13190184049079756
0 0.8071428571428572 0.3205521472392638 0.03469387755102041 0.13803680981595093
0 0.8704081632653062 0.29754601226993865 0.014285714285714287 0.06134969325153374
0 0.7520408163265306 0.31441717791411045 0.03469387755102041 0.13190184049079756
0 0.7102040816326531 0.34969325153374237 0.0489795918367347 0.18404907975460122
0 0.5622448979591838 0.36963190184049083 0.05510204081632654 0.20552147239263804
0 0.4867346938775511 0.3788343558282209 0.09183673469387756 0.34662576687116564
0 0.5102040816326531 0.3343558282208589 0.04489795918367347 0.16564417177914112
0 0.4622448979591837 0.3619631901840491 0.0673469387755102 0.25153374233128833
0 0.42040816326530617 0.40950920245398775 0.07755102040816328 0.2852760736196319
0 0.3938775510204082 0.42484662576687116 0.09387755102040818 0.35276073619631904
0 0.35510204081632657 0.4432515337423313 0.10204081632653061 0.3834355828220859
0 0.30714285714285716 0.549079754601227 0.18571428571428572 0.6871165644171779
0 0.20816326530612247 0.5107361963190185 0.163265306122449 0.598159509202454
0 0.0989795918367347 0.5644171779141104 0.1816326530612245 0.6687116564417178
0 0.12448979591836735 0.4815950920245399 0.12244897959183675 0.4601226993865031
0 0.030612244897959186 0.4187116564417178 0.06122448979591837 0.29754601226993865
2 0.1806122448979592 0.299079754601227 0.1 0.13190184049079756
2 0.25 0.3052147239263804 0.05918367346938776 0.0950920245398773
2 0.015306122448979593 0.46625766871165647 0.030612244897959186 0.24539877300613497
2 0.3663265306122449 0.26993865030674846 0.03877551020408164 0.09815950920245399
2 0.4744897959183674 0.39570552147239263 0.06326530612244899 0.25153374233128833
2 0.5836734693877551 0.299079754601227 0.02448979591836735 0.06441717791411043
2 0.6683673469387755 0.299079754601227 0.018367346938775512 0.0705521472392638
2 0.8989795918367348 0.15184049079754602 0.014285714285714287 0.03374233128834356
