0 0.5932203389830508 0.5438373570520966 0.08983050847457627 0.32782719186785264
0 0.8860169491525424 0.2560355781448539 0.03474576271186441 0.12833545108005084
0 0.8588983050847457 0.2477763659466328 0.036440677966101696 0.1372299872935197
0 0.839406779661017 0.2636594663278272 0.03135593220338983 0.1156289707750953
0 0.8461864406779661 0.24650571791613723 0.03813559322033898 0.1397712833545108
0 0.8241525423728814 0.24904701397712833 0.03983050847457627 0.144853875476493
0 0.8135593220338982 0.2566709021601017 0.03559322033898305 0.13214739517153748
0 0.7796610169491526 0.2554002541296061 0.03220338983050847 0.11944091486658197
0 0.7944915254237288 0.2503176620076239 0.036440677966101696 0.1346886912325286
0 0.7580508474576271 0.2630241423125794 0.03135593220338983 0.11435832274459976
0 0.7470338983050847 0.2579415501905972 0.03135593220338983 0.11435832274459976
0 0.7288135593220338 0.25158831003811943 0.03559322033898305 0.13214739517153748
0 0.7072033898305085 0.25921219822109276 0.036440677966101696 0.1346886912325286
0 0.7177966101694915 0.24904701397712833 0.03898305084745762 0.1423125794155019
0 0.686864406779661 0.2560355781448539 0.03813559322033898 0.14358322744599747
0 0.6754237288135593 0.2554002541296061 0.04067796610169491 0.14993646759847523
0 0.661864406779661 0.2611181702668361 0.03728813559322034 0.13595933926302414
0 0.6411016949152543 0.25984752223634056 0.036440677966101696 0.13341804320203304
0 0.6347457627118643 0.25476493011435836 0.03728813559322034 0.13595933926302414
0 0.6203389830508474 0.2630241423125794 0.03559322033898305 0.13214739517153748
0 0.5978813559322034 0.2611181702668361 0.03474576271186441 0.13087674714104194
0 0.6076271186440678 0.24904701397712833 0.03728813559322034 0.1372299872935197
0 0.5864406779661017 0.2509529860228717 0.03389830508474576 0.12579415501905972
0 0.5699152542372882 0.25158831003811943 0.036440677966101696 0.1372299872935197
0 0.6961864406779661 0.2477763659466328 0.03813559322033898 0.1397712833545108
0 0.3919491525423729 0.2509529860228717 0.03813559322033898 0.14358322744599747
0 0.376271186440678 0.25730622617534943 0.03728813559322034 0.13595933926302414
0 0.3652542372881356 0.2636594663278272 0.03559322033898305 0.13341804320203304
0 0.348728813559322 0.27064803049555275 0.03813559322033898 0.1397712833545108
0 0.3292372881355932 0.2674714104193139 0.026271186440677965 0.10038119440914867
0 0.30550847457627117 0.27064803049555275 0.04152542372881356 0.15247776365946633
0 0.27203389830508473 0.28398983481575607 0.03559322033898305 0.13341804320203304
0 0.40423728813559323 0.21918678526048285 0.03389830508474576 0.12579415501905972
0 0.29406779661016946 0.17852604828462518 0.02711864406779661 0.10292249047013978
0 0.2809322033898305 0.16899618805590852 0.03135593220338983 0.11435832274459976
0 0.25677966101694916 0.24269377382465057 0.03389830508474576 0.12706480304955528
0 0.23347457627118642 0.2744599745870394 0.03983050847457627 0.144853875476493
0 0.19915254237288135 0.2852604828462516 0.03728813559322034 0.14104193138500637
0 0.17033898305084746 0.25921219822109276 0.03728813559322034 0.1397712833545108
0 0.12372881355932203 0.12325285895806862 0.03898305084745762 0.144853875476493
0 0.11228813559322033 0.2725540025412961 0.036440677966101696 0.13341804320203304
0 0.16186440677966102 0.11626429479034309 0.03559322033898305 0.13087674714104194
0 0.20423728813559322 0.1512071156289708 0.03728813559322034 0.1372299872935197
0 0.22542372881355932 0.14612452350698857 0.03559322033898305 0.13214739517153748
0 0.3360169491525424 0.20584498094027956 0.03983050847457627 0.14739517153748413
0 0.08008474576271186 0.14358322744599747 0.03983050847457627 0.14739517153748413
0 0.02076271186440678 0.14739517153748413 0.036440677966101696 0.1372299872935197
2 0.04703389830508475 0.3036848792884371 0.04152542372881356 0.10927573062261754
2 0.046610169491525424 0.1823379923761118 0.03898305084745762 0.08259212198221093
2 0.034322033898305085 0.1963151207115629 0.026271186440677965 0.0724269377382465
2 0.030084745762711862 0.10292249047013978 0.026271186440677965 0.0914866581956798
2 0.14533898305084744 0.3246505717916137 0.03813559322033898 0.0724269377382465
2 0.17415254237288136 0.3195679796696315 0.03305084745762712 0.0698856416772554
2 0.24872881355932203 0.156289707750953 0.0211864406779661 0.043202033036848796
2 0.2639830508474576 0.17789072426937738 0.0211864406779661 0.025412960609911057
2 0.2661016949152542 0.20393900889453623 0.01864406779661017 0.029224904701397714
2 0.31101694915254235 0.17407878017789072 0.020338983050847456 0.050825921219822115
2 0.32245762711864406 0.29796696315120713 0.024576271186440676 0.09021601016518425
2 0.3275423728813559 0.144853875476493 0.016101694915254237 0.05590851334180432
2 0.3538135593220339 0.14866581956797967 0.017796610169491526 0.0457433290978399
2 0.37245762711864405 0.16899618805590852 0.024576271186440676 0.04828462515883101
2 0.3923728813559322 0.17153748411689962 0.015254237288135592 0.035578144853875476
2 0.3940677966101695 0.15692503176620076 0.01864406779661017 0.03939008894536214
2 0.4258474576271186 0.1937738246505718 0.024576271186440676 0.04701397712833545
2 0.435593220338983 0.17852604828462518 0.015254237288135592 0.029224904701397714
2 0.425 0.1613722998729352 0.01440677966101695 0.050825921219822115
2 0.4461864406779661 0.18742058449809404 0.01440677966101695 0.0673443456162643
2 0.4601694915254237 0.15819567979669633 0.020338983050847456 0.03684879288437103
2 0.46355932203389827 0.20139771283354513 0.022033898305084745 0.0673443456162643
2 0.46991525423728814 0.20012706480304956 0.016101694915254237 0.03939008894536214
2 0.4788135593220339 0.17471410419313851 0.01864406779661017 0.03939008894536214
2 0.48686440677966103 0.17598475222363405 0.017796610169491526 0.03939008894536214
2 0.5050847457627119 0.20266836086404066 0.01864406779661017 0.05463786531130877
2 0.4894067796610169 0.22363405336721728 0.02288135593220339 0.04828462515883101
2 0.5173728813559322 0.1829733163913596 0.016101694915254237 0.0457433290978399
2 0.5258474576271186 0.1912325285895807 0.01271186440677966 0.03939008894536214
2 0.527542372881356 0.17090216010165185 0.017796610169491526 0.05463786531130877
2 0.536864406779661 0.17407878017789072 0.01271186440677966 0.03303684879288437
2 0.5499999999999999 0.17598475222363405 0.015254237288135592 0.044472681067344345
2 0.5580508474576271 0.1696315120711563 0.01440677966101695 0.029224904701397714
2 0.5605932203389831 0.15819567979669633 0.0211864406779661 0.03939008894536214
2 0.5538135593220339 0.22172808132147395 0.03135593220338983 0.044472681067344345
2 0.5648305084745763 0.2909783989834816 0.02288135593220339 0.07878017789072428
2 0.5402542372881356 0.2852604828462516 0.026271186440677965 0.07496823379923762
2 0.5139830508474577 0.2858958068614994 0.026271186440677965 0.06607369758576874
2 0.4970338983050847 0.2801778907242694 0.024576271186440676 0.06480304955527319
2 0.4703389830508474 0.29415501905972047 0.03728813559322034 0.08005082592121983
2 0.44237288135593217 0.24968233799237613 0.023728813559322035 0.052096569250317665
2 0.4279661016949152 0.28144853875476494 0.04067796610169491 0.09275730622617535
2 0.6 0.16327827191867852 0.013559322033898305 0.029224904701397714
2 0.6169491525423728 0.17662007623888185 0.013559322033898305 0.02795425667090216
2 0.6266949152542373 0.18932655654383737 0.009322033898305085 0.025412960609911057
2 0.6300847457627119 0.17852604828462518 0.01271186440677966 0.03176620076238882
2 0.6398305084745762 0.17026683608640408 0.020338983050847456 0.03303684879288437
2 0.6588983050847458 0.17534942820838628 0.027966101694915254 0.03303684879288437
2 0.7419491525423728 0.19758576874205847 0.011016949152542373 0.03176620076238882
2 0.7491525423728813 0.18742058449809404 0.010169491525423728 0.029224904701397714
2 0.7576271186440677 0.19313850063532403 0.00847457627118644 0.020330368487928845
2 0.7576271186440677 0.17471410419313851 0.010169491525423728 0.026683608640406607
2 0.7686440677966101 0.1880559085133418 0.015254237288135592 0.04828462515883101
2 0.7860169491525424 0.18678526048284627 0.016101694915254237 0.04066073697585769
2 0.8063559322033899 0.19313850063532403 0.011016949152542373 0.04066073697585769
2 0.8135593220338982 0.18106734434561628 0.01694915254237288 0.03430749682337993
3 0.046610169491525424 0.40216010165184246 0.04067796610169491 0.08767471410419314
3 0.11694915254237288 0.4199491740787802 0.03898305084745762 0.12325285895806862
3 0.14915254237288136 0.3767471410419314 0.020338983050847456 0.029224904701397714
3 0.175 0.3754764930114359 0.024576271186440676 0.04701397712833545
3 0.2055084745762712 0.43583227445997463 0.03135593220338983 0.15501905972045743
3 0.23728813559322035 0.4332909783989835 0.02542372881355932 0.15501905972045743
3 0.2745762711864407 0.426302414231258 0.02711864406779661 0.14612452350698857
3 0.30889830508474575 0.4066073697585769 0.02288135593220339 0.10165184243964423
3 0.3326271186440678 0.40216010165184246 0.02288135593220339 0.10546378653113088
3 0.3550847457627119 0.40216010165184246 0.023728813559322035 0.10546378653113088
3 0.3826271186440678 0.41232528589580686 0.024576271186440676 0.10546378653113088
3 0.3983050847457627 0.40533672172808133 0.020338983050847456 0.08386277001270648
3 0.6402542372881356 0.3856416772554003 0.45508474576271185 0.10038119440914867
