0 0.23700000000000002 0.7706666666666666 0.138 0.448
0 0.186 0.836 0.092 0.30666666666666664
0 0.369 0.7426666666666667 0.106 0.344
0 0.391 0.7053333333333333 0.098 0.328
0 0.323 0.6773333333333333 0.094 0.31466666666666665
0 0.292 0.6639999999999999 0.096 0.32
0 0.458 0.6786666666666666 0.08 0.264
0 0.47400000000000003 0.7226666666666667 0.048 0.16533333333333333
0 0.441 0.5613333333333334 0.026000000000000002 0.09333333333333332
0 0.527 0.6253333333333333 0.034 0.10933333333333332
0 0.553 0.7133333333333333 0.10200000000000001 0.33866666666666667
0 0.545 0.688 0.078 0.256
0 0.598 0.7306666666666667 0.116 0.37866666666666665
0 0.7020000000000001 0.7706666666666666 0.136 0.44266666666666665
0 0.77 0.7493333333333333 0.12 0.39466666666666667
0 0.84 0.7373333333333333 0.128 0.41866666666666663
0 0.927 0.8026666666666666 0.114 0.3733333333333333
0 0.644 0.7026666666666667 0.08 0.264
0 0.504 0.6293333333333333 0.06 0.19733333333333333
0 0.183 0.5666666666666667 0.058 0.18933333333333333
2 0.02 0.8613333333333333 0.036000000000000004 0.27199999999999996
2 0.258 0.564 0.04 0.13066666666666665
2 0.214 0.5693333333333334 0.04 0.14133333333333334
2 0.28300000000000003 0.5226666666666666 0.014 0.03733333333333333
2 0.342 0.528 0.028 0.06933333333333333
2 0.365 0.5386666666666666 0.022 0.042666666666666665
2 0.383 0.5386666666666666 0.026000000000000002 0.048
2 0.41400000000000003 0.5733333333333334 0.028 0.06933333333333333
2 0.40700000000000003 0.5226666666666666 0.026000000000000002 0.042666666666666665
2 0.529 0.528 0.03 0.032
2 0.554 0.5226666666666666 0.02 0.03733333333333333
2 0.597 0.5373333333333333 0.018000000000000002 0.050666666666666665
2 0.672 0.584 0.024 0.06933333333333333
2 0.685 0.7919999999999999 0.08600000000000001 0.23466666666666666
2 0.795 0.5773333333333334 0.046 0.104
2 0.879 0.5706666666666667 0.022 0.05333333333333333
2 0.733 0.5546666666666666 0.034 0.08
2 0.47700000000000004 0.48133333333333334 0.018000000000000002 0.034666666666666665
2 0.392 0.492 0.016 0.034666666666666665
