0 0.02 0.6739811912225705 0.04 0.225705329153605
0 0.03909090909090909 0.6692789968652038 0.05272727272727273 0.22884012539184953
0 0.08 0.7492163009404389 0.10181818181818182 0.43887147335423193
0 0.13454545454545455 0.670846394984326 0.04363636363636364 0.19435736677115986
0 0.21818181818181817 0.744514106583072 0.09818181818181818 0.4231974921630094
0 0.32636363636363636 0.7398119122257053 0.09636363636363636 0.4075235109717868
0 0.28909090909090907 0.6065830721003135 0.014545454545454545 0.06583072100313479
0 0.3527272727272727 0.6050156739811912 0.02181818181818182 0.09404388714733541
0 0.39 0.6206896551724138 0.038181818181818185 0.16927899686520376
0 0.5918181818181818 0.7523510971786833 0.09272727272727273 0.3949843260188088
0 0.7136363636363636 0.7398119122257053 0.1 0.4263322884012539
0 0.8909090909090909 0.7429467084639498 0.10909090909090909 0.45768025078369906
0 0.8045454545454546 0.5815047021943573 0.012727272727272728 0.05329153605015674
0 0.8209090909090909 0.5721003134796238 0.012727272727272728 0.05956112852664577
0 0.8336363636363636 0.5893416927899686 0.012727272727272728 0.05642633228840125
0 0.63 0.5830721003134796 0.012727272727272728 0.05642633228840125
0 0.5609090909090909 0.5909090909090909 0.012727272727272728 0.05956112852664577
0 0.17272727272727273 0.622257053291536 0.014545454545454545 0.05956112852664577
0 0.1481818181818182 0.6363636363636364 0.02727272727272727 0.12539184952978055
2 0.4890909090909091 0.7068965517241379 0.1890909090909091 0.5736677115987461
2 0.11272727272727273 0.609717868338558 0.01818181818181818 0.07210031347962383
2 0.16272727272727272 0.609717868338558 0.02 0.05956112852664577
2 0.4127272727272727 0.5642633228840125 0.014545454545454545 0.03761755485893417
2 0.42818181818181816 0.5595611285266457 0.016363636363636365 0.034482758620689655
2 0.45181818181818184 0.5595611285266457 0.02 0.04075235109717868
2 0.5572727272727273 0.5815047021943573 0.012727272727272728 0.028213166144200625
2 0.7290909090909091 0.5721003134796238 0.014545454545454545 0.028213166144200625
