0 0.41830065359477125 0.40625 0.06162464985994398 0.2
0 0.4705882352941177 0.40375 0.056022408963585436 0.185
0 0.5126050420168068 0.39375 0.056022408963585436 0.185
0 0.5522875816993464 0.395 0.05322128851540617 0.17500000000000002
0 0.5929038281979458 0.37625000000000003 0.05788982259570495 0.19
0 0.6353874883286649 0.369375 0.05882352941176471 0.19625
0 0.6844070961718021 0.358125 0.05415499533146592 0.17625
0 0.9766573295985062 0.3075 0.04481792717086835 0.2525
2 0.22362278244631187 0.44875 0.014005602240896359 0.0275
2 0.24276377217553688 0.444375 0.013071895424836602 0.02625
2 0.257703081232493 0.44125000000000003 0.013071895424836602 0.02
2 0.8099906629318394 0.343125 0.0196078431372549 0.04125
2 0.9080298786181139 0.350625 0.0569561157796452 0.13625
2 0.9603174603174603 0.35875 0.04948646125116714 0.1275
