0 0.018333333333333333 0.4603960396039604 0.03666666666666667 0.28052805280528054
0 0.025833333333333337 0.4603960396039604 0.05166666666666667 0.2739273927392739
0 0.03916666666666667 0.47194719471947194 0.04833333333333334 0.2376237623762376
0 0.07666666666666667 0.5396039603960396 0.08 0.3927392739273927
0 0.275 0.49834983498349833 0.06666666666666667 0.32343234323432346
0 0.4366666666666667 0.5577557755775577 0.1 0.48184818481848185
0 0.5666666666666667 0.44554455445544555 0.05 0.2508250825082508
0 0.8591666666666667 0.5610561056105611 0.115 0.5610561056105611
0 0.8225 0.4735973597359736 0.058333333333333334 0.2871287128712871
0 0.9791666666666667 0.41914191419141916 0.03833333333333334 0.27722772277227725
0 0.9758333333333334 0.42244224422442245 0.045000000000000005 0.25742574257425743
0 0.9658333333333334 0.43234323432343236 0.04833333333333334 0.2376237623762376
0 0.9558333333333334 0.43234323432343236 0.045000000000000005 0.21782178217821782
0 0.9433333333333334 0.41914191419141916 0.05 0.24422442244224424
0 0.9383333333333334 0.42244224422442245 0.043333333333333335 0.21782178217821782
0 0.93 0.4290429042904291 0.04 0.20462046204620463
0 0.9066666666666667 0.4141914191419142 0.043333333333333335 0.2079207920792079
0 0.8966666666666667 0.4158415841584158 0.043333333333333335 0.21782178217821782
0 0.8858333333333334 0.4108910891089109 0.04166666666666667 0.20132013201320131
0 0.6791666666666667 0.37293729372937295 0.015000000000000001 0.07920792079207921
0 0.7041666666666667 0.36963696369636967 0.021666666666666667 0.10561056105610561
0 0.6950000000000001 0.367986798679868 0.016666666666666666 0.0891089108910891
0 0.7183333333333334 0.3712871287128713 0.023333333333333334 0.11551155115511551
0 0.7491666666666668 0.3778877887788779 0.025 0.12211221122112212
0 0.7366666666666667 0.367986798679868 0.023333333333333334 0.12211221122112212
0 0.775 0.37458745874587457 0.02666666666666667 0.12871287128712872
0 0.7641666666666667 0.37623762376237624 0.028333333333333335 0.14521452145214522
0 0.76 0.37458745874587457 0.02 0.10891089108910891
0 0.6633333333333333 0.3547854785478548 0.013333333333333334 0.06930693069306931
0 0.6441666666666667 0.3580858085808581 0.015000000000000001 0.06930693069306931
0 0.6333333333333334 0.35313531353135313 0.013333333333333334 0.07260726072607261
0 0.6225 0.3481848184818482 0.015000000000000001 0.07590759075907591
0 0.5333333333333333 0.3613861386138614 0.016666666666666666 0.0891089108910891
0 0.5033333333333334 0.3481848184818482 0.013333333333333334 0.0627062706270627
0 0.3775 0.37623762376237624 0.015000000000000001 0.07920792079207921
0 0.3425 0.3811881188118812 0.015000000000000001 0.08250825082508251
0 0.36333333333333334 0.3712871287128713 0.013333333333333334 0.07590759075907591
0 0.35583333333333333 0.367986798679868 0.015000000000000001 0.06930693069306931
0 0.33333333333333337 0.37293729372937295 0.016666666666666666 0.0858085808580858
0 0.32583333333333336 0.37293729372937295 0.015000000000000001 0.07920792079207921
0 0.3216666666666667 0.37293729372937295 0.016666666666666666 0.09240924092409242
0 0.3166666666666667 0.37623762376237624 0.02 0.09900990099009901
0 0.3016666666666667 0.38283828382838286 0.023333333333333334 0.11221122112211221
0 0.3075 0.37623762376237624 0.018333333333333333 0.09900990099009901
0 0.4041666666666667 0.35973597359735976 0.015000000000000001 0.07920792079207921
0 0.39333333333333337 0.3613861386138614 0.02 0.10231023102310231
0 0.4575 0.3547854785478548 0.011666666666666667 0.056105610561056105
0 0.11666666666666667 0.4108910891089109 0.04666666666666667 0.23432343234323433
0 0.1325 0.43399339933993397 0.03833333333333334 0.19471947194719472
0 0.14750000000000002 0.44224422442244227 0.028333333333333335 0.14521452145214522
0 0.165 0.43564356435643564 0.03333333333333333 0.15841584158415842
0 0.16 0.4207920792079208 0.03666666666666667 0.18811881188118812
0 0.18083333333333335 0.41254125412541254 0.04166666666666667 0.20462046204620463
0 0.2066666666666667 0.40264026402640263 0.03666666666666667 0.18481848184818483
0 0.21500000000000002 0.40594059405940597 0.03333333333333333 0.1716171617161716
0 0.2225 0.40264026402640263 0.03166666666666667 0.16501650165016502
0 0.23 0.39933993399339934 0.03333333333333333 0.15841584158415842
0 0.24083333333333334 0.4042904290429043 0.03166666666666667 0.1551155115511551
0 0.25 0.3927392739273927 0.03333333333333333 0.16501650165016502
0 0.5933333333333334 0.3481848184818482 0.013333333333333334 0.06930693069306931
2 0.8083333333333333 0.3201320132013201 0.016666666666666666 0.07260726072607261
2 0.7991666666666667 0.3432343234323432 0.011666666666666667 0.039603960396039604
2 0.7875000000000001 0.35148514851485146 0.018333333333333333 0.0429042904290429
2 0.7916666666666667 0.3118811881188119 0.013333333333333334 0.036303630363036306
2 0.785 0.3102310231023102 0.013333333333333334 0.039603960396039604
2 0.9591666666666667 0.3910891089108911 0.021666666666666667 0.056105610561056105
2 0.9525 0.30363036303630364 0.015000000000000001 0.04620462046204621
2 0.91 0.33828382838283827 0.016666666666666666 0.056105610561056105
2 0.91 0.30033003300330036 0.013333333333333334 0.039603960396039604
2 0.6983333333333334 0.3102310231023102 0.013333333333333334 0.033003300330033
2 0.6875 0.3217821782178218 0.015000000000000001 0.036303630363036306
2 0.6791666666666667 0.3184818481848185 0.011666666666666667 0.0297029702970297
2 0.7283333333333334 0.3333333333333333 0.013333333333333334 0.04620462046204621
2 0.76 0.3118811881188119 0.013333333333333334 0.036303630363036306
2 0.5766666666666667 0.334983498349835 0.016666666666666666 0.04950495049504951
2 0.5825 0.3201320132013201 0.011666666666666667 0.052805280528052806
2 0.14333333333333334 0.3102310231023102 0.016666666666666666 0.039603960396039604
2 0.1275 0.34983498349834985 0.011666666666666667 0.04620462046204621
2 0.11 0.3316831683168317 0.016666666666666666 0.056105610561056105
2 0.09583333333333334 0.3184818481848185 0.015000000000000001 0.0429042904290429
2 0.07416666666666667 0.32673267326732675 0.018333333333333333 0.04620462046204621
2 0.08416666666666667 0.25412541254125415 0.011666666666666667 0.039603960396039604
2 0.022500000000000003 0.2722772277227723 0.018333333333333333 0.07590759075907591
2 0.2891666666666667 0.33003300330033003 0.015000000000000001 0.052805280528052806
4 0.04 0.21452145214521454 0.07666666666666667 0.132013201320132
4 0.21500000000000002 0.297029702970297 0.1 0.07920792079207921
4 0.3441666666666667 0.32673267326732675 0.028333333333333335 0.052805280528052806
4 0.39583333333333337 0.3201320132013201 0.058333333333333334 0.033003300330033
4 0.6575000000000001 0.31518151815181517 0.065 0.0429042904290429
4 0.7866666666666667 0.3102310231023102 0.11 0.0594059405940594
