0 0.34125 0.6203007518796992 0.1075 0.40601503759398494
0 0.395 0.6033834586466165 0.095 0.3571428571428571
0 0.455 0.599624060150376 0.1 0.36466165413533835
0 0.50625 0.5883458646616541 0.0975 0.36466165413533835
0 0.5750000000000001 0.5883458646616541 0.1 0.3721804511278195
0 0.62 0.6090225563909775 0.115 0.42857142857142855
0 0.65375 0.4830827067669173 0.0475 0.18421052631578946
0 0.7125 0.6804511278195489 0.145 0.5338345864661653
0 0.8075 0.6917293233082706 0.16 0.593984962406015
0 0.87375 0.5526315789473684 0.08750000000000001 0.3233082706766917
0 0.9712500000000001 0.5319548872180451 0.0525 0.2969924812030075
0 0.0675 0.48120300751879697 0.03 0.12030075187969924
0 0.10375000000000001 0.48120300751879697 0.0275 0.11278195488721804
0 0.01 0.4680451127819549 0.02 0.07894736842105263
0 0.2525 0.5056390977443609 0.05 0.19172932330827067
0 0.28 0.518796992481203 0.05 0.18045112781954886
0 0.3025 0.5093984962406015 0.055 0.20676691729323307
2 0.27625 0.42293233082706766 0.0225 0.03383458646616541
2 0.375 0.43609022556390975 0.02 0.045112781954887216
2 0.34375 0.41165413533834583 0.0225 0.041353383458646614
2 0.48125 0.4548872180451128 0.0225 0.05263157894736842
2 0.7675000000000001 0.46240601503759393 0.025 0.07518796992481203
2 0.7025 0.5319548872180451 0.035 0.2744360902255639
2 0.8225 0.44924812030075184 0.065 0.15413533834586465
2 0.8575 0.4473684210526315 0.035 0.12030075187969924
4 0.47750000000000004 0.44172932330827064 0.075 0.10150375939849623
