0 0.4485981308411215 0.5818363273453093 0.050734312416555405 0.18562874251497005
0 0.48130841121495327 0.5928143712574849 0.03871829105473965 0.14770459081836326
0 0.5046728971962616 0.5708582834331337 0.04806408544726302 0.17964071856287422
0 0.5300400534045394 0.5678642714570857 0.04806408544726302 0.18163672654690619
0 0.5540720961281709 0.5688622754491017 0.045393858477970624 0.1716566866267465
0 0.5774365821094792 0.5658682634730539 0.04672897196261682 0.17365269461077842
0 0.6034712950600801 0.560878243512974 0.050734312416555405 0.18363273453093812
0 0.6255006675567423 0.5588822355289421 0.04939919893190921 0.17964071856287422
0 0.6582109479305741 0.5578842315369261 0.04806408544726302 0.1776447105788423
0 0.6875834445927904 0.5369261477045908 0.0534045393858478 0.19960079840319359
0 0.7116154873164219 0.5489021956087824 0.050734312416555405 0.18762475049900199
0 0.739652870493992 0.5429141716566865 0.045393858477970624 0.1716566866267465
0 0.7650200267022697 0.5329341317365269 0.0534045393858478 0.19960079840319359
0 0.7863818424566088 0.5419161676646707 0.04806408544726302 0.17365269461077842
0 0.8050734312416555 0.5459081836327345 0.045393858477970624 0.1656686626746507
0 0.8264352469959947 0.5329341317365269 0.04806408544726302 0.17964071856287422
0 0.8471295060080106 0.5279441117764471 0.0520694259012016 0.18962075848303392
0 0.8671562082777036 0.5259481037924151 0.0520694259012016 0.18962075848303392
0 0.8898531375166889 0.5229540918163672 0.04939919893190921 0.18762475049900199
0 0.9132176234979973 0.529940119760479 0.04806408544726302 0.17365269461077842
0 0.959279038718291 0.5538922155688623 0.028037383177570093 0.10978043912175647
2 0.37917222963951935 0.5179640718562873 0.03471295060080107 0.09780439121756486
2 0.5674232309746329 0.4471057884231536 0.04005340453938585 0.0718562874251497
2 0.6134846461949266 0.45009980039920156 0.036048064085447265 0.06586826347305388
2 0.6655540720961282 0.4391217564870259 0.03337783711615487 0.05988023952095808
2 0.72630173564753 0.43213572854291415 0.0267022696929239 0.057884231536926144
2 0.7957276368491322 0.43113772455089816 0.021361815754339118 0.05189620758483034
