0 0.9213732004429679 0.6408333333333334 0.13510520487264674 0.49833333333333335
0 0.729235880398671 0.6308333333333334 0.09856035437430787 0.36500000000000005
0 0.5692137320044297 0.5716666666666667 0.10409745293466223 0.38333333333333336
0 0.3732004429678848 0.5533333333333333 0.09080841638981174 0.33333333333333337
0 0.24473975636766335 0.5116666666666667 0.09080841638981174 0.33333333333333337
0 0.05149501661129568 0.4941666666666667 0.10077519379844961 0.36833333333333335
0 0.11738648947951273 0.5016666666666667 0.09302325581395349 0.34
0 0.17109634551495015 0.49500000000000005 0.09413067552602436 0.35000000000000003
0 0.23145071982281284 0.4966666666666667 0.09080841638981174 0.33666666666666667
0 0.2807308970099668 0.4941666666666667 0.08970099667774085 0.335
0 0.3361018826135105 0.49500000000000005 0.08748615725359911 0.32666666666666666
0 0.31561461794019935 0.4683333333333334 0.09080841638981174 0.33666666666666667
0 0.3864894795127353 0.49333333333333335 0.08194905869324473 0.3066666666666667
0 0.40753045404208194 0.4658333333333334 0.09523809523809523 0.34833333333333333
0 0.43410852713178294 0.4866666666666667 0.08637873754152824 0.32333333333333336
0 0.48172757475083056 0.4966666666666667 0.08194905869324473 0.30333333333333334
0 0.49058693244739754 0.4716666666666667 0.08859357696566998 0.32666666666666666
0 0.5287929125138427 0.49583333333333335 0.08305647840531562 0.305
0 0.5310077519379844 0.4716666666666667 0.08084163898117386 0.30000000000000004
0 0.5675526024363233 0.4941666666666667 0.0741971207087486 0.275
0 0.6212624584717608 0.5016666666666667 0.07751937984496124 0.2833333333333333
0 0.6434108527131782 0.48000000000000004 0.07973421926910298 0.29333333333333333
0 0.676079734219269 0.505 0.07641196013289037 0.2833333333333333
0 0.7120708748615725 0.4991666666666667 0.0753045404208195 0.2816666666666667
0 0.7740863787375415 0.4916666666666667 0.07973421926910298 0.2966666666666667
0 0.7956810631229235 0.4891666666666667 0.07862679955703211 0.2916666666666667
0 0.8410852713178294 0.4966666666666667 0.0741971207087486 0.27666666666666667
0 0.9761904761904762 0.5133333333333334 0.04540420819490587 0.2866666666666667
0 0.9008859357696567 0.5066666666666667 0.07641196013289037 0.2866666666666667
0 0.884828349944629 0.49333333333333335 0.06423034330011074 0.2366666666666667
2 0.013842746400885935 0.4991666666666667 0.02547065337763012 0.24833333333333335
2 0.2054263565891473 0.3766666666666667 0.023255813953488372 0.03333333333333333
2 0.1954595791805094 0.3166666666666667 0.04540420819490587 0.07333333333333333
2 0.17497231450719822 0.28583333333333333 0.03986710963455149 0.09833333333333334
2 0.13399778516057587 0.2275 0.031007751937984496 0.15166666666666667
2 0.260797342192691 0.3216666666666667 0.02990033222591362 0.05333333333333334
2 0.269656699889258 0.3458333333333334 0.02547065337763012 0.07500000000000001
2 0.30564784053156147 0.35333333333333333 0.019933554817275746 0.03666666666666667
2 0.44352159468438535 0.2941666666666667 0.02990033222591362 0.07500000000000001
2 0.4623477297895902 0.29500000000000004 0.018826135105204873 0.06333333333333334
2 0.482281284606866 0.29333333333333333 0.023255813953488372 0.07666666666666667
2 0.4972314507198228 0.29000000000000004 0.026578073089700997 0.08
2 0.4673311184939092 0.35333333333333333 0.017718715393133997 0.03333333333333333
2 0.48117386489479513 0.35583333333333333 0.01661129568106312 0.05166666666666667
2 0.5614617940199336 0.36250000000000004 0.017718715393133997 0.058333333333333334
2 0.5919158361018826 0.3141666666666667 0.040974529346622365 0.06166666666666667
2 0.6766334440753045 0.36083333333333334 0.017718715393133997 0.045000000000000005
2 0.6954595791805094 0.37333333333333335 0.017718715393133997 0.05333333333333334
2 0.7508305647840531 0.36750000000000005 0.024363233665559245 0.055
2 0.7596899224806202 0.3816666666666667 0.015503875968992248 0.03666666666666667
2 0.8194905869324474 0.3775 0.019933554817275746 0.058333333333333334
2 0.8837209302325582 0.385 0.011074197120708748 0.04
2 0.875968992248062 0.3816666666666667 0.011074197120708748 0.05
2 0.8715393133997785 0.3791666666666667 0.017718715393133997 0.045000000000000005
2 0.9623477297895903 0.38 0.022148394241417495 0.060000000000000005
2 0.9485049833887043 0.39083333333333337 0.02547065337763012 0.07500000000000001
2 0.9246954595791804 0.375 0.017718715393133997 0.030000000000000002
2 0.5946843853820598 0.375 0.022148394241417495 0.06666666666666667
