0 0.047094188376753505 0.8251533742331288 0.08617234468937875 0.31901840490797545
0 0.10220440881763526 0.843558282208589 0.07615230460921843 0.294478527607362
0 0.1372745490981964 0.8205521472392638 0.07014028056112225 0.2668711656441718
0 0.22344689378757512 0.8527607361963191 0.07414829659318636 0.2822085889570552
0 0.2715430861723447 0.8220858895705522 0.09018036072144288 0.3374233128834356
0 0.3036072144288577 0.838957055214724 0.08216432865731463 0.3098159509202454
0 0.4348697394789579 0.8466257668711656 0.07615230460921843 0.294478527607362
0 0.49699398797595185 0.7852760736196319 0.08817635270541081 0.3374233128834356
0 0.7865731462925851 0.8113496932515337 0.09418837675350701 0.3588957055214724
0 0.8707414829659318 0.8190184049079755 0.09418837675350701 0.34969325153374237
0 0.2975951903807615 0.46932515337423314 0.08617234468937875 0.33128834355828224
0 0.4989979959919839 0.4340490797546012 0.08016032064128256 0.30368098159509205
0 0.08817635270541081 0.4677914110429448 0.08416833667334668 0.3159509202453988
0 0.9268537074148295 0.2423312883435583 0.09819639278557113 0.37423312883435583
0 0.9258517034068136 0.1794478527607362 0.09218436873747494 0.34662576687116564
0 0.7785571142284569 0.18558282208588958 0.0781563126252505 0.29754601226993865
0 0.7915831663326652 0.15030674846625766 0.07615230460921843 0.2883435582822086
0 0.8046092184368737 0.12423312883435583 0.06212424849699398 0.2361963190184049
0 0.5991983967935871 0.18865030674846625 0.08416833667334668 0.3159509202453988
0 0.6192384769539078 0.14877300613496933 0.07615230460921843 0.2852760736196319
0 0.4549098196392785 0.19478527607361965 0.08016032064128256 0.30368098159509205
0 0.4368737474949899 0.20705521472392638 0.0721442885771543 0.2730061349693252
0 0.46492985971943884 0.15644171779141106 0.08016032064128256 0.3067484662576687
0 0.48296593186372744 0.12883435582822086 0.06813627254509018 0.25153374233128833
0 0.3016032064128256 0.1549079754601227 0.0781563126252505 0.29141104294478526
0 0.1472945891783567 0.1579754601226994 0.07414829659318636 0.2852760736196319
0 0.17034068136272543 0.147239263803681 0.07615230460921843 0.2822085889570552
2 0.18537074148296592 0.9309815950920246 0.07414829659318636 0.13190184049079756
2 0.18837675350701402 0.8680981595092024 0.06012024048096192 0.147239263803681
2 0.3476953907815631 0.9309815950920246 0.07014028056112225 0.13190184049079756
2 0.3947895791583166 0.8895705521472392 0.06412825651302605 0.20858895705521474
2 0.5701402805611222 0.9156441717791411 0.058116232464929855 0.1441717791411043
2 0.5961923847695391 0.8558282208588958 0.06613226452905811 0.18404907975460122
2 0.7074148296593186 0.9202453987730062 0.06012024048096192 0.13496932515337423
2 0.8166332665330661 0.9693251533742332 0.058116232464929855 0.049079754601226995
2 0.9509018036072143 0.9355828220858896 0.0781563126252505 0.12269938650306748
2 0.9128256513026052 0.9125766871165645 0.06613226452905811 0.15644171779141106
2 0.8617234468937875 0.8542944785276074 0.08416833667334668 0.13190184049079756
2 0.8056112224448897 0.8696319018404908 0.12424849699398796 0.2116564417177914
2 0.7074148296593186 0.8512269938650306 0.13627254509018036 0.18098159509202455
2 0.6392785571142284 0.8420245398773006 0.08016032064128256 0.22392638036809817
2 0.5400801603206412 0.8450920245398773 0.09018036072144288 0.2423312883435583
2 0.20140280561122242 0.6671779141104295 0.07014028056112225 0.08895705521472393
2 0.3416833667334669 0.7162576687116564 0.058116232464929855 0.2361963190184049
2 0.41783567134268534 0.6978527607361963 0.05410821643286573 0.1441717791411043
2 0.5711422845691382 0.6794478527607362 0.05611222444889779 0.11349693251533742
2 0.6482965931863727 0.6702453987730062 0.058116232464929855 0.10122699386503067
2 0.7304609218436873 0.6794478527607362 0.07414829659318636 0.15030674846625766
2 0.9448897795591181 0.6825153374233129 0.06212424849699398 0.15644171779141106
2 0.9498997995991983 0.754601226993865 0.044088176352705406 0.09815950920245399
2 0.9879759519038075 0.7070552147239264 0.02004008016032064 0.2116564417177914
2 0.9839679358717434 0.4723926380368098 0.028056112224448895 0.06748466257668712
2 0.9038076152304608 0.47546012269938653 0.052104208416833664 0.25766871165644173
2 0.9238476953907815 0.4340490797546012 0.03607214428857715 0.18711656441717792
2 0.877755511022044 0.49079754601226994 0.03607214428857715 0.06134969325153374
2 0.8907815631262525 0.4340490797546012 0.03006012024048096 0.052147239263803685
2 0.7965931863727455 0.43558282208588955 0.04609218436873747 0.07975460122699386
2 0.8486973947895791 0.3450920245398773 0.058116232464929855 0.21779141104294478
2 0.7785571142284569 0.32975460122699385 0.058116232464929855 0.12576687116564417
2 0.7124248496993988 0.3021472392638037 0.07414829659318636 0.1196319018404908
2 0.6923847695390781 0.450920245398773 0.08216432865731463 0.22085889570552147
2 0.6513026052104208 0.4846625766871166 0.0721442885771543 0.13496932515337423
2 0.5771543086172344 0.5598159509202454 0.08416833667334668 0.15030674846625766
2 0.40280561122244485 0.5199386503067485 0.08416833667334668 0.23006134969325154
2 0.4488977955911823 0.5690184049079755 0.04809619238476953 0.17484662576687118
2 0.35571142284569135 0.4708588957055215 0.08216432865731463 0.25460122699386506
2 0.20240480961923846 0.5782208588957055 0.04008016032064128 0.17484662576687118
2 0.22945891783567132 0.5552147239263804 0.08617234468937875 0.20858895705521474
2 0.019038076152304607 0.6533742331288344 0.03406813627254509 0.15950920245398773
2 0.03507014028056112 0.5920245398773006 0.03406813627254509 0.13496932515337423
2 0.03106212424849699 0.34969325153374237 0.0501002004008016 0.16564417177914112
2 0.37074148296593185 0.31901840490797545 0.04809619238476953 0.08588957055214724
2 0.42985971943887774 0.3159509202453988 0.04208416833667334 0.09815950920245399
2 0.5741482965931863 0.3205521472392638 0.038076152304609215 0.08895705521472393
2 0.06713426853707415 0.23466257668711657 0.03006012024048096 0.05828220858895706
2 0.07615230460921843 0.200920245398773 0.03206412825651302 0.0705521472392638
2 0.0971943887775551 0.14877300613496933 0.03006012024048096 0.0705521472392638
2 0.12124248496993988 0.11809815950920245 0.038076152304609215 0.06441717791411043
2 0.22645290581162322 0.2392638036809816 0.04008016032064128 0.08588957055214724
2 0.24649298597194386 0.18251533742331288 0.04008016032064128 0.0950920245398773
2 0.25250501002004005 0.13496932515337423 0.03607214428857715 0.07975460122699386
2 0.2635270541082164 0.0736196319018405 0.05410821643286573 0.09815950920245399
2 0.37374749498997994 0.21319018404907977 0.022044088176352703 0.06441717791411043
2 0.39378757515030055 0.21012269938650308 0.03006012024048096 0.0705521472392638
2 0.4138276553106212 0.18098159509202455 0.03006012024048096 0.06748466257668712
2 0.5541082164328657 0.20858895705521474 0.03006012024048096 0.09202453987730061
2 0.5571142284569138 0.15030674846625766 0.03607214428857715 0.08588957055214724
2 0.5731462925851702 0.11196319018404909 0.03607214428857715 0.08895705521472393
2 0.5561122244488977 0.08588957055214724 0.03006012024048096 0.06134969325153374
2 0.7234468937875751 0.20705521472392638 0.03607214428857715 0.08895705521472393
2 0.7254509018036072 0.17791411042944785 0.03206412825651302 0.08588957055214724
2 0.7304609218436873 0.11809815950920245 0.03006012024048096 0.08282208588957056
2 0.908817635270541 0.24386503067484663 0.06212424849699398 0.16257668711656442
2 0.9278557114228456 0.05061349693251534 0.04809619238476953 0.10122699386503067
2 0.5150300601202404 0.10276073619631902 0.03206412825651302 0.19938650306748468
2 0.5571142284569138 0.04447852760736196 0.044088176352705406 0.07668711656441718
2 0.6613226452905812 0.06595092024539878 0.03206412825651302 0.12576687116564417
2 0.6863727454909819 0.04294478527607362 0.018036072144288574 0.07975460122699386
2 0.009018036072144287 0.15950920245398773 0.018036072144288574 0.294478527607362
2 0.0250501002004008 0.13803680981595093 0.022044088176352703 0.26993865030674846
2 0.06513026052104208 0.07975460122699386 0.014028056112224447 0.15337423312883436
2 0.08216432865731463 0.0705521472392638 0.01603206412825651 0.13496932515337423
2 0.1002004008016032 0.05674846625766871 0.02004008016032064 0.11349693251533742
2 0.2004008016032064 0.10889570552147239 0.024048096192384766 0.20552147239263804
2 0.22645290581162322 0.0736196319018405 0.024048096192384766 0.1411042944785276
2 0.3426853707414829 0.11349693251533742 0.03206412825651302 0.2147239263803681
2 0.3727454909819639 0.0843558282208589 0.03206412825651302 0.15644171779141106
2 0.3887775551102204 0.052147239263803685 0.024048096192384766 0.09815950920245399
2 0.4108216432865731 0.03374233128834356 0.024048096192384766 0.06134969325153374
2 0.8306613226452905 0.052147239263803685 0.03406813627254509 0.09815950920245399
