0 0.31171875000000004 0.6217798594847775 0.1234375 0.4519906323185012
0 0.275 0.5843091334894613 0.1 0.37236533957845436
0 0.25234375000000003 0.5901639344262295 0.08281250000000001 0.3091334894613583
0 0.45625000000000004 0.5901639344262295 0.125 0.45901639344262296
0 0.6421875 0.607728337236534 0.10625000000000001 0.3911007025761124
0 0.8132812500000001 0.6346604215456675 0.11406250000000001 0.4168618266978923
0 0.6023437500000001 0.5409836065573771 0.0578125 0.2107728337236534
0 0.57265625 0.5281030444964872 0.06406250000000001 0.23653395784543327
0 0.53671875 0.5304449648711944 0.06406250000000001 0.24121779859484777
0 0.49921875000000004 0.522248243559719 0.060937500000000006 0.22482435597189696
0 0.4109375 0.5175644028103045 0.059375000000000004 0.2154566744730679
0 0.36015625 0.5304449648711944 0.0578125 0.21779859484777517
0 0.3796875 0.49414519906323184 0.065625 0.24824355971896955
0 0.26015625000000003 0.4707259953161593 0.0859375 0.31381733021077285
0 0.21484375 0.5199063231850117 0.060937500000000006 0.22950819672131148
0 0.18125000000000002 0.5140515222482436 0.059375000000000004 0.21779859484777517
0 0.1921875 0.4812646370023419 0.059375000000000004 0.2224824355971897
0 0.12890625 0.4953161592505855 0.06406250000000001 0.23653395784543327
0 0.0734375 0.4718969555035129 0.065625 0.24121779859484777
0 0.021875000000000002 0.4637002341920375 0.043750000000000004 0.29508196721311475
0 0.01640625 0.32435597189695553 0.0328125 0.1522248243559719
2 0.34765625 0.4332552693208431 0.029687500000000002 0.09367681498829039
2 0.68515625 0.5117096018735363 0.0390625 0.13817330210772832
