0 0.0325 0.31083333333333335 0.065 0.22166666666666668
0 0.16333333333333333 0.2891666666666667 0.10333333333333335 0.2516666666666667
0 0.07166666666666667 0.2725 0.05666666666666667 0.14166666666666666
0 0.23750000000000002 0.29333333333333333 0.07166666666666667 0.18000000000000002
0 0.2841666666666667 0.2783333333333334 0.07500000000000001 0.18333333333333335
0 0.21333333333333335 0.2525 0.04 0.10166666666666667
0 0.32333333333333336 0.24666666666666667 0.02666666666666667 0.06666666666666667
0 0.3541666666666667 0.26833333333333337 0.058333333333333334 0.14666666666666667
0 0.43583333333333335 0.26583333333333337 0.058333333333333334 0.14500000000000002
0 0.5058333333333334 0.31 0.13833333333333334 0.34
0 0.5533333333333333 0.23583333333333334 0.03666666666666667 0.095
0 0.5758333333333334 0.24416666666666667 0.03833333333333334 0.095
0 0.5958333333333333 0.24250000000000002 0.03833333333333334 0.09833333333333334
0 0.6066666666666667 0.2341666666666667 0.04 0.10166666666666667
0 0.6608333333333334 0.14916666666666667 0.025 0.065
0 0.6625000000000001 0.23 0.04833333333333334 0.12000000000000001
0 0.26333333333333336 0.24000000000000002 0.023333333333333334 0.06333333333333334
0 0.09583333333333334 0.2541666666666667 0.021666666666666667 0.05166666666666667
0 0.6808333333333334 0.26416666666666666 0.03166666666666667 0.08166666666666667
0 0.7383333333333334 0.2541666666666667 0.030000000000000002 0.07833333333333334
0 0.8266666666666668 0.31 0.12666666666666668 0.31
0 0.9316666666666668 0.27166666666666667 0.05666666666666667 0.1366666666666667
0 0.15083333333333335 0.7883333333333333 0.16833333333333333 0.4166666666666667
0 0.22 0.7575000000000001 0.08333333333333334 0.20833333333333334
0 0.17333333333333334 0.7508333333333334 0.09666666666666668 0.23500000000000001
0 0.2675 0.76 0.07833333333333334 0.19
0 0.007500000000000001 0.6408333333333334 0.015000000000000001 0.065
0 0.3725 0.8041666666666667 0.15166666666666667 0.36833333333333335
0 0.42000000000000004 0.7908333333333334 0.09000000000000001 0.225
0 0.48583333333333334 0.7375 0.055 0.13833333333333334
0 0.52 0.7475 0.05666666666666667 0.13833333333333334
0 0.5575 0.7458333333333333 0.055 0.135
0 0.6141666666666667 0.7425 0.055 0.13833333333333334
0 0.5883333333333334 0.7275 0.04666666666666667 0.115
0 0.65 0.7300000000000001 0.04 0.10333333333333335
0 0.7100000000000001 0.7350000000000001 0.04 0.1
0 0.7316666666666667 0.7391666666666667 0.03333333333333333 0.085
0 0.745 0.7358333333333333 0.030000000000000002 0.07500000000000001
0 0.052500000000000005 0.25583333333333336 0.03166666666666667 0.07833333333333334
0 0.53 0.22916666666666669 0.03333333333333333 0.08166666666666667
0 0.8733333333333334 0.7691666666666667 0.18666666666666668 0.45833333333333337
2 0.4216666666666667 0.16416666666666668 0.04 0.07166666666666667
2 0.4591666666666667 0.2225 0.025 0.06166666666666667
2 0.8600000000000001 0.2525 0.04 0.10166666666666667
2 0.9866666666666667 0.18166666666666667 0.023333333333333334 0.07
2 0.32333333333333336 0.6941666666666667 0.02666666666666667 0.07500000000000001
2 0.09166666666666667 0.6433333333333334 0.04 0.06333333333333334
2 0.9783333333333334 0.7416666666666667 0.04 0.19333333333333336
2 0.1925 0.6675000000000001 0.04166666666666667 0.03833333333333334
2 0.7183333333333334 0.24083333333333334 0.02666666666666667 0.05166666666666667
2 0.5675 0.21833333333333335 0.018333333333333333 0.05
2 0.6841666666666667 0.23583333333333334 0.018333333333333333 0.04166666666666667
2 0.6375000000000001 0.7075 0.021666666666666667 0.055
