0 0.2326530612244898 0.6932515337423313 0.12653061224489798 0.46625766871165647
0 0.3112244897959184 0.6901840490797546 0.1163265306122449 0.4294478527607362
0 0.38775510204081637 0.6947852760736196 0.11836734693877551 0.4447852760736196
0 0.7132653061224491 0.691717791411043 0.11224489795918369 0.41411042944785276
0 0.7102040816326531 0.6073619631901841 0.10612244897959185 0.38650306748466257
0 0.7877551020408164 0.6763803680981595 0.11020408163265308 0.41411042944785276
0 0.1836734693877551 0.5214723926380368 0.0163265306122449 0.06134969325153374
2 0.11020408163265308 0.553680981595092 0.02448979591836735 0.08282208588957056
2 0.08775510204081634 0.5766871165644172 0.05714285714285715 0.0736196319018405
2 0.45102040816326533 0.45245398773006135 0.05714285714285715 0.10736196319018405
2 0.4979591836734694 0.5337423312883436 0.0653061224489796 0.12269938650306748
2 0.5704081632653062 0.5567484662576687 0.06326530612244899 0.15030674846625766
2 0.5173469387755103 0.46625766871165647 0.04693877551020409 0.11042944785276074
2 0.5612244897959184 0.4294478527607362 0.06122448979591837 0.12883435582822086
2 0.6061224489795919 0.46932515337423314 0.05306122448979592 0.09815950920245399
2 0.6469387755102042 0.5260736196319018 0.0489795918367347 0.13190184049079756
2 0.6306122448979592 0.4110429447852761 0.06938775510204082 0.11042944785276074
