0 0.88125 0.5649122807017544 0.10250000000000001 0.3508771929824561
0 0.964375 0.5692982456140351 0.06875 0.35964912280701755
0 0.9275 0.5114035087719299 0.0775 0.26842105263157895
0 0.77125 0.5815789473684211 0.095 0.3315789473684211
0 0.725625 0.5105263157894737 0.08125 0.2771929824561404
0 0.743125 0.4850877192982456 0.07875 0.2754385964912281
0 0.625625 0.5701754385964912 0.10625 0.3649122807017544
0 0.57375 0.506140350877193 0.0775 0.2719298245614035
0 0.5337500000000001 0.4929824561403509 0.0775 0.27017543859649124
0 0.49875 0.5192982456140351 0.0725 0.24912280701754386
0 0.47250000000000003 0.5763157894736842 0.0975 0.3350877192982456
0 0.400625 0.5008771929824561 0.07625 0.2649122807017544
0 0.314375 0.5719298245614035 0.10375000000000001 0.36140350877192984
0 0.32375 0.5219298245614035 0.0775 0.26842105263157895
0 0.26125 0.49210526315789477 0.0775 0.2649122807017544
0 0.1975 0.5956140350877193 0.1075 0.3701754385964912
0 0.0725 0.556140350877193 0.105 0.36140350877192984
0 0.029375000000000002 0.5666666666666667 0.058750000000000004 0.3894736842105263
0 0.11750000000000001 0.518421052631579 0.0775 0.26842105263157895
0 0.15937500000000002 0.5175438596491229 0.07625 0.26666666666666666
2 0.425 0.3736842105263158 0.0325 0.06315789473684211
2 0.448125 0.3842105263157895 0.03625 0.0736842105263158
2 0.51625 0.3543859649122807 0.03 0.052631578947368425
2 0.5825 0.3473684210526316 0.03 0.052631578947368425
2 0.561875 0.35000000000000003 0.03875 0.04736842105263158
2 0.6775 0.3666666666666667 0.0325 0.08421052631578947
2 0.703125 0.37456140350877193 0.02625 0.05789473684210526
2 0.7225 0.35350877192982455 0.035 0.054385964912280704
2 0.788125 0.39473684210526316 0.03875 0.06315789473684211
2 0.795625 0.3508771929824561 0.043750000000000004 0.08421052631578947
2 0.74625 0.3350877192982456 0.0275 0.031578947368421054
2 0.64875 0.32280701754385965 0.0275 0.052631578947368425
2 0.658125 0.29912280701754385 0.02125 0.01929824561403509
2 0.600625 0.30964912280701756 0.03375 0.043859649122807015
2 0.854375 0.3263157894736842 0.02625 0.03508771929824561
2 0.8325 0.35000000000000003 0.0225 0.08596491228070176
2 0.824375 0.306140350877193 0.02625 0.04035087719298246
2 0.874375 0.30087719298245613 0.02375 0.02280701754385965
2 0.88625 0.3254385964912281 0.0325 0.03333333333333333
2 0.885625 0.35175438596491226 0.02125 0.0649122807017544
2 0.90375 0.37280701754385964 0.02 0.0649122807017544
2 0.9325 0.3315789473684211 0.04 0.07017543859649122
2 0.98875 0.32719298245614037 0.0175 0.05087719298245614
2 0.974375 0.37894736842105264 0.04875 0.07017543859649122
2 0.32937500000000003 0.39824561403508774 0.043750000000000004 0.08421052631578947
2 0.27625 0.34824561403508775 0.035 0.0649122807017544
2 0.28375 0.3368421052631579 0.025 0.03859649122807018
2 0.351875 0.35526315789473684 0.03125 0.06842105263157895
2 0.30875 0.3429824561403509 0.0275 0.04736842105263158
2 0.21125 0.36578947368421055 0.0425 0.05087719298245614
2 0.203125 0.3991228070175439 0.051250000000000004 0.07543859649122807
2 0.068125 0.3491228070175439 0.04125 0.028070175438596492
2 0.019375 0.3236842105263158 0.03375 0.06842105263157895
2 0.115625 0.35789473684210527 0.03625 0.04912280701754386
2 0.0925 0.32719298245614037 0.0225 0.04736842105263158
2 0.12562500000000001 0.32719298245614037 0.02625 0.04736842105263158
2 0.11125 0.3043859649122807 0.015 0.02982456140350877
2 0.17250000000000001 0.3236842105263158 0.0275 0.043859649122807015
2 0.21125 0.3298245614035088 0.02 0.0456140350877193
2 0.229375 0.30964912280701756 0.02875 0.03333333333333333
2 0.3725 0.3026315789473684 0.0225 0.02982456140350877
2 0.40875 0.2947368421052632 0.02 0.021052631578947368
4 0.50125 0.30964912280701756 0.995 0.21578947368421053
