0 0.042578125 0.7201388888888889 0.08515625 0.5152777777777778
0 0.109765625 0.49930555555555556 0.03828125 0.16805555555555557
0 0.306640625 0.7222222222222222 0.12578125 0.5444444444444445
0 0.34609375000000003 0.6486111111111111 0.09062500000000001 0.39722222222222225
0 0.62109375 0.7041666666666667 0.11875000000000001 0.5194444444444445
0 0.45820312500000004 0.5409722222222222 0.04296875 0.1875
0 0.4890625 0.5409722222222222 0.0421875 0.1875
0 0.472265625 0.5347222222222222 0.04296875 0.18888888888888888
0 0.43984375000000003 0.5388888888888889 0.043750000000000004 0.18888888888888888
0 0.42109375000000004 0.5354166666666667 0.0421875 0.1875
0 0.40390625 0.5388888888888889 0.0421875 0.18611111111111112
0 0.377734375 0.545138888888889 0.04453125 0.19305555555555556
0 0.50703125 0.525 0.0421875 0.18611111111111112
0 0.527734375 0.5263888888888889 0.03671875 0.1638888888888889
0 0.552734375 0.5409722222222222 0.03828125 0.17083333333333334
0 0.58125 0.5375 0.035937500000000004 0.16111111111111112
0 0.662109375 0.5361111111111111 0.03828125 0.16666666666666669
0 0.694921875 0.5402777777777777 0.03671875 0.1638888888888889
0 0.7371093750000001 0.545138888888889 0.03671875 0.15972222222222224
0 0.71796875 0.48125 0.026562500000000003 0.11805555555555557
0 0.74921875 0.48750000000000004 0.029687500000000002 0.13055555555555556
0 0.7683593750000001 0.4743055555555556 0.02734375 0.11805555555555557
0 0.7761718750000001 0.5381944444444444 0.039843750000000004 0.1736111111111111
0 0.8425781250000001 0.545138888888889 0.039843750000000004 0.1736111111111111
0 0.870703125 0.5333333333333333 0.03359375 0.14444444444444446
0 0.89765625 0.5381944444444444 0.035937500000000004 0.15972222222222224
0 0.9246093750000001 0.5402777777777777 0.03671875 0.16111111111111112
0 0.958984375 0.5541666666666667 0.03828125 0.16944444444444445
0 0.9859375 0.5375 0.026562500000000003 0.15833333333333333
0 0.9808593750000001 0.48680555555555555 0.025781250000000002 0.11527777777777778
0 0.8835937500000001 0.47361111111111115 0.026562500000000003 0.11666666666666667
2 0.37265625 0.4083333333333333 0.018750000000000003 0.04166666666666667
2 0.384765625 0.4152777777777778 0.014843750000000001 0.036111111111111115
2 0.39882812500000003 0.41805555555555557 0.014843750000000001 0.036111111111111115
2 0.41523437500000004 0.41875 0.01171875 0.0375
2 0.42578125 0.40694444444444444 0.010937500000000001 0.02777777777777778
2 0.43984375000000003 0.42708333333333337 0.0140625 0.0375
2 0.458984375 0.4201388888888889 0.017968750000000002 0.034722222222222224
2 0.486328125 0.425 0.01640625 0.05
2 0.523046875 0.40972222222222227 0.017968750000000002 0.025
2 0.5437500000000001 0.40972222222222227 0.0125 0.025
2 0.565625 0.4277777777777778 0.0203125 0.03888888888888889
2 0.59375 0.43472222222222223 0.0140625 0.05
2 0.586328125 0.42291666666666666 0.01171875 0.04583333333333334
2 0.61640625 0.41805555555555557 0.010937500000000001 0.02777777777777778
2 0.6257812500000001 0.4215277777777778 0.0125 0.03194444444444445
2 0.64765625 0.44930555555555557 0.0171875 0.06527777777777778
2 0.7937500000000001 0.45625000000000004 0.0203125 0.059722222222222225
2 0.8093750000000001 0.5111111111111112 0.026562500000000003 0.08611111111111111
2 0.8128906250000001 0.45763888888888893 0.017968750000000002 0.0763888888888889
2 0.792578125 0.42430555555555555 0.01015625 0.02361111111111111
2 0.8347656250000001 0.44930555555555557 0.02890625 0.09583333333333334
2 0.915625 0.4451388888888889 0.0125 0.043055555555555555
2 0.937109375 0.44930555555555557 0.02109375 0.059722222222222225
3 0.160546875 0.7819444444444444 0.17734375000000002 0.13333333333333333
3 0.45937500000000003 0.9097222222222222 0.3015625 0.16944444444444445
3 0.22109375 0.6652777777777779 0.10625000000000001 0.05555555555555556
3 0.5632812500000001 0.3965277777777778 0.009375000000000001 0.02361111111111111
