0 0.49248120300751874 0.68796992481203 0.13784461152882205 0.518796992481203
0 0.5576441102756892 0.6296992481203008 0.12781954887218044 0.4699248120300752
0 0.3220551378446115 0.4473684210526315 0.08270676691729323 0.3157894736842105
0 0.3533834586466165 0.40789473684210525 0.09022556390977443 0.3421052631578947
0 0.3082706766917293 0.40037593984962405 0.09022556390977443 0.33458646616541354
0 0.22180451127819548 0.36466165413533835 0.08270676691729323 0.3157894736842105
0 0.24561403508771928 0.33270676691729323 0.07017543859649122 0.2593984962406015
0 0.2756892230576441 0.2969924812030075 0.09022556390977443 0.3308270676691729
2 0.018796992481203006 0.43421052631578944 0.03759398496240601 0.39473684210526316
2 0.09899749373433583 0.43609022556390975 0.06265664160401002 0.39849624060150374
2 0.17042606516290726 0.4699248120300752 0.06015037593984962 0.3157894736842105
2 0.07393483709273183 0.18609022556390975 0.05764411027568922 0.12406015037593984
2 0.10526315789473684 0.18421052631578946 0.040100250626566414 0.14285714285714285
2 0.12656641604010024 0.212406015037594 0.06265664160401002 0.30451127819548873
2 0.17293233082706766 0.22932330827067668 0.045112781954887216 0.24060150375939848
2 0.22556390977443608 0.15413533834586465 0.03508771929824561 0.09022556390977443
2 0.3020050125313283 0.25187969924812026 0.03258145363408521 0.12030075187969924
2 0.48746867167919794 0.381578947368421 0.042606516290726815 0.15413533834586465
2 0.5300751879699248 0.3721804511278195 0.047619047619047616 0.22556390977443608
2 0.6353383458646616 0.38345864661654133 0.06265664160401002 0.19548872180451127
2 0.7243107769423558 0.4022556390977443 0.05513784461152882 0.17293233082706766
2 0.7807017543859649 0.40037593984962405 0.042606516290726815 0.15413533834586465
2 0.8308270676691729 0.39849624060150374 0.042606516290726815 0.16541353383458646
2 0.8558897243107769 0.3740601503759398 0.02756892230576441 0.09398496240601503
2 0.8834586466165413 0.41353383458646614 0.047619047619047616 0.16541353383458646
2 0.9285714285714285 0.41165413533834583 0.03258145363408521 0.15413533834586465
2 0.9536340852130325 0.43421052631578944 0.02756892230576441 0.11654135338345864
2 0.981203007518797 0.42857142857142855 0.03258145363408521 0.14285714285714285
