0 0.5606 0.6088 0.042 0.13706666666666667
0 0.5808 0.6109333333333333 0.0432 0.14133333333333334
0 0.62 0.6130666666666666 0.0392 0.12853333333333333
0 0.6086 0.6016 0.0412 0.13546666666666668
0 0.4778 0.42693333333333333 0.0268 0.08693333333333333
0 0.873 0.6437333333333334 0.0644 0.2112
0 0.6900000000000001 0.6149333333333333 0.0432 0.1408
0 0.6798000000000001 0.3722666666666667 0.027600000000000003 0.0896
0 0.7034 0.37093333333333334 0.0284 0.09226666666666668
0 0.79 0.37733333333333335 0.027200000000000002 0.08906666666666667
0 0.8124 0.3816 0.024800000000000003 0.0816
0 0.7274 0.31653333333333333 0.0172 0.056
0 0.7454000000000001 0.3194666666666667 0.0188 0.06293333333333334
0 0.15460000000000002 0.6429333333333334 0.0308 0.10186666666666667
2 0.0238 0.38373333333333337 0.022000000000000002 0.07413333333333334
2 0.006200000000000001 0.39333333333333337 0.011600000000000001 0.0528
2 0.0106 0.3434666666666667 0.0196 0.050133333333333335
2 0.0154 0.3224 0.022000000000000002 0.04746666666666667
2 0.0346 0.33680000000000004 0.012400000000000001 0.019733333333333335
2 0.0366 0.31893333333333335 0.0188 0.02666666666666667
2 0.032 0.27626666666666666 0.0304 0.0736
2 0.055400000000000005 0.33626666666666666 0.018000000000000002 0.0176
2 0.0584 0.32320000000000004 0.0176 0.038400000000000004
2 0.0626 0.28213333333333335 0.0284 0.06826666666666667
2 0.076 0.3312 0.0152 0.027733333333333336
2 0.0844 0.32320000000000004 0.020800000000000003 0.03946666666666667
2 0.1086 0.3338666666666667 0.0164 0.024533333333333334
2 0.11180000000000001 0.32480000000000003 0.015600000000000001 0.029866666666666666
2 0.1042 0.2632 0.0244 0.038933333333333334
2 0.1326 0.33813333333333334 0.012400000000000001 0.016
2 0.1376 0.3256 0.0184 0.03573333333333333
2 0.15960000000000002 0.33680000000000004 0.012 0.016533333333333334
2 0.1632 0.32613333333333333 0.0216 0.0368
2 0.1892 0.3277333333333334 0.02 0.034666666666666665
2 0.1826 0.33840000000000003 0.011600000000000001 0.015466666666666667
2 0.20600000000000002 0.33866666666666667 0.0128 0.019200000000000002
2 0.2124 0.3304 0.020800000000000003 0.034666666666666665
2 0.1772 0.26613333333333333 0.020800000000000003 0.030933333333333334
2 0.195 0.26453333333333334 0.0172 0.038400000000000004
2 0.2124 0.26666666666666666 0.0224 0.034133333333333335
2 0.248 0.31920000000000004 0.0224 0.05066666666666667
2 0.2396 0.3122666666666667 0.019200000000000002 0.046400000000000004
2 0.2642 0.2642666666666667 0.0228 0.0304
2 0.2812 0.32053333333333334 0.024 0.06613333333333334
2 0.273 0.2922666666666667 0.022000000000000002 0.032
2 0.2854 0.2853333333333333 0.0228 0.04586666666666667
2 0.3024 0.2773333333333333 0.016800000000000002 0.0224
2 0.3032 0.3322666666666667 0.013600000000000001 0.027733333333333336
2 0.321 0.328 0.0172 0.034133333333333335
2 0.3078 0.3128 0.018000000000000002 0.029333333333333336
2 0.32680000000000003 0.3274666666666667 0.0112 0.0256
2 0.3274 0.316 0.018000000000000002 0.034666666666666665
2 0.3486 0.33013333333333333 0.0188 0.04053333333333334
2 0.34840000000000004 0.308 0.024 0.04106666666666667
2 0.373 0.34 0.015600000000000001 0.016533333333333334
2 0.368 0.3234666666666667 0.02 0.024
2 0.3738 0.31573333333333337 0.0196 0.037333333333333336
2 0.39740000000000003 0.33973333333333333 0.0148 0.019200000000000002
2 0.3942 0.2914666666666667 0.026000000000000002 0.0816
2 0.42200000000000004 0.34053333333333335 0.014400000000000001 0.0176
2 0.4184 0.3264 0.019200000000000002 0.032
2 0.4178 0.29413333333333336 0.0196 0.0688
2 0.4428 0.33333333333333337 0.019200000000000002 0.028800000000000003
2 0.44 0.31653333333333333 0.016800000000000002 0.034666666666666665
2 0.45680000000000004 0.3181333333333333 0.0128 0.03253333333333334
2 0.4772 0.33280000000000004 0.016 0.029866666666666666
2 0.49260000000000004 0.3408 0.0108 0.021333333333333336
2 0.47140000000000004 0.3008 0.0236 0.05653333333333334
2 0.4898 0.31706666666666666 0.022000000000000002 0.037866666666666667
2 0.5056 0.32480000000000003 0.019200000000000002 0.024533333333333334
2 0.511 0.316 0.015600000000000001 0.02826666666666667
2 0.5186000000000001 0.3392 0.0164 0.023466666666666667
2 0.539 0.3410666666666667 0.0172 0.021866666666666666
2 0.5342 0.31146666666666667 0.0212 0.046933333333333334
2 0.552 0.312 0.02 0.05653333333333334
2 0.5626 0.3272 0.018000000000000002 0.04853333333333334
2 0.5812 0.3282666666666667 0.0224 0.046400000000000004
2 0.5932000000000001 0.3330666666666667 0.013600000000000001 0.034666666666666665
2 0.6044 0.34240000000000004 0.0112 0.018133333333333335
2 0.6166 0.3338666666666667 0.0132 0.029866666666666666
2 0.6296 0.33893333333333336 0.0184 0.02826666666666667
2 0.6856 0.32 0.023200000000000002 0.06506666666666668
2 0.7292000000000001 0.34293333333333337 0.024 0.0224
2 0.739 0.3373333333333334 0.012400000000000001 0.029333333333333336
2 0.7764000000000001 0.3322666666666667 0.0176 0.0352
2 0.7892 0.32293333333333335 0.0176 0.025066666666666668
2 0.773 0.31333333333333335 0.0204 0.03146666666666667
2 0.764 0.31173333333333336 0.028 0.06773333333333334
2 0.8042 0.33440000000000003 0.0132 0.0224
2 0.8224 0.3394666666666667 0.0184 0.037866666666666667
2 0.8244 0.3168 0.0216 0.046933333333333334
2 0.8008000000000001 0.2962666666666667 0.0304 0.0592
2 0.8490000000000001 0.3304 0.0204 0.05066666666666667
2 0.8430000000000001 0.30693333333333334 0.0092 0.016533333333333334
2 0.8682000000000001 0.33253333333333335 0.0244 0.037866666666666667
2 0.86 0.3010666666666667 0.019200000000000002 0.034666666666666665
2 0.8804000000000001 0.29813333333333336 0.0184 0.0352
2 0.8856 0.29386666666666666 0.0128 0.0256
2 0.888 0.3317333333333333 0.013600000000000001 0.034133333333333335
2 0.8984000000000001 0.32506666666666667 0.0088 0.0176
2 0.9062 0.3317333333333333 0.0188 0.04373333333333333
2 0.9214 0.3706666666666667 0.0204 0.04906666666666667
2 0.9176000000000001 0.3264 0.02 0.0448
2 0.9410000000000001 0.3237333333333334 0.0228 0.029866666666666666
2 0.9550000000000001 0.3304 0.018000000000000002 0.038933333333333334
2 0.9744 0.32933333333333337 0.016800000000000002 0.04853333333333334
2 0.9758 0.3066666666666667 0.0132 0.034133333333333335
2 0.9798 0.28426666666666667 0.0164 0.04053333333333334
2 0.9882000000000001 0.3528 0.01 0.02826666666666667
2 0.9814 0.38533333333333336 0.022000000000000002 0.07306666666666667
2 0.9962000000000001 0.39013333333333333 0.0068000000000000005 0.06773333333333334
2 0.9964000000000001 0.34853333333333336 0.0064 0.019733333333333335
2 0.05 0.6264000000000001 0.032 0.06986666666666667
2 0.0146 0.6298666666666667 0.027600000000000003 0.07893333333333334
2 0.0188 0.5808 0.024 0.04586666666666667
2 0.0298 0.5610666666666667 0.0252 0.04586666666666667
2 0.019200000000000002 0.5525333333333333 0.0128 0.021333333333333336
2 0.008 0.5410666666666667 0.0152 0.042133333333333335
2 0.0176 0.5146666666666667 0.0216 0.03946666666666667
2 0.0128 0.46853333333333336 0.0184 0.05066666666666667
2 0.033 0.47226666666666667 0.0236 0.046400000000000004
2 0.0446 0.5130666666666667 0.0196 0.04053333333333334
2 0.038400000000000004 0.54 0.0264 0.037866666666666667
2 0.0604 0.5584 0.028800000000000003 0.05973333333333333
2 0.0688 0.5378666666666667 0.028 0.042133333333333335
2 0.07 0.5032 0.0296 0.05386666666666667
2 0.055600000000000004 0.4730666666666667 0.02 0.041600000000000005
2 0.0796 0.48693333333333333 0.0184 0.04266666666666667
2 0.066 0.45813333333333334 0.016 0.034133333333333335
2 0.0868 0.4576 0.024 0.037333333333333336
2 0.0458 0.4224 0.027600000000000003 0.07466666666666667
2 0.10400000000000001 0.4282666666666667 0.0328 0.06720000000000001
2 0.1082 0.46880000000000005 0.0204 0.05546666666666667
2 0.1356 0.46266666666666667 0.028800000000000003 0.0752
2 0.108 0.5122666666666666 0.0216 0.037866666666666667
2 0.07980000000000001 0.6421333333333333 0.0268 0.10453333333333334
2 0.11040000000000001 0.6477333333333334 0.028800000000000003 0.12000000000000001
2 0.08940000000000001 0.5752 0.0212 0.0368
2 0.10200000000000001 0.5341333333333333 0.020800000000000003 0.05173333333333333
2 0.1318 0.5912000000000001 0.0188 0.04106666666666667
2 0.1326 0.56 0.0228 0.04266666666666667
2 0.132 0.5301333333333333 0.023200000000000002 0.03626666666666667
2 0.13520000000000001 0.5186666666666667 0.024 0.037866666666666667
2 0.154 0.6037333333333333 0.0264 0.07253333333333334
2 0.1686 0.5810666666666667 0.0244 0.05173333333333333
2 0.1976 0.6170666666666667 0.0376 0.07573333333333333
2 0.229 0.6202666666666667 0.0212 0.05226666666666667
2 0.2564 0.6282666666666668 0.028800000000000003 0.08853333333333334
2 0.226 0.5789333333333334 0.0264 0.037866666666666667
2 0.18860000000000002 0.5696 0.0284 0.029866666666666666
2 0.19140000000000001 0.5469333333333334 0.0292 0.0432
2 0.16620000000000001 0.5248 0.026000000000000002 0.05333333333333334
2 0.1968 0.5248 0.024800000000000003 0.048
2 0.19360000000000002 0.5090666666666667 0.013600000000000001 0.015466666666666667
2 0.2008 0.4925333333333334 0.023200000000000002 0.0432
2 0.1734 0.46640000000000004 0.0284 0.08693333333333333
2 0.202 0.4466666666666667 0.0344 0.06986666666666667
2 0.2582 0.5749333333333334 0.022000000000000002 0.03306666666666667
2 0.27080000000000004 0.6133333333333334 0.0176 0.0448
2 0.2972 0.636 0.0296 0.0944
2 0.2944 0.5880000000000001 0.020800000000000003 0.037866666666666667
2 0.28800000000000003 0.5576 0.024800000000000003 0.04106666666666667
2 0.2602 0.5514666666666667 0.0204 0.03626666666666667
2 0.23 0.5488000000000001 0.020800000000000003 0.023466666666666667
2 0.229 0.5282666666666667 0.022000000000000002 0.0304
2 0.22740000000000002 0.5090666666666667 0.015600000000000001 0.03146666666666667
2 0.2584 0.5296000000000001 0.016800000000000002 0.029866666666666666
2 0.2868 0.5301333333333333 0.016800000000000002 0.03626666666666667
2 0.2822 0.5042666666666666 0.0164 0.0368
2 0.28200000000000003 0.48933333333333334 0.012 0.026133333333333335
2 0.255 0.5056 0.0196 0.03306666666666667
2 0.2594 0.4872 0.0196 0.038933333333333334
2 0.2286 0.48133333333333334 0.018000000000000002 0.03573333333333333
2 0.226 0.4613333333333334 0.014400000000000001 0.02026666666666667
2 0.2238 0.4482666666666667 0.0132 0.020800000000000003
2 0.2524 0.45013333333333333 0.0296 0.05973333333333333
2 0.2746 0.46080000000000004 0.0172 0.041600000000000005
2 0.37020000000000003 0.6392 0.0268 0.09653333333333333
2 0.4006 0.6325333333333334 0.0204 0.1056
2 0.43260000000000004 0.632 0.0332 0.08533333333333334
2 0.395 0.5864 0.030000000000000002 0.0304
2 0.4178 0.5890666666666667 0.0196 0.033600000000000005
2 0.4444 0.5864 0.016 0.037866666666666667
2 0.46440000000000003 0.6269333333333333 0.028800000000000003 0.09546666666666667
2 0.49460000000000004 0.6346666666666667 0.027600000000000003 0.1056
2 0.5304 0.6333333333333334 0.0264 0.0912
2 0.333 0.5816 0.0188 0.04
2 0.35860000000000003 0.5816 0.0172 0.034666666666666665
2 0.3478 0.552 0.0196 0.03946666666666667
2 0.3154 0.5333333333333333 0.0244 0.054400000000000004
2 0.31120000000000003 0.508 0.0176 0.033600000000000005
2 0.3088 0.4874666666666667 0.0176 0.032
2 0.2904 0.44906666666666667 0.0224 0.06933333333333333
2 0.30860000000000004 0.44720000000000004 0.0244 0.06346666666666667
2 0.3274 0.4328 0.0212 0.06773333333333334
2 0.34400000000000003 0.4464 0.0184 0.05333333333333334
2 0.35660000000000003 0.4264 0.0332 0.04853333333333334
2 0.3416 0.4888 0.019200000000000002 0.034666666666666665
2 0.3388 0.5048 0.020800000000000003 0.034666666666666665
2 0.3542 0.5253333333333333 0.0236 0.037333333333333336
2 0.3826 0.5469333333333334 0.0236 0.04
2 0.38180000000000003 0.5253333333333333 0.0188 0.037333333333333336
2 0.36760000000000004 0.5064000000000001 0.016800000000000002 0.033600000000000005
2 0.36260000000000003 0.48933333333333334 0.0132 0.024
2 0.36460000000000004 0.47200000000000003 0.0188 0.038400000000000004
2 0.42100000000000004 0.5501333333333334 0.0204 0.049600000000000005
2 0.40800000000000003 0.5408000000000001 0.0216 0.0448
2 0.4042 0.5053333333333334 0.015600000000000001 0.03253333333333334
2 0.38720000000000004 0.4864 0.020800000000000003 0.029866666666666666
2 0.388 0.46880000000000005 0.0128 0.023466666666666667
2 0.38580000000000003 0.45733333333333337 0.015600000000000001 0.026133333333333335
2 0.44480000000000003 0.5504 0.0184 0.0352
2 0.4698 0.5602666666666667 0.0196 0.03146666666666667
2 0.4632 0.5269333333333334 0.0184 0.03946666666666667
2 0.4348 0.5189333333333334 0.019200000000000002 0.029866666666666666
2 0.42200000000000004 0.5061333333333333 0.016800000000000002 0.021333333333333336
2 0.4128 0.47200000000000003 0.0184 0.03626666666666667
2 0.40640000000000004 0.46080000000000004 0.014400000000000001 0.030933333333333334
2 0.42700000000000005 0.4536 0.0196 0.027200000000000002
2 0.44020000000000004 0.4674666666666667 0.0188 0.029333333333333336
2 0.447 0.49146666666666666 0.0204 0.034666666666666665
2 0.4592 0.47013333333333335 0.016800000000000002 0.04426666666666667
2 0.45480000000000004 0.444 0.016800000000000002 0.026133333333333335
2 0.5038 0.5733333333333334 0.018000000000000002 0.0224
2 0.5202 0.5570666666666667 0.0148 0.034666666666666665
2 0.49860000000000004 0.5504 0.0196 0.03306666666666667
2 0.4858 0.5245333333333334 0.0188 0.02826666666666667
2 0.4766 0.5048 0.0148 0.02826666666666667
2 0.5018 0.5122666666666666 0.0148 0.03146666666666667
2 0.5152 0.5258666666666667 0.0176 0.028800000000000003
2 0.5428000000000001 0.5536 0.0176 0.028800000000000003
2 0.5306000000000001 0.5741333333333334 0.0204 0.0304
2 0.5492 0.5290666666666667 0.0184 0.038400000000000004
2 0.5434 0.5056 0.0172 0.0256
2 0.526 0.5104000000000001 0.016 0.029866666666666666
2 0.5368 0.4925333333333334 0.016800000000000002 0.02826666666666667
2 0.5484 0.4832 0.0128 0.030933333333333334
2 0.5402 0.46613333333333334 0.015600000000000001 0.028800000000000003
2 0.5466 0.4530666666666667 0.0164 0.026133333333333335
2 0.5116 0.4968 0.019200000000000002 0.0304
2 0.502 0.4714666666666667 0.0176 0.0256
2 0.4862 0.46853333333333336 0.018000000000000002 0.038933333333333334
2 0.5222 0.4658666666666667 0.0204 0.033600000000000005
2 0.49660000000000004 0.4016 0.0188 0.04053333333333334
2 0.52 0.41440000000000005 0.0216 0.05226666666666667
2 0.5920000000000001 0.5546666666666666 0.024800000000000003 0.0608
2 0.6316 0.5794666666666667 0.0184 0.056
2 0.6602 0.5765333333333333 0.015600000000000001 0.03626666666666667
2 0.7098 0.6221333333333333 0.022000000000000002 0.12853333333333333
2 0.6756 0.6386666666666667 0.036000000000000004 0.09013333333333334
2 0.596 0.6410666666666667 0.0256 0.054400000000000004
2 0.5852 0.4986666666666667 0.013600000000000001 0.037333333333333336
2 0.6042000000000001 0.516 0.0148 0.026133333333333335
2 0.6038 0.4978666666666667 0.0148 0.026133333333333335
2 0.5958 0.5034666666666667 0.012400000000000001 0.0256
2 0.595 0.4808 0.014 0.029333333333333336
2 0.5734 0.4925333333333334 0.0212 0.0368
2 0.5632 0.46853333333333336 0.019200000000000002 0.02826666666666667
2 0.5744 0.4504 0.0184 0.03573333333333333
2 0.5862 0.4618666666666667 0.015600000000000001 0.030933333333333334
2 0.5962000000000001 0.4536 0.0172 0.033600000000000005
2 0.6072000000000001 0.4634666666666667 0.016800000000000002 0.0256
2 0.6114 0.4834666666666667 0.0148 0.03146666666666667
2 0.6278 0.5072 0.0228 0.054400000000000004
2 0.649 0.5402666666666667 0.022000000000000002 0.037333333333333336
2 0.6532 0.5184 0.019200000000000002 0.038400000000000004
2 0.6502 0.49733333333333335 0.0148 0.03253333333333334
2 0.6478 0.4776 0.014 0.024
2 0.6322 0.47093333333333337 0.0196 0.0512
2 0.6196 0.4544 0.014400000000000001 0.028800000000000003
2 0.6416000000000001 0.4514666666666667 0.0152 0.029333333333333336
2 0.6738000000000001 0.5378666666666667 0.0204 0.04
2 0.6812 0.5216000000000001 0.016 0.027733333333333336
2 0.6910000000000001 0.508 0.015600000000000001 0.03146666666666667
2 0.668 0.47413333333333335 0.0176 0.030933333333333334
2 0.6596000000000001 0.4674666666666667 0.012 0.020800000000000003
2 0.6614 0.45493333333333336 0.0164 0.028800000000000003
2 0.682 0.45280000000000004 0.0176 0.017066666666666667
2 0.6852 0.4698666666666667 0.010400000000000001 0.02026666666666667
2 0.6954 0.4850666666666667 0.018000000000000002 0.0432
2 0.7096 0.5349333333333334 0.019200000000000002 0.04906666666666667
2 0.7120000000000001 0.5152 0.016 0.0256
2 0.7138 0.5008 0.012400000000000001 0.028800000000000003
2 0.7034 0.4693333333333334 0.0204 0.027733333333333336
2 0.6976 0.42400000000000004 0.024 0.05973333333333333
2 0.743 0.6202666666666667 0.0324 0.1056
2 0.7698 0.6234666666666667 0.0308 0.09173333333333333
2 0.8230000000000001 0.6237333333333334 0.0308 0.1008
2 0.8514 0.6178666666666667 0.0244 0.10613333333333334
2 0.8696 0.6434666666666667 0.023200000000000002 0.08586666666666667
2 0.9062 0.6277333333333334 0.022000000000000002 0.08533333333333334
2 0.9194 0.6250666666666667 0.0284 0.09280000000000001
2 0.9426 0.6274666666666667 0.034 0.09546666666666667
2 0.9808 0.6264000000000001 0.028 0.0912
2 0.9938 0.6248 0.011600000000000001 0.08906666666666667
2 0.7384000000000001 0.5597333333333333 0.027200000000000002 0.03573333333333333
2 0.7676000000000001 0.5621333333333334 0.016800000000000002 0.038400000000000004
2 0.7938000000000001 0.5752 0.0212 0.046400000000000004
2 0.7514000000000001 0.5469333333333334 0.0212 0.03146666666666667
2 0.7338 0.5237333333333334 0.0212 0.034133333333333335
2 0.7546 0.5213333333333333 0.0196 0.03253333333333334
2 0.7364 0.5048 0.020800000000000003 0.027200000000000002
2 0.7230000000000001 0.47440000000000004 0.0188 0.02826666666666667
2 0.729 0.46213333333333334 0.0132 0.02826666666666667
2 0.7242000000000001 0.4554666666666667 0.012400000000000001 0.027733333333333336
2 0.7132000000000001 0.4464 0.0128 0.0256
2 0.7364 0.4506666666666667 0.014400000000000001 0.02666666666666667
2 0.7534000000000001 0.464 0.0196 0.030933333333333334
2 0.7586 0.4544 0.015600000000000001 0.032
2 0.7528 0.4882666666666667 0.016 0.029333333333333336
2 0.7668 0.5037333333333334 0.0128 0.029333333333333336
2 0.779 0.5210666666666667 0.0188 0.028800000000000003
2 0.7792 0.5392 0.016800000000000002 0.024533333333333334
2 0.8058000000000001 0.5362666666666667 0.0204 0.034666666666666665
2 0.8226 0.5608000000000001 0.0196 0.025066666666666668
2 0.8352 0.5402666666666667 0.020800000000000003 0.034133333333333335
2 0.8522000000000001 0.544 0.0108 0.03946666666666667
2 0.8098000000000001 0.5138666666666667 0.0148 0.0304
2 0.786 0.49946666666666667 0.016 0.03253333333333334
2 0.7762 0.4888 0.012400000000000001 0.027200000000000002
2 0.7668 0.4848 0.010400000000000001 0.016
2 0.7824 0.464 0.0176 0.032
2 0.799 0.46880000000000005 0.018000000000000002 0.030933333333333334
2 0.8178000000000001 0.5026666666666667 0.0164 0.03253333333333334
2 0.8208000000000001 0.48586666666666667 0.016 0.032
2 0.8082 0.4885333333333334 0.011600000000000001 0.021333333333333336
2 0.8148000000000001 0.4544 0.014400000000000001 0.034133333333333335
2 0.8294 0.4554666666666667 0.0148 0.030933333333333334
2 0.7792 0.4248 0.024800000000000003 0.05706666666666667
2 0.8056000000000001 0.43173333333333336 0.0176 0.054933333333333334
2 0.8454 0.42213333333333336 0.0236 0.038933333333333334
2 0.8706 0.42586666666666667 0.0212 0.04533333333333334
2 0.8874000000000001 0.44693333333333335 0.0244 0.05866666666666667
2 0.8642000000000001 0.46213333333333334 0.022000000000000002 0.0304
2 0.8472000000000001 0.4634666666666667 0.020800000000000003 0.02666666666666667
2 0.8442000000000001 0.48453333333333337 0.0196 0.03253333333333334
2 0.8424 0.5005333333333334 0.016800000000000002 0.027200000000000002
2 0.8442000000000001 0.5170666666666667 0.0148 0.021866666666666666
2 0.8598 0.5162666666666667 0.0196 0.027733333333333336
2 0.8644000000000001 0.5 0.0184 0.03253333333333334
2 0.8676 0.4872 0.020800000000000003 0.0304
2 0.8808 0.5386666666666667 0.016800000000000002 0.02666666666666667
2 0.885 0.5594666666666667 0.015600000000000001 0.019200000000000002
2 0.9148000000000001 0.5605333333333333 0.023200000000000002 0.034133333333333335
2 0.9068 0.5416000000000001 0.016800000000000002 0.033600000000000005
2 0.8892 0.5245333333333334 0.0184 0.0368
2 0.8898 0.48960000000000004 0.0228 0.0352
2 0.9138000000000001 0.4874666666666667 0.022000000000000002 0.0352
2 0.9152 0.5245333333333334 0.0216 0.042133333333333335
2 0.9116000000000001 0.444 0.0224 0.04746666666666667
2 0.901 0.43173333333333336 0.0092 0.019733333333333335
2 0.9444 0.5704 0.0224 0.02826666666666667
2 0.9654 0.5706666666666667 0.014 0.0256
2 0.9888 0.5624 0.0216 0.033600000000000005
2 0.9886 0.5434666666666667 0.018000000000000002 0.029866666666666666
2 0.9664 0.5426666666666667 0.020800000000000003 0.03146666666666667
2 0.937 0.5426666666666667 0.022000000000000002 0.02826666666666667
2 0.9464 0.5269333333333334 0.0184 0.03626666666666667
2 0.9680000000000001 0.5216000000000001 0.016800000000000002 0.0256
2 0.9640000000000001 0.5029333333333333 0.0176 0.03306666666666667
2 0.936 0.5053333333333334 0.019200000000000002 0.042133333333333335
2 0.9402 0.48133333333333334 0.014 0.02826666666666667
2 0.9334 0.46773333333333333 0.015600000000000001 0.03946666666666667
2 0.9714 0.46053333333333335 0.0268 0.07200000000000001
2 0.993 0.47013333333333335 0.0132 0.0816
