0 0.1961111111111111 0.3983333333333334 0.04777777777777778 0.17666666666666667
0 0.5744444444444444 0.42500000000000004 0.04666666666666667 0.17666666666666667
0 0.6811111111111111 0.41500000000000004 0.04 0.15000000000000002
0 0.9461111111111111 0.41750000000000004 0.04555555555555556 0.16833333333333333
0 0.19555555555555557 0.26333333333333336 0.04 0.15000000000000002
0 0.2461111111111111 0.26166666666666666 0.04111111111111111 0.15333333333333335
0 0.215 0.23833333333333334 0.03666666666666667 0.1366666666666667
0 0.2816666666666667 0.2366666666666667 0.03888888888888889 0.14333333333333334
0 0.31333333333333335 0.26916666666666667 0.04 0.15166666666666667
0 0.3427777777777778 0.23833333333333334 0.03666666666666667 0.13333333333333333
0 0.3794444444444444 0.27 0.04111111111111111 0.15000000000000002
0 0.4083333333333333 0.23833333333333334 0.034444444444444444 0.12666666666666668
0 0.4722222222222222 0.27083333333333337 0.04 0.15166666666666667
0 0.48277777777777775 0.23833333333333334 0.03666666666666667 0.13333333333333333
0 0.5522222222222222 0.27083333333333337 0.04 0.14500000000000002
0 0.5455555555555556 0.24000000000000002 0.03111111111111111 0.12000000000000001
0 0.6222222222222222 0.27666666666666667 0.035555555555555556 0.13333333333333333
0 0.6111111111111112 0.25083333333333335 0.03333333333333333 0.12833333333333335
0 0.6961111111111111 0.2783333333333334 0.03666666666666667 0.1366666666666667
0 0.6888888888888889 0.2541666666666667 0.03333333333333333 0.12833333333333335
0 0.78 0.2791666666666667 0.03777777777777778 0.13833333333333334
0 0.7661111111111111 0.24666666666666667 0.034444444444444444 0.12666666666666668
2 0.1511111111111111 0.4566666666666667 0.04 0.13
2 0.22611111111111112 0.4591666666666667 0.025555555555555557 0.11833333333333335
2 0.3638888888888889 0.4666666666666667 0.04111111111111111 0.14333333333333334
2 0.4027777777777778 0.4591666666666667 0.03666666666666667 0.14166666666666666
2 0.4438888888888889 0.4675 0.03666666666666667 0.13833333333333334
2 0.8266666666666667 0.4625 0.03333333333333333 0.10833333333333334
2 0.8416666666666667 0.42750000000000005 0.034444444444444444 0.115
2 0.8961111111111111 0.41750000000000004 0.03222222222222222 0.10833333333333334
2 0.051111111111111114 0.935 0.09777777777777778 0.12666666666666668
2 0.21611111111111111 0.9125000000000001 0.10333333333333333 0.16833333333333333
2 0.3227777777777778 0.8908333333333334 0.07444444444444444 0.195
2 0.43166666666666664 0.8966666666666667 0.0811111111111111 0.19333333333333336
2 0.5588888888888889 0.9091666666666667 0.08888888888888889 0.17833333333333334
2 0.6466666666666666 0.8991666666666667 0.08666666666666667 0.19833333333333333
2 0.7561111111111111 0.8991666666666667 0.0811111111111111 0.195
2 0.8611111111111112 0.9008333333333334 0.08888888888888889 0.195
2 0.9383333333333334 0.8966666666666667 0.07 0.15666666666666668
2 0.985 0.8808333333333334 0.025555555555555557 0.16833333333333333
4 0.49944444444444447 0.08 0.9988888888888889 0.15666666666666668
