0 0.12727272727272726 0.7657766990291262 0.04 0.13349514563106796
0 0.1781818181818182 0.8033980582524272 0.04 0.13106796116504854
0 0.2 0.7366504854368932 0.03272727272727273 0.11407766990291261
0 0.22272727272727272 0.7354368932038834 0.034545454545454546 0.1116504854368932
0 0.2381818181818182 0.7390776699029126 0.03272727272727273 0.10436893203883495
0 0.24818181818181817 0.7317961165048543 0.034545454545454546 0.11893203883495145
0 0.2809090909090909 0.7475728155339805 0.02 0.07281553398058252
0 0.29454545454545455 0.7973300970873786 0.03272727272727273 0.11407766990291261
0 0.33636363636363636 0.7305825242718446 0.03272727272727273 0.10679611650485436
0 0.38545454545454544 0.7512135922330097 0.03272727272727273 0.10436893203883495
0 0.4009090909090909 0.7499999999999999 0.034545454545454546 0.1116504854368932
0 0.4390909090909091 0.7949029126213591 0.1 0.33252427184466016
0 0.6654545454545454 0.7985436893203883 0.04363636363636364 0.14563106796116504
0 0.7127272727272728 0.762135922330097 0.02909090909090909 0.10194174757281553
0 0.7481818181818182 0.7609223300970873 0.02727272727272727 0.09466019417475727
0 0.7618181818181818 0.7924757281553397 0.04 0.13349514563106796
0 0.76 0.6808252427184466 0.01818181818181818 0.06067961165048543
0 0.82 0.6116504854368932 0.01818181818181818 0.058252427184466014
0 0.9063636363636364 0.5728155339805825 0.016363636363636365 0.05339805825242718
0 0.9336363636363636 0.5837378640776698 0.016363636363636365 0.050970873786407765
0 0.9645454545454546 0.5849514563106796 0.016363636363636365 0.058252427184466014
2 0.6590909090909091 0.7305825242718446 0.02 0.05339805825242718
2 0.7390909090909091 0.6638349514563107 0.016363636363636365 0.04126213592233009
2 0.8627272727272727 0.7281553398058251 0.02727272727272727 0.04368932038834951
4 0.8163636363636364 0.5837378640776698 0.02909090909090909 0.07524271844660194
4 0.8163636363636364 0.7099514563106796 0.02909090909090909 0.046116504854368925
4 0.899090909090909 0.7135922330097086 0.03090909090909091 0.04368932038834951
