0 0.97 0.5640000000000001 0.05733333333333333 0.324
0 0.8666666666666666 0.5630000000000001 0.07733333333333334 0.28200000000000003
0 0.83 0.558 0.08399999999999999 0.308
0 0.7959999999999999 0.558 0.08533333333333333 0.316
0 0.7433333333333333 0.5700000000000001 0.08666666666666667 0.324
0 0.704 0.5710000000000001 0.09066666666666666 0.33
0 0.6686666666666666 0.577 0.08933333333333333 0.33
0 0.6186666666666667 0.58 0.088 0.328
0 0.592 0.582 0.09333333333333332 0.34800000000000003
0 0.5266666666666666 0.592 0.09333333333333332 0.34800000000000003
0 0.488 0.595 0.096 0.354
0 0.4493333333333333 0.597 0.09866666666666667 0.366
0 0.41 0.5720000000000001 0.11866666666666666 0.44
0 0.3173333333333333 0.607 0.12533333333333332 0.458
0 0.08399999999999999 0.598 0.096 0.356
0 0.12866666666666665 0.591 0.09466666666666666 0.354
0 0.17933333333333332 0.582 0.092 0.336
0 0.194 0.6 0.09999999999999999 0.364
0 0.23333333333333334 0.587 0.08533333333333333 0.314
0 0.246 0.597 0.09466666666666666 0.35000000000000003
0 0.268 0.586 0.08266666666666667 0.304
0 0.3793333333333333 0.578 0.108 0.396
0 0.35133333333333333 0.584 0.08666666666666667 0.32
0 0.30466666666666664 0.606 0.09466666666666666 0.352
0 0.5046666666666666 0.577 0.09466666666666666 0.35000000000000003
0 0.5426666666666666 0.5650000000000001 0.09066666666666666 0.334
0 0.582 0.55 0.08133333333333333 0.3
0 0.5619999999999999 0.5720000000000001 0.07333333333333333 0.272
0 0.7246666666666667 0.556 0.08399999999999999 0.312
0 0.7546666666666666 0.554 0.08 0.3
0 0.7746666666666666 0.538 0.06133333333333333 0.232
0 0.624 0.561 0.08533333333333333 0.314
2 0.308 0.41400000000000003 0.010666666666666666 0.04
2 0.46266666666666667 0.437 0.029333333333333333 0.098
