0 0.02875 0.4783333333333334 0.0575 0.20333333333333334
0 0.07625 0.5166666666666667 0.0375 0.13333333333333333
0 0.09625 0.5133333333333334 0.0325 0.10666666666666667
0 0.0575 0.49333333333333335 0.04 0.14
0 0.14 0.5866666666666667 0.115 0.3866666666666667
0 0.2025 0.63 0.12 0.39333333333333337
0 0.22875 0.5733333333333334 0.1075 0.35333333333333333
0 0.3225 0.5216666666666667 0.09 0.29000000000000004
0 0.42375 0.5316666666666667 0.0925 0.31
0 0.4825 0.5216666666666667 0.09 0.2966666666666667
0 0.54125 0.5233333333333333 0.08750000000000001 0.2866666666666667
0 0.595 0.5850000000000001 0.11 0.36333333333333334
0 0.6725 0.5850000000000001 0.11 0.37000000000000005
0 0.69875 0.5700000000000001 0.1075 0.3466666666666667
0 0.73375 0.5116666666666667 0.0775 0.2566666666666667
0 0.8475 0.525 0.085 0.2833333333333333
0 0.9125 0.5633333333333334 0.09 0.30000000000000004
0 0.92125 0.5316666666666667 0.0825 0.27
0 0.64875 0.5416666666666667 0.0725 0.2366666666666667
2 0.70625 0.43833333333333335 0.0275 0.08333333333333334
4 0.7925 0.4683333333333334 0.09 0.19
4 0.9237500000000001 0.45833333333333337 0.1475 0.29000000000000004
