0 0.1575 0.8412874583795783 0.025 0.08213096559378469
0 0.18041666666666667 0.839622641509434 0.022500000000000003 0.07658157602663707
0 0.21333333333333335 0.802441731409545 0.05666666666666667 0.18645948945615984
0 0.25958333333333333 0.855715871254162 0.01916666666666667 0.06437291897891233
0 0.3816666666666667 0.818534961154273 0.04166666666666667 0.13429522752497225
0 0.4529166666666667 0.8135405105438402 0.0425 0.13984461709211987
0 0.47500000000000003 0.8113207547169812 0.043333333333333335 0.14428412874583796
0 0.5058333333333334 0.8152053274139844 0.04166666666666667 0.13873473917869034
2 0.4154166666666667 0.8457269700332963 0.0175 0.03107658157602664
2 0.64625 0.7769145394006659 0.0125 0.017758046614872364
2 0.6325000000000001 0.7702552719200888 0.013333333333333334 0.03773584905660377
