0 0.1816326530612245 0.3978201634877384 0.08571428571428572 0.2833787465940054
0 0.04081632653061225 0.4632152588555858 0.0816326530612245 0.44686648501362397
0 0.05816326530612245 0.40326975476839233 0.05918367346938776 0.19073569482288827
0 0.19897959183673472 0.3732970027247956 0.05918367346938776 0.19618528610354222
0 0.22244897959183677 0.3637602179836512 0.0489795918367347 0.16076294277929154
0 0.24183673469387756 0.3514986376021798 0.03469387755102041 0.11989100817438691
0 0.2826530612244898 0.5258855585831063 0.12040816326530614 0.39237057220708443
0 0.3316326530612245 0.3869209809264305 0.05918367346938776 0.19618528610354222
0 0.35510204081632657 0.40463215258855584 0.036734693877551024 0.12806539509536785
0 0.40816326530612246 0.4196185286103542 0.1306122448979592 0.4305177111716621
0 0.46326530612244904 0.37193460490463215 0.06122448979591837 0.2098092643051771
0 0.48265306122448987 0.34877384196185285 0.04285714285714286 0.14713896457765668
0 0.5061224489795919 0.37193460490463215 0.06122448979591837 0.20435967302452315
0 0.676530612244898 0.4632152588555858 0.23469387755102042 0.773841961852861
0 0.6061224489795919 0.4359673024523161 0.11836734693877551 0.3869209809264305
0 0.776530612244898 0.3419618528610354 0.04285714285714286 0.13896457765667575
0 0.8591836734693878 0.4209809264305177 0.09387755102040818 0.31335149863760214
0 0.956122448979592 0.4318801089918256 0.0673469387755102 0.22615803814713895
0 0.9591836734693878 0.3637602179836512 0.07755102040816328 0.2534059945504087
0 0.8836734693877552 0.3201634877384196 0.02448979591836735 0.08991825613079019
0 0.9040816326530613 0.3174386920980926 0.02448979591836735 0.07901907356948229
0 0.8948979591836735 0.3174386920980926 0.02653061224489796 0.08446866485013624
0 0.9775510204081633 0.3528610354223433 0.04081632653061225 0.2316076294277929
2 0.42244897959183675 0.2847411444141689 0.020408163265306124 0.024523160762942777
2 0.589795918367347 0.2983651226158038 0.028571428571428574 0.08991825613079019
4 0.7959183673469389 0.32697547683923706 0.08979591836734695 0.09809264305177111
