0 0.01688888888888889 0.488 0.017777777777777778 0.064
0 0.07644444444444445 0.5066666666666666 0.09422222222222222 0.344
0 0.15822222222222224 0.49133333333333334 0.09422222222222222 0.348
0 0.3088888888888889 0.4973333333333333 0.07200000000000001 0.26666666666666666
0 0.3715555555555556 0.5033333333333333 0.06933333333333333 0.2573333333333333
0 0.44622222222222224 0.49066666666666664 0.07466666666666667 0.27199999999999996
0 0.5324444444444445 0.4973333333333333 0.07288888888888889 0.26666666666666666
0 0.628 0.49666666666666665 0.07200000000000001 0.26266666666666666
0 0.7133333333333334 0.49133333333333334 0.07377777777777778 0.27066666666666667
0 0.7782222222222223 0.494 0.07377777777777778 0.2733333333333333
0 0.8400000000000001 0.49066666666666664 0.07111111111111111 0.2613333333333333
3 0.6751111111111111 0.43666666666666665 0.06133333333333334 0.11866666666666666
3 0.41600000000000004 0.446 0.03911111111111111 0.13466666666666666
