0 0.155 0.5690524193548387 0.04466666666666667 0.1663306451612903
0 0.37966666666666665 0.5473790322580645 0.04733333333333333 0.1754032258064516
0 0.42666666666666664 0.5725806451612903 0.042666666666666665 0.1592741935483871
0 0.077 0.6023185483870968 0.04733333333333333 0.17439516129032256
0 0.029666666666666664 0.5897177419354839 0.04733333333333333 0.1774193548387097
0 0.09766666666666667 0.5761088709677419 0.04733333333333333 0.17842741935483872
0 0.10766666666666666 0.5630040322580645 0.04733333333333333 0.17641129032258063
0 0.034333333333333334 0.4470766129032258 0.033999999999999996 0.12600806451612903
0 0.05266666666666667 0.45514112903225806 0.03333333333333333 0.12600806451612903
0 0.07466666666666666 0.45463709677419356 0.032 0.12096774193548387
0 0.08933333333333333 0.45514112903225806 0.032 0.11995967741935483
0 0.13066666666666665 0.4692540322580645 0.025333333333333333 0.09375
0 0.13599999999999998 0.4501008064516129 0.03333333333333333 0.12600806451612903
0 0.164 0.4798387096774193 0.018666666666666665 0.07258064516129031
0 0.16866666666666666 0.4566532258064516 0.030666666666666665 0.11693548387096774
0 0.19333333333333333 0.4344758064516129 0.028 0.10685483870967742
0 0.20166666666666666 0.4803427419354839 0.022 0.08165322580645161
0 0.20033333333333334 0.45211693548387094 0.03266666666666666 0.11995967741935483
0 0.23166666666666666 0.4475806451612903 0.033999999999999996 0.12903225806451613
0 0.236 0.4803427419354839 0.021333333333333333 0.07963709677419355
0 0.263 0.44556451612903225 0.035333333333333335 0.1310483870967742
0 0.261 0.4793346774193548 0.022 0.08165322580645161
0 0.29 0.47127016129032256 0.024 0.0877016129032258
0 0.30066666666666664 0.4490927419354839 0.034666666666666665 0.1280241935483871
0 0.33 0.47026209677419356 0.024 0.08971774193548387
0 0.33366666666666667 0.4445564516129032 0.033999999999999996 0.12903225806451613
0 0.35866666666666663 0.4440524193548387 0.036 0.13205645161290322
0 0.36333333333333334 0.46673387096774194 0.024 0.08870967741935484
0 0.3923333333333333 0.469758064516129 0.022 0.08064516129032258
0 0.391 0.44002016129032256 0.035333333333333335 0.13205645161290322
0 0.41666666666666663 0.4632056451612903 0.024 0.08971774193548387
0 0.42166666666666663 0.43649193548387094 0.035333333333333335 0.1310483870967742
0 0.4523333333333333 0.46723790322580644 0.024666666666666667 0.09173387096774194
0 0.45399999999999996 0.4440524193548387 0.03333333333333333 0.1219758064516129
0 0.47766666666666663 0.45161290322580644 0.03266666666666666 0.12298387096774194
0 0.504 0.4470766129032258 0.036 0.13205645161290322
0 0.5293333333333333 0.44606854838709675 0.03333333333333333 0.12399193548387097
0 0.5446666666666666 0.391633064516129 0.026666666666666665 0.10181451612903225
0 0.5529999999999999 0.37752016129032256 0.02333333333333333 0.08971774193548387
0 0.5563333333333333 0.4490927419354839 0.033999999999999996 0.12600806451612903
0 0.5923333333333333 0.4627016129032258 0.026 0.0967741935483871
0 0.589 0.43901209677419356 0.035333333333333335 0.13004032258064516
0 0.621 0.46169354838709675 0.026 0.0967741935483871
0 0.6233333333333333 0.43548387096774194 0.03733333333333333 0.13709677419354838
0 0.626 0.3911290322580645 0.028 0.10483870967741934
0 0.6533333333333333 0.4642137096774193 0.025333333333333333 0.09375
0 0.6563333333333333 0.4349798387096774 0.03666666666666667 0.13608870967741934
0 0.6789999999999999 0.4682459677419355 0.022 0.08366935483870967
0 0.6853333333333333 0.4380040322580645 0.036 0.13205645161290322
0 0.71 0.4415322580645161 0.03333333333333333 0.12298387096774194
0 0.7126666666666667 0.4652217741935484 0.022666666666666665 0.08366935483870967
0 0.735 0.43548387096774194 0.033999999999999996 0.12903225806451613
0 0.7376666666666667 0.45816532258064513 0.024666666666666667 0.09173387096774194
0 0.7706666666666666 0.43548387096774194 0.03733333333333333 0.13709677419354838
0 0.7716666666666666 0.4596774193548387 0.02333333333333333 0.08870967741935484
0 0.7903333333333333 0.4627016129032258 0.02333333333333333 0.08870967741935484
0 0.7919999999999999 0.4369959677419355 0.03333333333333333 0.12600806451612903
0 0.8203333333333334 0.46169354838709675 0.022 0.0846774193548387
0 0.8253333333333333 0.4314516129032258 0.036 0.1350806451612903
0 0.8563333333333333 0.4339717741935484 0.035333333333333335 0.13004032258064516
0 0.8646666666666666 0.46169354838709675 0.021333333333333333 0.07862903225806452
0 0.9023333333333333 0.4490927419354839 0.026 0.09576612903225806
0 0.903 0.42943548387096775 0.033999999999999996 0.125
0 0.9403333333333334 0.4319556451612903 0.035333333333333335 0.13407258064516128
0 0.957 0.407258064516129 0.03 0.11290322580645161
0 0.9663333333333333 0.4334677419354839 0.03666666666666667 0.13911290322580644
0 0.984 0.4284274193548387 0.030666666666666665 0.13306451612903225
0 0.958 0.6542338709677419 0.06666666666666667 0.24596774193548387
0 0.9106666666666666 0.6814516129032258 0.06799999999999999 0.25
0 0.883 0.5438508064516129 0.048666666666666664 0.18044354838709678
0 0.8333333333333333 0.6824596774193549 0.06799999999999999 0.25201612903225806
0 0.8826666666666666 0.845766129032258 0.07733333333333334 0.2883064516129032
0 0.9706666666666667 0.6587701612903225 0.05733333333333333 0.22681451612903225
0 0.7859999999999999 0.580141129032258 0.052 0.19254032258064516
0 0.8436666666666667 0.5282258064516129 0.043333333333333335 0.1592741935483871
0 0.8423333333333333 0.6461693548387096 0.06466666666666666 0.2379032258064516
0 0.9123333333333333 0.5483870967741935 0.04733333333333333 0.1774193548387097
0 0.766 0.38256048387096775 0.026666666666666665 0.10181451612903225
0 0.42 0.3976814516129032 0.029333333333333333 0.10987903225806452
2 0.03833333333333333 0.49243951612903225 0.018 0.047379032258064516
2 0.08399999999999999 0.501008064516129 0.02 0.05846774193548387
2 0.9066666666666666 0.8316532258064516 0.04533333333333333 0.08064516129032258
2 0.9106666666666666 0.9248991935483871 0.07333333333333333 0.13205645161290322
2 0.82 0.5317540322580645 0.02 0.029233870967741934
2 0.831 0.5131048387096774 0.026 0.034274193548387094
2 0.8183333333333334 0.48286290322580644 0.035333333333333335 0.05241935483870967
2 0.758 0.4122983870967742 0.013333333333333332 0.06048387096774194
2 0.7613333333333333 0.32711693548387094 0.016 0.021169354838709676
2 0.6343333333333333 0.34677419354838707 0.016666666666666666 0.038306451612903226
2 0.4323333333333333 0.34627016129032256 0.015333333333333332 0.035282258064516125
2 0.4076666666666667 0.4158266129032258 0.012666666666666666 0.04334677419354838
4 0.5 0.10836693548387097 0.9986666666666666 0.2127016129032258
