0 0.10500000000000001 0.5588972431077694 0.21000000000000002 0.8020050125313283
0 0.28833333333333333 0.5 0.05666666666666667 0.20802005012531327
0 0.36750000000000005 0.5288220551378446 0.10500000000000001 0.39097744360902253
0 0.15833333333333335 0.49624060150375937 0.05666666666666667 0.21052631578947367
0 0.4516666666666667 0.5263157894736842 0.060000000000000005 0.22556390977443608
0 0.4083333333333334 0.512531328320802 0.05 0.19298245614035087
0 0.5008333333333334 0.5087719298245614 0.085 0.3157894736842105
0 0.6116666666666667 0.5513784461152882 0.10666666666666667 0.39097744360902253
0 0.6766666666666667 0.48621553884711777 0.060000000000000005 0.22556390977443608
0 0.7883333333333333 0.48245614035087714 0.04 0.14786967418546365
0 0.5683333333333334 0.49122807017543857 0.05333333333333334 0.20050125313283207
0 0.5441666666666667 0.5025062656641603 0.035 0.13784461152882205
0 0.7075 0.474937343358396 0.015000000000000001 0.05263157894736842
0 0.7241666666666667 0.47368421052631576 0.015000000000000001 0.06015037593984962
0 0.7533333333333334 0.47243107769423553 0.013333333333333334 0.05764411027568922
0 0.93 0.47117794486215536 0.016666666666666666 0.06516290726817042
0 0.9741666666666667 0.474937343358396 0.018333333333333333 0.07268170426065163
2 0.7766666666666667 0.5488721804511278 0.03333333333333333 0.09022556390977443
2 0.8341666666666667 0.5325814536340852 0.04833333333333334 0.13283208020050125
