0 0.0585480093676815 0.7117187500000001 0.117096018735363 0.4234375
0 0.14578454332552693 0.703125 0.1252927400468384 0.40937500000000004
0 0.2148711943793911 0.6921875000000001 0.12060889929742388 0.39687500000000003
0 0.27693208430913346 0.6648437500000001 0.11592505854800937 0.3828125
0 0.3559718969555035 0.6820312500000001 0.117096018735363 0.38593750000000004
0 0.4262295081967213 0.665625 0.12412177985948478 0.40937500000000004
0 0.484192037470726 0.6820312500000001 0.11592505854800937 0.3796875
0 0.5538641686182669 0.6796875 0.11241217798594848 0.36875
0 0.6241217798594848 0.69921875 0.10772833723653395 0.35468750000000004
0 0.6978922716627635 0.6804687500000001 0.12177985948477751 0.40156250000000004
0 0.7740046838407494 0.6781250000000001 0.12412177985948478 0.40937500000000004
0 0.8518735362997658 0.66796875 0.1252927400468384 0.4109375
0 0.9426229508196722 0.6796875 0.11241217798594848 0.42500000000000004
2 0.9151053864168618 0.51484375 0.05035128805620609 0.09531250000000001
2 0.5889929742388759 0.28203125 0.03044496487119438 0.0703125
2 0.6516393442622951 0.534375 0.03161592505854801 0.06875
2 0.7236533957845434 0.5265625 0.02107728337236534 0.06875
2 0.6182669789227166 0.51484375 0.023419203747072598 0.0390625
2 0.2464871194379391 0.53125 0.040983606557377046 0.040625
2 0.2336065573770492 0.25546875 0.02224824355971897 0.0421875
2 0.29156908665105385 0.26015625000000003 0.03981264637002342 0.0421875
2 0.376463700234192 0.24765625000000002 0.03161592505854801 0.0421875
2 0.41569086651053866 0.246875 0.0351288056206089 0.05
2 0.08255269320843091 0.265625 0.02927400468384075 0.043750000000000004
2 0.12002341920374707 0.7875000000000001 0.07845433255269321 0.29375
2 0.20199063231850117 0.80234375 0.08548009367681499 0.26406250000000003
2 0.2857142857142857 0.80625 0.08665105386416862 0.2625
2 0.36416861826697894 0.7921875 0.08899297423887588 0.284375
2 0.43969555035128804 0.790625 0.08313817330210772 0.28750000000000003
2 0.5140515222482436 0.80078125 0.10304449648711944 0.2609375
2 0.607728337236534 0.796875 0.09601873536299765 0.29375
2 0.6920374707259953 0.79453125 0.08899297423887588 0.3046875
2 0.7822014051522248 0.80234375 0.08665105386416862 0.3140625
2 0.8588992974238876 0.79609375 0.10889929742388758 0.31093750000000003
2 0.9502341920374707 0.8171875000000001 0.09718969555035128 0.30312500000000003
