0 0.0425 0.593984962406015 0.08166666666666667 0.3057644110275689
0 0.2225 0.600250626566416 0.09166666666666667 0.3433583959899749
0 0.39083333333333337 0.6177944862155388 0.10500000000000001 0.39348370927318294
0 0.47500000000000003 0.5789473684210527 0.07666666666666667 0.2907268170426065
0 0.5025000000000001 0.6040100250626566 0.08833333333333333 0.3258145363408521
0 0.5858333333333333 0.6390977443609023 0.11833333333333335 0.43609022556390975
0 0.7183333333333334 0.5989974937343359 0.1 0.37593984962406013
0 0.78 0.5827067669172932 0.09000000000000001 0.3283208020050125
0 0.8725 0.6428571428571428 0.15166666666666667 0.5538847117794485
0 0.9566666666666668 0.606516290726817 0.08333333333333334 0.3508771929824561
3 0.04 0.8746867167919798 0.06333333333333334 0.23558897243107768
3 0.21583333333333335 0.8746867167919798 0.07166666666666667 0.24060150375939848
3 0.39333333333333337 0.9022556390977443 0.05666666666666667 0.18546365914786966
3 0.5033333333333334 0.8784461152882205 0.05 0.23809523809523808
3 0.4675 0.8684210526315789 0.04833333333333334 0.2581453634085213
3 0.5825 0.9298245614035088 0.06833333333333334 0.12531328320802004
3 0.7841666666666667 0.8809523809523809 0.04833333333333334 0.23308270676691728
3 0.7283333333333334 0.899749373433584 0.060000000000000005 0.19047619047619047
3 0.8875000000000001 0.9235588972431077 0.07833333333333334 0.14786967418546365
3 0.9725 0.8872180451127819 0.05166666666666667 0.22055137844611528
3 0.2733333333333334 0.6428571428571428 0.060000000000000005 0.05764411027568922
3 0.3191666666666667 0.6453634085213033 0.045000000000000005 0.03759398496240601
3 0.6383333333333334 0.6303258145363408 0.03666666666666667 0.047619047619047616
3 0.6741666666666667 0.6290726817042607 0.028333333333333335 0.06015037593984962
3 0.8175 0.6215538847117794 0.03833333333333334 0.05012531328320802
