0 0.9008333333333334 0.6012500000000001 0.11833333333333335 0.4325
0 0.8175 0.55125 0.05166666666666667 0.1975
0 0.8566666666666667 0.55625 0.05 0.1825
0 0.8441666666666667 0.5437500000000001 0.045000000000000005 0.17250000000000001
0 0.7616666666666667 0.51875 0.04 0.1525
0 0.07666666666666667 0.585 0.060000000000000005 0.22
0 0.12833333333333335 0.5675 0.05333333333333334 0.2
0 0.04 0.6225 0.04666666666666667 0.17500000000000002
0 0.16 0.62375 0.06333333333333334 0.2325
0 0.10666666666666667 0.56 0.03333333333333333 0.12
0 0.2316666666666667 0.58 0.04 0.155
0 0.22 0.56875 0.04 0.1475
0 0.24166666666666667 0.54625 0.043333333333333335 0.1625
0 0.26083333333333336 0.6175 0.045000000000000005 0.165
0 0.29500000000000004 0.56625 0.03666666666666667 0.1325
0 0.3225 0.55125 0.028333333333333335 0.10250000000000001
0 0.3458333333333334 0.5700000000000001 0.045000000000000005 0.165
0 0.3975 0.5575 0.04166666666666667 0.16
0 0.4241666666666667 0.56 0.03166666666666667 0.12
0 0.4591666666666667 0.5437500000000001 0.03166666666666667 0.1225
4 0.535 0.51125 0.19 0.0825
