0 0.4173913043478261 0.6553398058252426 0.20869565217391306 0.6854368932038835
0 0.03768115942028986 0.3883495145631068 0.07536231884057971 0.3029126213592233
0 0.0746376811594203 0.39126213592233006 0.10289855072463769 0.3359223300970874
0 0.13695652173913045 0.4048543689320388 0.08260869565217391 0.26990291262135924
0 0.17971014492753623 0.3990291262135922 0.08115942028985507 0.26990291262135924
0 0.22681159420289856 0.4029126213592233 0.07971014492753624 0.2621359223300971
0 0.2644927536231884 0.37281553398058254 0.07101449275362319 0.23689320388349513
0 0.3108695652173913 0.3961165048543689 0.07391304347826087 0.24854368932038834
0 0.34420289855072467 0.3737864077669903 0.05652173913043478 0.18446601941747573
0 0.5021739130434782 0.3553398058252427 0.0536231884057971 0.1825242718446602
0 0.47898550724637684 0.34563106796116505 0.042028985507246375 0.13980582524271845
0 0.532608695652174 0.33883495145631065 0.036231884057971016 0.12233009708737863
0 0.5673913043478261 0.32815533980582523 0.02753623188405797 0.0970873786407767
0 0.6355072463768116 0.3271844660194175 0.02463768115942029 0.08737864077669903
0 0.6528985507246376 0.3252427184466019 0.02753623188405797 0.09514563106796116
0 0.682608695652174 0.31359223300970873 0.017391304347826087 0.06019417475728155
0 0.7152173913043478 0.32233009708737864 0.021739130434782608 0.07766990291262135
0 0.7304347826086957 0.3213592233009709 0.017391304347826087 0.06407766990291262
0 0.8282608695652174 0.31165048543689317 0.01884057971014493 0.06407766990291262
0 0.9231884057971015 0.31359223300970873 0.011594202898550725 0.04466019417475728
2 0.5594202898550724 0.3611650485436893 0.028985507246376812 0.05436893203883495
2 0.586231884057971 0.35631067961165047 0.030434782608695653 0.05242718446601941
2 0.6152173913043478 0.35145631067961164 0.021739130434782608 0.04660194174757282
2 0.631159420289855 0.34951456310679613 0.02753623188405797 0.04660194174757282
2 0.3652173913043478 0.28640776699029125 0.02318840579710145 0.06407766990291262
2 0.3847826086956522 0.2854368932038835 0.01884057971014493 0.031067961165048542
2 0.43695652173913047 0.29320388349514565 0.03333333333333333 0.05436893203883495
2 0.41594202898550725 0.28834951456310676 0.017391304347826087 0.033009708737864074
2 0.3992753623188406 0.29708737864077667 0.021739130434782608 0.05048543689320388
2 0.2036231884057971 0.28932038834951457 0.02753623188405797 0.05436893203883495
2 0.15217391304347827 0.28932038834951457 0.04057971014492753 0.062135922330097085
2 0.11594202898550725 0.2563106796116505 0.03188405797101449 0.038834951456310676
2 0.042028985507246375 0.25728155339805825 0.03188405797101449 0.040776699029126215
2 0.28695652173913044 0.27766990291262134 0.020289855072463767 0.05436893203883495
2 0.24057971014492754 0.270873786407767 0.03188405797101449 0.04854368932038835
2 0.3289855072463768 0.27766990291262134 0.014492753623188406 0.03495145631067961
2 0.7028985507246377 0.34563106796116505 0.03768115942028986 0.04271844660194175
2 0.868840579710145 0.312621359223301 0.01884057971014493 0.019417475728155338
