0 0.34444444444444444 0.5977443609022556 0.16444444444444445 0.6766917293233082
0 0.6944444444444444 0.6071428571428571 0.14444444444444443 0.5977443609022556
0 0.5655555555555556 0.5432330827067668 0.10888888888888888 0.46240601503759393
0 0.4922222222222222 0.5112781954887218 0.1 0.41353383458646614
0 0.2577777777777778 0.5545112781954887 0.12 0.5075187969924811
0 0.2 0.518796992481203 0.09777777777777778 0.41353383458646614
0 0.1622222222222222 0.49624060150375937 0.08888888888888889 0.37593984962406013
0 0.13777777777777778 0.47368421052631576 0.08444444444444445 0.3533834586466165
0 0.09777777777777778 0.39849624060150374 0.05333333333333333 0.21804511278195488
0 0.43333333333333335 0.5 0.08888888888888889 0.37593984962406013
0 0.6511111111111111 0.4849624060150376 0.07555555555555556 0.3082706766917293
0 0.8544444444444445 0.5639097744360901 0.13111111111111112 0.5413533834586466
2 0.028888888888888888 0.45112781954887216 0.035555555555555556 0.18796992481203006
2 0.03777777777777778 0.3533834586466165 0.03111111111111111 0.12030075187969924
2 0.17333333333333334 0.2725563909774436 0.035555555555555556 0.07894736842105263
2 0.38666666666666666 0.3590225563909774 0.04 0.07894736842105263
2 0.5955555555555555 0.3665413533834586 0.04 0.10150375939849623
2 0.6311111111111111 0.37969924812030076 0.022222222222222223 0.05263157894736842
2 0.7388888888888889 0.3872180451127819 0.03333333333333333 0.09022556390977443
2 0.7544444444444445 0.38533834586466165 0.024444444444444446 0.07142857142857142
2 0.7788888888888889 0.39097744360902253 0.02 0.045112781954887216
2 0.8033333333333333 0.3740601503759398 0.024444444444444446 0.07894736842105263
2 0.78 0.5 0.044444444444444446 0.17293233082706766
2 0.9044444444444445 0.3890977443609022 0.04888888888888889 0.10150375939849623
2 0.9477777777777778 0.41165413533834583 0.042222222222222223 0.10150375939849623
2 0.45555555555555555 0.3721804511278195 0.035555555555555556 0.06766917293233082
