0 0.9076163610719323 0.6342685370741482 0.07757404795486601 0.27054108216432865
0 0.8540197461212976 0.6513026052104208 0.09732016925246827 0.34068136272545085
0 0.8039492242595204 0.6402805611222444 0.08180535966149506 0.282565130260521
0 0.7503526093088857 0.6492985971943888 0.08180535966149506 0.28456913827655306
0 0.693935119887165 0.6462925851703406 0.0846262341325811 0.2985971943887775
0 0.6389280677009873 0.6452905811623246 0.08180535966149506 0.2885771543086172
0 0.5811001410437235 0.6513026052104208 0.08180535966149506 0.2885771543086172
0 0.5190409026798307 0.6513026052104208 0.0846262341325811 0.29659318637274545
0 0.45839210155148097 0.6543086172344689 0.08744710860366714 0.3106212424849699
0 0.39562764456981664 0.6523046092184368 0.09167842031029619 0.3226452905811623
0 0.32722143864598024 0.6513026052104208 0.09590973201692525 0.33266533066132264
0 0.26022566995768687 0.6533066132264529 0.1001410437235543 0.3486973947895791
0 0.19322990126939352 0.6763527054108216 0.11001410437235543 0.38276553106212424
0 0.15444287729196052 0.6703406813627254 0.10860366713681241 0.3787575150300601
0 0.12482369534555712 0.6683366733466933 0.1001410437235543 0.3547094188376753
