0 0.7875000000000001 0.6468842729970327 0.058333333333333334 0.26112759643916916
0 0.7425 0.6468842729970327 0.06166666666666667 0.26706231454005935
0 0.4683333333333334 0.38130563798219586 0.013333333333333334 0.06824925816023739
0 0.525 0.38724035608308605 0.016666666666666666 0.08011869436201781
0 0.09416666666666668 0.56973293768546 0.025 0.10682492581602374
0 0.07833333333333334 0.556379821958457 0.02 0.08605341246290801
0 0.13416666666666668 0.5652818991097923 0.021666666666666667 0.09198813056379822
0 0.14750000000000002 0.5756676557863502 0.025 0.11275964391691395
0 0.0275 0.5667655786350149 0.021666666666666667 0.10089020771513353
0 0.020833333333333336 0.56973293768546 0.021666666666666667 0.09495548961424333
0 0.17083333333333334 0.6261127596439169 0.06833333333333334 0.3026706231454006
0 0.21833333333333335 0.6186943620178041 0.06666666666666667 0.2997032640949555
0 0.25916666666666666 0.6172106824925816 0.065 0.29080118694362017
0 0.2783333333333334 0.6275964391691395 0.06333333333333334 0.2759643916913947
0 0.33 0.6275964391691395 0.060000000000000005 0.27002967359050445
0 0.3816666666666667 0.6335311572700297 0.06333333333333334 0.2818991097922849
0 0.43833333333333335 0.6409495548961425 0.07 0.3086053412462908
0 0.48250000000000004 0.6468842729970327 0.06166666666666667 0.2789317507418398
0 0.5225000000000001 0.6483679525222552 0.06166666666666667 0.27002967359050445
0 0.5533333333333333 0.6483679525222552 0.060000000000000005 0.25816023738872407
0 0.5916666666666667 0.6379821958456974 0.060000000000000005 0.26706231454005935
0 0.6408333333333334 0.6350148367952523 0.06166666666666667 0.26706231454005935
0 0.7008333333333334 0.6350148367952523 0.058333333333333334 0.26112759643916916
0 0.6691666666666667 0.6394658753709199 0.058333333333333334 0.26409495548961426
2 0.01 0.5296735905044511 0.013333333333333334 0.03857566765578635
2 0.03416666666666667 0.526706231454006 0.011666666666666667 0.032640949554896145
2 0.195 0.701780415430267 0.043333333333333335 0.18694362017804156
2 0.23833333333333334 0.7032640949554897 0.043333333333333335 0.19584569732937687
2 0.2841666666666667 0.7002967359050445 0.04833333333333334 0.19584569732937687
2 0.33916666666666667 0.6958456973293768 0.05166666666666667 0.22255192878338279
2 0.3091666666666667 0.5192878338278932 0.035 0.0712166172106825
2 0.3616666666666667 0.5222551928783383 0.02666666666666667 0.0712166172106825
2 0.38083333333333336 0.6305637982195846 0.028333333333333335 0.05637982195845698
2 0.43000000000000005 0.6305637982195846 0.043333333333333335 0.0741839762611276
2 0.4116666666666667 0.5296735905044511 0.02666666666666667 0.08011869436201781
2 0.46416666666666667 0.5252225519287834 0.028333333333333335 0.0712166172106825
2 0.5041666666666667 0.5237388724035609 0.025 0.06231454005934718
2 0.54 0.5311572700296736 0.02 0.06528189910979229
2 0.5708333333333334 0.5296735905044511 0.021666666666666667 0.050445103857566766
2 0.6141666666666667 0.5326409495548962 0.025 0.050445103857566766
2 0.6316666666666667 0.712166172106825 0.03666666666666667 0.18397626112759644
2 0.6008333333333333 0.7091988130563799 0.03166666666666667 0.17804154302670624
2 0.5641666666666667 0.6439169139465876 0.03166666666666667 0.04747774480712166
2 0.525 0.6394658753709199 0.04 0.050445103857566766
2 0.4783333333333334 0.6364985163204748 0.04666666666666667 0.06824925816023739
2 0.6741666666666667 0.7136498516320475 0.04166666666666667 0.19287833827893175
2 0.7216666666666667 0.7166172106824926 0.05 0.19287833827893175
2 0.10083333333333334 0.15727002967359052 0.015000000000000001 0.03560830860534125
2 0.18416666666666667 0.16023738872403562 0.018333333333333333 0.03560830860534125
2 0.22 0.1632047477744807 0.016666666666666666 0.03560830860534125
2 0.24166666666666667 0.1632047477744807 0.013333333333333334 0.03560830860534125
2 0.405 0.1795252225519288 0.016666666666666666 0.03857566765578635
2 0.47250000000000003 0.18397626112759644 0.011666666666666667 0.04747774480712166
4 0.7825000000000001 0.3827893175074184 0.38833333333333336 0.16617210682492584
