0 0.378 0.7722419928825622 0.076 0.3416370106761566
0 0.418 0.6263345195729537 0.048 0.22064056939501778
0 0.624 0.7473309608540925 0.07200000000000001 0.32028469750889677
0 0.645 0.6156583629893239 0.058 0.24911032028469748
0 0.728 0.599644128113879 0.052000000000000005 0.2384341637010676
0 0.854 0.5960854092526691 0.052000000000000005 0.23131672597864766
0 0.9500000000000001 0.48576512455516013 0.04 0.18149466192170818
0 0.915 0.4822064056939502 0.038 0.17437722419928825
0 0.891 0.4768683274021352 0.038 0.16370106761565836
0 0.847 0.47153024911032027 0.034 0.15302491103202845
0 0.8200000000000001 0.4768683274021352 0.032 0.1494661921708185
0 0.8 0.4697508896797153 0.036000000000000004 0.15658362989323843
0 0.779 0.47153024911032027 0.03 0.1387900355871886
0 0.753 0.47330960854092524 0.022 0.10676156583629892
0 0.552 0.46441281138790036 0.036000000000000004 0.16014234875444838
0 0.383 0.44128113879003555 0.03 0.13523131672597863
0 0.37 0.4466192170818505 0.028 0.12455516014234874
0 0.359 0.4395017793594306 0.026000000000000002 0.12455516014234874
0 0.67 0.46619217081850534 0.032 0.1494661921708185
0 0.629 0.5231316725978647 0.042 0.18505338078291814
0 0.58 0.398576512455516 0.024 0.11387900355871886
0 0.559 0.39501779359430605 0.022 0.099644128113879
0 0.438 0.4270462633451957 0.024 0.10676156583629892
2 0.751 0.5320284697508897 0.018000000000000002 0.07473309608540925
2 0.778 0.5320284697508897 0.028 0.06761565836298931
2 0.801 0.5391459074733096 0.03 0.08185053380782918
2 0.8270000000000001 0.5462633451957295 0.026000000000000002 0.06761565836298931
2 0.895 0.5498220640569395 0.042 0.09608540925266904
2 0.964 0.5640569395017794 0.048 0.11032028469750889
2 0.456 0.4448398576512455 0.028 0.05693950177935943
2 0.38 0.5017793594306049 0.032 0.06405693950177936
2 0.429 0.49644128113879 0.034 0.08185053380782918
4 0.17400000000000002 0.42348754448398573 0.336 0.1708185053380783
4 0.293 0.3274021352313167 0.41400000000000003 0.099644128113879
4 0.755 0.3185053380782918 0.47800000000000004 0.16014234875444838
