0 0.028061224489795922 0.49615384615384617 0.056122448979591844 0.2353846153846154
0 0.0642857142857143 0.48846153846153845 0.0489795918367347 0.18307692307692308
0 0.09540816326530613 0.5015384615384615 0.07448979591836735 0.27692307692307694
0 0.16836734693877553 0.49 0.04489795918367347 0.1646153846153846
0 0.15204081632653063 0.49 0.04081632653061225 0.1523076923076923
0 0.24540816326530615 0.4846153846153846 0.0826530612244898 0.3076923076923077
0 0.3438775510204082 0.4869230769230769 0.05714285714285715 0.21384615384615385
0 0.31836734693877555 0.48307692307692307 0.03877551020408164 0.14769230769230768
0 0.35867346938775513 0.49 0.039795918367346944 0.14615384615384616
0 0.40102040816326534 0.5053846153846154 0.07755102040816328 0.2907692307692308
0 0.46326530612244904 0.4823076923076923 0.04285714285714286 0.15846153846153846
0 0.514795918367347 0.5138461538461538 0.23163265306122452 0.8523076923076923
0 0.626530612244898 0.49153846153846154 0.11224489795918369 0.4169230769230769
0 0.7107142857142857 0.49153846153846154 0.05 0.18615384615384614
0 0.7775510204081634 0.4869230769230769 0.06122448979591837 0.22923076923076924
0 0.8091836734693878 0.48384615384615387 0.0489795918367347 0.18
0 0.8719387755102042 0.4969230769230769 0.12959183673469388 0.48
0 0.9500000000000001 0.48307692307692307 0.06938775510204082 0.2553846153846154
3 0.1403061224489796 0.6553846153846153 0.08673469387755103 0.13230769230769232
3 0.9811224489795919 0.37 0.01938775510204082 0.038461538461538464
