0 0.10333333333333335 0.7863849765258216 0.06666666666666667 0.23004694835680753
0 0.26 0.784037558685446 0.08 0.27230046948356806
0 0.30333333333333334 0.755868544600939 0.06666666666666667 0.2347417840375587
0 0.39333333333333337 0.7863849765258216 0.060000000000000005 0.2112676056338028
0 0.46166666666666667 0.8732394366197184 0.05666666666666667 0.1971830985915493
0 0.49500000000000005 0.7230046948356808 0.06333333333333334 0.22535211267605634
0 0.5483333333333333 0.7206572769953051 0.07 0.23943661971830987
0 0.635 0.7464788732394366 0.06333333333333334 0.215962441314554
0 0.6933333333333334 0.6971830985915494 0.060000000000000005 0.20187793427230047
0 0.6466666666666667 0.8708920187793427 0.06666666666666667 0.23004694835680753
0 0.8616666666666667 0.755868544600939 0.06333333333333334 0.215962441314554
0 0.325 0.20187793427230047 0.05 0.1784037558685446
0 0.29500000000000004 0.19248826291079812 0.05 0.1784037558685446
0 0.315 0.10328638497652583 0.05666666666666667 0.20657276995305165
2 0.17 0.12441314553990611 0.05333333333333334 0.07042253521126761
2 0.018333333333333333 0.6666666666666666 0.03666666666666667 0.10328638497652583
2 0.3166666666666667 0.27699530516431925 0.07333333333333333 0.11267605633802817
2 0.5800000000000001 0.2112676056338028 0.060000000000000005 0.1596244131455399
2 0.79 0.20422535211267606 0.07333333333333333 0.1643192488262911
