0 0.09148936170212767 0.5388978930307942 0.18297872340425533 0.7212317666126418
0 0.24468085106382978 0.5753646677471637 0.2148936170212766 0.7974068071312803
0 0.3196808510638298 0.39870340356564016 0.14148936170212767 0.5316045380875203
0 0.5414893617021277 0.6247974068071313 0.19361702127659575 0.7179902755267422
0 0.5712765957446808 0.48217179902755264 0.17446808510638298 0.653160453808752
0 0.6186170212765958 0.3703403565640194 0.14361702127659576 0.53322528363047
0 0.7026595744680851 0.3103727714748784 0.11382978723404255 0.42625607779578606
0 0.8632978723404255 0.5575364667747164 0.1946808510638298 0.7260940032414911
0 0.9372340425531915 0.4076175040518638 0.12340425531914893 0.5364667747163695
0 0.4877659574468085 0.4764991896272285 0.15425531914893617 0.5769854132901134
2 0.23138297872340427 0.14100486223662884 0.06914893617021277 0.08752025931928686
2 0.05851063829787234 0.08346839546191248 0.07021276595744681 0.09886547811993517
2 0.9 0.1272285251215559 0.059574468085106386 0.09238249594813613
