0 0.20285714285714285 0.6800766283524904 0.07428571428571429 0.24521072796934865
0 0.22714285714285715 0.6312260536398467 0.09714285714285714 0.3160919540229885
0 0.26071428571428573 0.6599616858237548 0.09 0.29310344827586204
0 0.31785714285714284 0.6551724137931034 0.09285714285714286 0.30268199233716475
0 0.3585714285714286 0.6398467432950191 0.09142857142857143 0.29885057471264365
0 0.4085714285714286 0.6704980842911877 0.08 0.26436781609195403
0 0.4735714285714286 0.6542145593869731 0.08428571428571428 0.28160919540229884
0 0.41785714285714287 0.64272030651341 0.09 0.29310344827586204
0 0.5135714285714286 0.64272030651341 0.09 0.3007662835249042
0 0.5892857142857143 0.6494252873563218 0.09285714285714286 0.3065134099616858
0 0.6564285714285715 0.636015325670498 0.09857142857142857 0.32567049808429116
0 0.7178571428571429 0.6446360153256705 0.09571428571428571 0.3122605363984674
0 0.7885714285714286 0.6350574712643677 0.09714285714285714 0.31992337164750956
0 0.8528571428571429 0.6302681992337165 0.1 0.32950191570881227
0 0.9171428571428571 0.64272030651341 0.09714285714285714 0.3160919540229885
0 0.9571428571428572 0.6245210727969348 0.08285714285714285 0.318007662835249
2 0.8842857142857142 0.5076628352490421 0.03428571428571429 0.08429118773946359
2 0.7778571428571428 0.450191570881226 0.03571428571428571 0.042145593869731796
2 0.7142857142857143 0.45881226053639845 0.037142857142857144 0.044061302681992334
2 0.5885714285714285 0.47605363984674326 0.025714285714285714 0.036398467432950186
2 0.5092857142857142 0.475095785440613 0.032857142857142856 0.042145593869731796
2 0.4807142857142857 0.4741379310344827 0.03571428571428571 0.044061302681992334
2 0.3514285714285714 0.4789272030651341 0.02857142857142857 0.03065134099616858
2 0.28 0.49137931034482757 0.037142857142857144 0.06704980842911877
2 0.20285714285714285 0.4578544061302682 0.03428571428571429 0.053639846743295014
2 0.7892857142857143 0.5632183908045977 0.06428571428571428 0.14559386973180075
2 0.6142857142857143 0.5019157088122606 0.02857142857142857 0.053639846743295014
