0 0.12070312500000001 0.7885416666666667 0.05078125 0.16458333333333333
0 0.15156250000000002 0.7854166666666667 0.0546875 0.17916666666666667
0 0.18906250000000002 0.7885416666666667 0.051562500000000004 0.16666666666666666
0 0.226953125 0.7833333333333333 0.05390625 0.17916666666666667
0 0.260546875 0.7864583333333334 0.05234375 0.17291666666666666
0 0.29531250000000003 0.7895833333333333 0.053125000000000006 0.175
0 0.33242187500000003 0.7854166666666667 0.05859375 0.18958333333333333
0 0.362109375 0.7901041666666666 0.05390625 0.178125
0 0.389453125 0.7776041666666667 0.057031250000000006 0.18854166666666666
0 0.40625 0.7869791666666667 0.0578125 0.18854166666666666
0 0.44296875 0.7880208333333333 0.05625 0.184375
0 0.48203125 0.7880208333333333 0.05625 0.184375
0 0.51484375 0.7828125 0.059375000000000004 0.19270833333333334
0 0.548828125 0.7864583333333334 0.05859375 0.19166666666666665
0 0.583984375 0.7869791666666667 0.06015625 0.196875
0 0.6273437500000001 0.7994791666666666 0.0546875 0.178125
0 0.6566406250000001 0.7953125 0.05859375 0.19270833333333334
0 0.68671875 0.7890625 0.0625 0.20520833333333333
0 0.7269531250000001 0.8020833333333334 0.05859375 0.19166666666666665
0 0.7484375000000001 0.7895833333333333 0.0484375 0.15833333333333333
2 0.009375000000000001 0.8229166666666666 0.0125 0.05
2 0.040234375 0.8229166666666666 0.02109375 0.04583333333333333
2 0.065625 0.821875 0.018750000000000003 0.041666666666666664
2 0.08984375 0.8156249999999999 0.0203125 0.0375
2 0.20859375000000002 0.7083333333333334 0.018750000000000003 0.035416666666666666
2 0.18085937500000002 0.7208333333333333 0.013281250000000001 0.025
2 0.32343750000000004 0.7177083333333333 0.0171875 0.035416666666666666
2 0.5703125 0.7072916666666667 0.0171875 0.035416666666666666
