0 0.973 0.5823170731707318 0.05 0.20731707317073172
0 0.868 0.6234756097560976 0.08 0.3018292682926829
0 0.811 0.6265243902439025 0.074 0.2835365853658537
0 0.771 0.6128048780487805 0.08600000000000001 0.3231707317073171
0 0.674 0.5731707317073171 0.064 0.24390243902439024
0 0.022 0.5792682926829269 0.044 0.20731707317073172
0 0.171 0.5655487804878049 0.066 0.24695121951219512
0 0.189 0.6021341463414634 0.082 0.31402439024390244
0 0.312 0.6783536585365854 0.076 0.28963414634146345
0 0.41300000000000003 0.5975609756097561 0.08600000000000001 0.3170731707317073
0 0.483 0.5945121951219512 0.078 0.29878048780487804
0 0.521 0.6524390243902439 0.07 0.2621951219512195
0 0.625 0.6036585365853658 0.066 0.24390243902439024
2 0.313 0.5076219512195123 0.042 0.0701219512195122
3 0.036000000000000004 0.8201219512195123 0.064 0.25609756097560976
3 0.10200000000000001 0.8719512195121951 0.07200000000000001 0.25
3 0.196 0.8780487804878049 0.07200000000000001 0.2378048780487805
3 0.417 0.888719512195122 0.05 0.21646341463414634
3 0.873 0.8841463414634146 0.078 0.21951219512195122
3 0.812 0.8826219512195123 0.07200000000000001 0.21646341463414634
3 0.528 0.8856707317073171 0.076 0.2103658536585366
3 0.483 0.8734756097560976 0.062 0.23475609756097562
