0 0.88875 0.6578947368421052 0.1275 0.46616541353383456
0 0.74625 0.5526315789473684 0.0475 0.17293233082706766
0 0.6825 0.5357142857142857 0.04 0.15413533834586465
0 0.70875 0.5432330827067668 0.0375 0.13909774436090225
0 0.57375 0.5921052631578947 0.0725 0.2744360902255639
0 0.48625 0.6409774436090225 0.1325 0.4849624060150376
0 0.395 0.5845864661654135 0.075 0.2744360902255639
0 0.35000000000000003 0.5676691729323308 0.065 0.24060150375939848
0 0.36875 0.5357142857142857 0.0425 0.16917293233082706
0 0.26625 0.5488721804511278 0.0525 0.19548872180451127
0 0.18 0.6390977443609023 0.115 0.42105263157894735
0 0.12375 0.5864661654135338 0.08750000000000001 0.3308270676691729
0 0.22625 0.5169172932330827 0.0275 0.10150375939849623
0 0.42625 0.537593984962406 0.0375 0.13533834586466165
2 0.465 0.4755639097744361 0.03 0.04887218045112782
2 0.62875 0.5093984962406015 0.0325 0.07142857142857142
