0 0.4516666666666667 0.4808673469387755 0.09666666666666668 0.3647959183673469
2 0.8391666666666667 0.774234693877551 0.3116666666666667 0.44132653061224486
2 0.5525 0.7487244897959183 0.21833333333333335 0.4974489795918367
2 0.3458333333333334 0.7436224489795917 0.15833333333333335 0.5025510204081632
2 0.2041666666666667 0.7372448979591836 0.13166666666666668 0.5102040816326531
2 0.10333333333333335 0.5012755102040816 0.060000000000000005 0.15561224489795916
2 0.9616666666666668 0.47704081632653056 0.060000000000000005 0.20918367346938774
2 0.9025000000000001 0.45663265306122447 0.055 0.2193877551020408
2 0.8550000000000001 0.4464285714285714 0.060000000000000005 0.2193877551020408
2 0.795 0.4387755102040816 0.06333333333333334 0.22959183673469385
2 0.7475 0.44132653061224486 0.055 0.2040816326530612
2 0.6991666666666667 0.4451530612244898 0.045000000000000005 0.18112244897959182
2 0.6533333333333333 0.41581632653061223 0.05666666666666667 0.19897959183673466
2 0.6091666666666667 0.4196428571428571 0.058333333333333334 0.211734693877551
2 0.5675 0.4464285714285714 0.055 0.16326530612244897
2 0.5233333333333333 0.4336734693877551 0.05333333333333334 0.15816326530612243
2 0.3916666666666667 0.4502551020408163 0.05333333333333334 0.1913265306122449
2 0.3441666666666667 0.45153061224489793 0.05166666666666667 0.18877551020408162
2 0.2916666666666667 0.4464285714285714 0.05 0.17857142857142855
2 0.24583333333333335 0.4426020408163265 0.05166666666666667 0.16581632653061223
2 0.21833333333333335 0.4540816326530612 0.06666666666666667 0.16326530612244897
