0 0.0625 0.5043478260869565 0.125 0.6434782608695653
0 0.1277777777777778 0.5239130434782608 0.16111111111111112 0.6304347826086957
0 0.2 0.5369565217391304 0.16666666666666669 0.6391304347826087
0 0.28611111111111115 0.5478260869565218 0.17222222222222222 0.6608695652173913
0 0.37777777777777777 0.5673913043478261 0.17222222222222222 0.6739130434782609
0 0.48333333333333334 0.5391304347826087 0.19444444444444445 0.7565217391304347
0 0.5875 0.5413043478260869 0.2138888888888889 0.8130434782608695
0 0.6708333333333334 0.5978260869565217 0.19166666666666668 0.7434782608695653
0 0.8055555555555556 0.5826086956521739 0.2111111111111111 0.8173913043478261
0 0.9180555555555556 0.5695652173913044 0.15833333333333333 0.8434782608695652
