0 0.03763157894736842 0.7624209575429087 0.07526315789473684 0.4227642276422764
0 0.10105263157894737 0.7583559168925023 0.10105263157894737 0.4254742547425474
0 0.1663157894736842 0.7719060523938572 0.09052631578947368 0.3803071364046974
0 0.22657894736842105 0.7538392050587173 0.09842105263157895 0.4146341463414634
0 0.29105263157894734 0.7682926829268293 0.09578947368421052 0.4019873532068654
0 0.36289473684210527 0.7588075880758808 0.0963157894736842 0.40469738030713637
0 0.44026315789473686 0.7511291779584462 0.10157894736842105 0.4254742547425474
0 0.5189473684210526 0.7579042457091237 0.0968421052631579 0.40831074977416437
0 0.5842105263157895 0.7682926829268293 0.08842105263157894 0.36946702800361336
0 0.6394736842105263 0.7520325203252032 0.09263157894736843 0.38934056007226736
0 0.7021052631578947 0.7633242999096658 0.08736842105263158 0.3685636856368564
0 0.768157894736842 0.7601626016260162 0.08789473684210526 0.36766034327009933
0 0.8228947368421052 0.7479674796747967 0.08789473684210526 0.37037037037037035
0 0.8907894736842105 0.7457091237579042 0.08578947368421053 0.3604336043360433
0 0.9544736842105263 0.7660343270099368 0.08052631578947368 0.33965672990063234
