0 0.523 0.6497326203208555 0.122 0.3957219251336898
0 0.404 0.5949197860962566 0.108 0.3609625668449198
0 0.443 0.606951871657754 0.082 0.267379679144385
0 0.337 0.6042780748663101 0.08600000000000001 0.2834224598930481
0 0.561 0.5227272727272727 0.038 0.13101604278074866
0 0.596 0.5294117647058824 0.028 0.1016042780748663
0 0.578 0.516042780748663 0.032 0.10695187165775401
0 0.612 0.5213903743315508 0.028 0.1016042780748663
0 0.631 0.5187165775401069 0.03 0.1016042780748663
0 0.657 0.516042780748663 0.03 0.10695187165775401
0 0.681 0.517379679144385 0.03 0.09893048128342245
0 0.884 0.4866310160427807 0.02 0.0748663101604278
0 0.896 0.4839572192513369 0.02 0.06951871657754011
0 0.913 0.48128342245989303 0.022 0.08021390374331551
0 0.927 0.48128342245989303 0.022 0.08021390374331551
0 0.9390000000000001 0.48262032085561496 0.022 0.07219251336898395
4 0.417 0.3957219251336898 0.8220000000000001 0.1336898395721925
4 0.907 0.410427807486631 0.17400000000000002 0.07754010695187165
