0 0.08671875000000001 0.75 0.1203125 0.4433962264150943
0 0.18203125 0.8101415094339622 0.09531250000000001 0.35141509433962265
0 0.26015625000000003 0.7216981132075472 0.1078125 0.3962264150943396
0 0.56796875 0.6686320754716981 0.09843750000000001 0.37028301886792453
0 0.6960937500000001 0.5660377358490566 0.0546875 0.20754716981132074
0 0.7609375 0.5849056603773585 0.05625 0.2122641509433962
0 0.8265625000000001 0.570754716981132 0.053125000000000006 0.19339622641509432
0 0.8609375 0.5908018867924528 0.0625 0.22877358490566038
0 0.8812500000000001 0.5860849056603773 0.065625 0.2429245283018868
0 0.96640625 0.5683962264150944 0.0546875 0.20754716981132074
0 0.6671875 0.5424528301886792 0.043750000000000004 0.16981132075471697
0 0.6453125000000001 0.47877358490566035 0.053125000000000006 0.1981132075471698
0 0.17890625000000002 0.6391509433962264 0.060937500000000006 0.23113207547169812
0 0.7117187500000001 0.5719339622641509 0.0484375 0.18632075471698112
0 0.6234375000000001 0.49292452830188677 0.043750000000000004 0.16037735849056603
0 0.6078125000000001 0.46462264150943394 0.040625 0.1509433962264151
0 0.58828125 0.4445754716981132 0.045312500000000006 0.16745283018867924
0 0.5546875 0.44221698113207547 0.037500000000000006 0.1391509433962264
0 0.5078125 0.4257075471698113 0.037500000000000006 0.1391509433962264
0 0.52734375 0.4375 0.0328125 0.12971698113207547
0 0.453125 0.4080188679245283 0.040625 0.1509433962264151
0 0.47578125000000004 0.4150943396226415 0.0390625 0.14150943396226415
0 0.41171875 0.39858490566037735 0.0390625 0.14150943396226415
0 0.39687500000000003 0.3856132075471698 0.040625 0.15330188679245282
0 0.33906250000000004 0.3643867924528302 0.040625 0.14858490566037735
2 0.12578125 0.6367924528301887 0.0328125 0.09433962264150943
