0 0.20750000000000002 0.7142857142857143 0.16 0.5642857142857143
0 0.38375000000000004 0.6035714285714285 0.0425 0.15
0 0.545 0.5910714285714286 0.03 0.10357142857142856
0 0.56125 0.6696428571428571 0.0725 0.25357142857142856
0 0.6175 0.6 0.03 0.10714285714285714
0 0.65125 0.6357142857142857 0.0425 0.15714285714285714
0 0.68625 0.6696428571428571 0.08750000000000001 0.30357142857142855
0 0.72875 0.6410714285714285 0.0475 0.16785714285714284
0 0.75625 0.6321428571428571 0.0375 0.14285714285714285
0 0.775 0.6232142857142857 0.035 0.13214285714285715
0 0.7887500000000001 0.6214285714285714 0.0375 0.12857142857142856
0 0.81875 0.6553571428571429 0.0425 0.1607142857142857
0 0.82875 0.6357142857142857 0.0425 0.15
0 0.83875 0.6303571428571428 0.0375 0.1392857142857143
0 0.8525 0.6196428571428572 0.035 0.125
0 0.865 0.6142857142857142 0.035 0.12857142857142856
2 0.46625 0.6267857142857143 0.0375 0.075
4 0.2575 0.4589285714285714 0.515 0.16785714285714284
4 0.56625 0.475 0.3925 0.19999999999999998
