0 0.06854838709677419 0.6818181818181819 0.10080645161290322 0.5123966942148761
0 0.13407258064516128 0.6590909090909091 0.10685483870967742 0.5330578512396694
0 0.2066532258064516 0.6859504132231405 0.09879032258064516 0.5041322314049587
0 0.28931451612903225 0.6942148760330579 0.0907258064516129 0.4545454545454546
0 0.3508064516129032 0.6900826446280992 0.0967741935483871 0.49586776859504134
0 0.4193548387096774 0.6880165289256198 0.10080645161290322 0.5082644628099173
0 0.5090725806451613 0.6652892561983471 0.09475806451612903 0.487603305785124
0 0.6038306451612903 0.6528925619834711 0.10282258064516128 0.5289256198347108
0 0.7036290322580645 0.6342975206611571 0.10887096774193548 0.5413223140495868
0 0.813508064516129 0.640495867768595 0.10282258064516128 0.5289256198347108
0 0.9153225806451613 0.6384297520661157 0.10483870967741934 0.5247933884297521
0 0.8417338709677419 0.5330578512396694 0.08266129032258064 0.42148760330578516
0 0.7862903225806451 0.5371900826446281 0.08064516129032258 0.4049586776859504
0 0.7258064516129032 0.5268595041322314 0.0846774193548387 0.43388429752066116
0 0.6381048387096774 0.506198347107438 0.08669354838709677 0.44214876033057854
0 0.5362903225806451 0.5433884297520661 0.08064516129032258 0.40082644628099173
0 0.4566532258064516 0.5433884297520661 0.08669354838709677 0.43388429752066116
0 0.3870967741935484 0.5495867768595042 0.0846774193548387 0.42148760330578516
0 0.313508064516129 0.5330578512396694 0.08669354838709677 0.4380165289256198
0 0.24495967741935484 0.5392561983471075 0.08266129032258064 0.41735537190082644
0 0.17943548387096775 0.5433884297520661 0.08064516129032258 0.4090909090909091
2 0.6703629032258064 0.33884297520661155 0.038306451612903226 0.1322314049586777
