0 0.0775 0.6077694235588972 0.08833333333333333 0.3283208020050125
0 0.1525 0.6140350877192982 0.07166666666666667 0.2606516290726817
0 0.18583333333333335 0.6115288220551378 0.04833333333333334 0.17543859649122806
0 0.20916666666666667 0.6152882205513784 0.03833333333333334 0.14786967418546365
0 0.2341666666666667 0.6152882205513784 0.035 0.13283208020050125
0 0.3383333333333334 0.6604010025062657 0.10333333333333335 0.38345864661654133
0 0.4241666666666667 0.6077694235588972 0.03166666666666667 0.11779448621553884
0 0.4391666666666667 0.6052631578947368 0.035 0.13283208020050125
0 0.45833333333333337 0.6052631578947368 0.043333333333333335 0.15789473684210525
0 0.5033333333333334 0.6052631578947368 0.060000000000000005 0.22807017543859648
0 0.6216666666666667 0.6240601503759398 0.2 0.7368421052631579
0 0.68 0.600250626566416 0.060000000000000005 0.21804511278195488
0 0.7033333333333334 0.6052631578947368 0.04 0.14786967418546365
0 0.8033333333333333 0.5952380952380952 0.07666666666666667 0.2882205513784461
0 0.8275 0.6077694235588972 0.05166666666666667 0.19799498746867167
0 0.8600000000000001 0.6591478696741855 0.07333333333333333 0.2756892230576441
0 0.895 0.6077694235588972 0.013333333333333334 0.05263157894736842
0 0.9125000000000001 0.6090225563909775 0.015000000000000001 0.05513784461152882
0 0.9358333333333334 0.6015037593984962 0.015000000000000001 0.06015037593984962
0 0.9733333333333334 0.5914786967418546 0.05 0.2556390977443609
3 0.8091666666666667 0.9110275689223057 0.375 0.16791979949874686
