0 0.655 0.8762626262626263 0.06333333333333334 0.2373737373737374
0 0.5666666666666667 0.7424242424242425 0.04666666666666667 0.18181818181818182
0 0.2916666666666667 0.7803030303030304 0.05 0.196969696969697
0 0.26166666666666666 0.7474747474747475 0.05 0.18181818181818182
0 0.07333333333333333 0.8686868686868687 0.060000000000000005 0.23232323232323235
0 0.33166666666666667 0.7146464646464648 0.05666666666666667 0.21717171717171718
0 0.8533333333333334 0.8535353535353536 0.05333333333333334 0.21212121212121213
0 0.88 0.7348484848484849 0.06666666666666667 0.2575757575757576
0 0.8433333333333334 0.7222222222222223 0.06666666666666667 0.24242424242424243
0 0.7883333333333333 0.6060606060606061 0.043333333333333335 0.16161616161616163
0 0.92 0.5176767676767677 0.04666666666666667 0.1767676767676768
0 0.9516666666666668 0.5530303030303031 0.043333333333333335 0.1767676767676768
0 0.9750000000000001 0.5757575757575758 0.043333333333333335 0.19191919191919193
0 0.7966666666666667 0.4318181818181819 0.04 0.15656565656565657
0 0.8216666666666668 0.42171717171717177 0.043333333333333335 0.16666666666666669
0 0.7616666666666667 0.5732323232323233 0.03666666666666667 0.13636363636363638
0 0.7166666666666667 0.5707070707070707 0.03333333333333333 0.14141414141414144
0 0.395 0.6212121212121212 0.05 0.18181818181818182
0 0.4266666666666667 0.6363636363636365 0.04666666666666667 0.17171717171717174
0 0.465 0.6414141414141414 0.043333333333333335 0.17171717171717174
0 0.4516666666666667 0.8535353535353536 0.05666666666666667 0.21212121212121213
0 0.02666666666666667 0.7954545454545455 0.05333333333333334 0.2474747474747475
0 0.14833333333333334 0.6111111111111112 0.05666666666666667 0.22222222222222224
0 0.05666666666666667 0.5050505050505051 0.04666666666666667 0.17171717171717174
0 0.115 0.7196969696969697 0.043333333333333335 0.16666666666666669
0 0.10833333333333334 0.44191919191919193 0.030000000000000002 0.11616161616161617
0 0.17666666666666667 0.5555555555555556 0.04666666666666667 0.19191919191919193
0 0.07500000000000001 0.7196969696969697 0.05 0.196969696969697
0 0.445 0.5328282828282829 0.043333333333333335 0.16666666666666669
0 0.48333333333333334 0.5404040404040404 0.04 0.16161616161616163
0 0.67 0.5909090909090909 0.04 0.16161616161616163
0 0.6533333333333333 0.5681818181818182 0.04 0.15656565656565657
2 0.5116666666666667 0.9444444444444445 0.043333333333333335 0.10101010101010102
2 0.49833333333333335 0.797979797979798 0.05 0.13131313131313133
2 0.16 0.4444444444444445 0.03333333333333333 0.07070707070707072
4 0.49833333333333335 0.2878787878787879 0.9833333333333334 0.31313131313131315
