0 0.08279914529914531 0.1298076923076923 0.04166666666666667 0.15384615384615385
0 0.1885683760683761 0.04326923076923077 0.01388888888888889 0.05448717948717949
0 0.2537393162393163 0.26282051282051283 0.09722222222222224 0.358974358974359
0 0.3183760683760684 0.1690705128205128 0.07905982905982907 0.29006410256410253
0 0.358440170940171 0.1658653846153846 0.07585470085470086 0.27724358974358976
0 0.41880341880341887 0.15224358974358973 0.061965811965811975 0.23076923076923075
0 0.39690170940170943 0.11618589743589743 0.045940170940170943 0.16826923076923075
0 0.44604700854700857 0.14423076923076922 0.054487179487179495 0.20512820512820512
0 0.46848290598290604 0.12019230769230768 0.05662393162393163 0.20833333333333331
0 0.5112179487179488 0.1482371794871795 0.07585470085470086 0.28044871794871795
0 0.5801282051282052 0.18189102564102563 0.09615384615384616 0.3573717948717949
0 0.6789529914529915 0.20753205128205127 0.10576923076923078 0.3926282051282051
0 0.8792735042735044 0.452724358974359 0.23931623931623935 0.8958333333333333
0 0.7873931623931625 0.07371794871794872 0.023504273504273508 0.08653846153846154
2 0.13034188034188035 0.18669871794871795 0.08547008547008547 0.14903846153846154
2 0.3338675213675214 0.32532051282051283 0.12713675213675216 0.17628205128205127
2 0.5427350427350428 0.46394230769230765 0.2136752136752137 0.3830128205128205
2 0.6314102564102565 0.4943910256410256 0.06623931623931624 0.34455128205128205
2 0.7131410256410257 0.40544871794871795 0.08226495726495728 0.15384615384615385
2 0.7441239316239316 0.5777243589743589 0.24893162393162396 0.2676282051282051
2 0.8146367521367522 0.8213141025641025 0.3685897435897436 0.35416666666666663
