0 0.08083333333333334 0.6541353383458646 0.12166666666666667 0.44611528822055135
0 0.14250000000000002 0.6478696741854636 0.11166666666666668 0.41854636591478694
0 0.19833333333333333 0.6478696741854636 0.11333333333333334 0.41353383458646614
0 0.2566666666666667 0.656641604010025 0.10666666666666667 0.39598997493734334
0 0.30000000000000004 0.644110275689223 0.09666666666666668 0.3558897243107769
0 0.37333333333333335 0.650375939849624 0.10333333333333335 0.37844611528822053
0 0.4316666666666667 0.6365914786967418 0.10333333333333335 0.38596491228070173
0 0.48833333333333334 0.6403508771929824 0.09666666666666668 0.3634085213032581
0 0.5625 0.6428571428571428 0.11166666666666668 0.41353383458646614
0 0.6216666666666667 0.631578947368421 0.10333333333333335 0.38596491228070173
0 0.6758333333333334 0.6478696741854636 0.10166666666666667 0.37343358395989973
0 0.7216666666666667 0.637844611528822 0.10333333333333335 0.38847117794486213
0 0.7658333333333334 0.6365914786967418 0.10500000000000001 0.38596491228070173
0 0.8558333333333333 0.6177944862155388 0.115 0.42355889724310775
0 0.9291666666666667 0.6228070175438596 0.12166666666666667 0.45363408521303256
