0 0.02 0.47733333333333333 0.04 0.23466666666666666
0 0.019 0.432 0.038 0.15466666666666667
0 0.092 0.4573333333333333 0.052000000000000005 0.16799999999999998
0 0.10400000000000001 0.5013333333333333 0.076 0.24533333333333332
0 0.192 0.488 0.06 0.20266666666666666
0 0.23 0.5186666666666666 0.07200000000000001 0.24266666666666667
0 0.278 0.5066666666666666 0.07200000000000001 0.24
0 0.301 0.4706666666666667 0.058 0.18933333333333333
0 0.34800000000000003 0.45866666666666667 0.048 0.16
0 0.387 0.48266666666666663 0.062 0.20266666666666666
0 0.41500000000000004 0.5559999999999999 0.094 0.312
0 0.47500000000000003 0.488 0.066 0.224
0 0.455 0.46799999999999997 0.05 0.16799999999999998
0 0.531 0.47333333333333333 0.062 0.19999999999999998
0 0.592 0.5346666666666666 0.084 0.27466666666666667
0 0.636 0.5866666666666667 0.10400000000000001 0.3413333333333333
0 0.622 0.5026666666666666 0.056 0.184
0 0.779 0.512 0.066 0.21866666666666665
0 0.799 0.5373333333333333 0.078 0.2533333333333333
0 0.843 0.568 0.094 0.31466666666666665
0 0.936 0.6373333333333333 0.124 0.416
0 0.716 0.4066666666666667 0.024 0.088
0 0.915 0.42266666666666663 0.026000000000000002 0.088
4 0.177 0.368 0.314 0.10133333333333333
4 0.443 0.384 0.154 0.07466666666666666
4 0.605 0.39199999999999996 0.114 0.058666666666666666
4 0.767 0.39999999999999997 0.054 0.06933333333333333
4 0.8200000000000001 0.39999999999999997 0.036000000000000004 0.08
4 0.965 0.41466666666666663 0.066 0.09333333333333332
4 0.882 0.39599999999999996 0.056 0.06133333333333333
