0 0.047656250000000004 0.6260416666666666 0.09531250000000001 0.45208333333333334
0 0.10703125000000001 0.640625 0.1328125 0.4354166666666667
0 0.19843750000000002 0.6375 0.13125 0.42916666666666664
0 0.240625 0.634375 0.125 0.41041666666666665
0 0.275 0.6614583333333334 0.125 0.41041666666666665
0 0.37031250000000004 0.6489583333333333 0.134375 0.4354166666666667
0 0.4609375 0.6364583333333333 0.134375 0.4395833333333333
0 0.5171875 0.628125 0.140625 0.46041666666666664
0 0.5945312500000001 0.6208333333333333 0.1453125 0.4708333333333333
0 0.671875 0.6385416666666667 0.13125 0.43124999999999997
0 0.74765625 0.6385416666666667 0.13593750000000002 0.44375
0 0.8226562500000001 0.6364583333333333 0.1421875 0.46041666666666664
0 0.9226562500000001 0.625 0.15156250000000002 0.5041666666666667
2 0.309375 0.4666666666666667 0.040625 0.1
2 0.34609375000000003 0.46041666666666664 0.0328125 0.07083333333333333
2 0.43515625 0.44166666666666665 0.0484375 0.1
2 0.53671875 0.45208333333333334 0.029687500000000002 0.07083333333333333
