0 0.687 0.6174698795180723 0.19 0.6987951807228916
0 0.045 0.6099397590361446 0.09 0.4668674698795181
0 0.146 0.4924698795180723 0.092 0.34638554216867473
0 0.277 0.6144578313253012 0.134 0.49397590361445787
0 0.221 0.6024096385542169 0.09 0.3373493975903615
0 0.335 0.4924698795180723 0.062 0.23192771084337352
0 0.379 0.5045180722891567 0.074 0.2740963855421687
0 0.462 0.569277108433735 0.084 0.31927710843373497
0 0.577 0.6054216867469879 0.106 0.391566265060241
0 0.793 0.5768072289156627 0.106 0.39457831325301207
0 0.869 0.5135542168674699 0.098 0.36445783132530124
0 0.965 0.552710843373494 0.066 0.40060240963855426
0 0.077 0.4789156626506024 0.058 0.21084337349397592
0 0.506 0.4774096385542169 0.06 0.23192771084337352
0 0.41000000000000003 0.43975903614457834 0.044 0.16867469879518074
2 0.63 0.3795180722891566 0.032 0.060240963855421686
2 0.605 0.36897590361445787 0.03 0.057228915662650606
2 0.482 0.3795180722891566 0.032 0.07228915662650603
3 0.059000000000000004 0.35240963855421686 0.054 0.0963855421686747
3 0.265 0.3418674698795181 0.046 0.08132530120481928
3 0.322 0.35090361445783136 0.052000000000000005 0.09337349397590362
3 0.422 0.3373493975903615 0.032 0.07228915662650603
3 0.542 0.32981927710843373 0.02 0.057228915662650606
3 0.577 0.33283132530120485 0.022 0.07530120481927711
3 0.965 0.3373493975903615 0.038 0.0963855421686747
3 0.879 0.33283132530120485 0.034 0.08132530120481928
