0 0.1875 0.46238938053097345 0.11166666666666668 0.3672566371681416
0 0.2916666666666667 0.4424778761061947 0.11 0.36283185840707965
0 0.3891666666666667 0.4557522123893805 0.11166666666666668 0.3672566371681416
0 0.3541666666666667 0.46128318584070793 0.11166666666666668 0.36504424778761063
0 0.4633333333333334 0.46238938053097345 0.11 0.3584070796460177
0 0.61 0.2345132743362832 0.04 0.13716814159292035
0 0.6566666666666667 0.2654867256637168 0.06333333333333334 0.20353982300884954
0 0.6900000000000001 0.2588495575221239 0.060000000000000005 0.19911504424778761
0 0.7991666666666667 0.3075221238938053 0.085 0.2743362831858407
0 0.8425 0.31305309734513276 0.085 0.27654867256637167
0 0.8833333333333334 0.25 0.05333333333333334 0.17256637168141592
0 0.7283333333333334 0.206858407079646 0.03333333333333333 0.11283185840707964
0 0.7558333333333334 0.2234513274336283 0.035 0.11504424778761062
0 0.9108333333333334 0.22676991150442477 0.03833333333333334 0.13053097345132744
0 0.6475000000000001 0.8119469026548672 0.055 0.18584070796460178
0 0.6833333333333333 0.8196902654867256 0.06333333333333334 0.20575221238938052
0 0.7183333333333334 0.8042035398230089 0.043333333333333335 0.14823008849557523
0 0.7558333333333334 0.8130530973451328 0.04833333333333334 0.1570796460176991
0 0.8316666666666667 0.8097345132743363 0.04 0.1327433628318584
0 0.8108333333333334 0.8086283185840708 0.03833333333333334 0.13053097345132744
0 0.775 0.7898230088495575 0.03666666666666667 0.11946902654867256
0 0.91 0.786504424778761 0.030000000000000002 0.09513274336283185
0 0.93 0.7898230088495575 0.030000000000000002 0.09734513274336283
