0 0.03877551020408164 0.6237942122186495 0.06122448979591837 0.2379421221864952
0 0.05102040816326531 0.6752411575562701 0.0489795918367347 0.19292604501607716
0 0.0642857142857143 0.6752411575562701 0.04693877551020409 0.18006430868167203
0 0.1163265306122449 0.6672025723472669 0.05306122448979592 0.20257234726688103
0 0.10918367346938776 0.5852090032154341 0.04285714285714286 0.17363344051446944
0 0.1795918367346939 0.7234726688102894 0.06938775510204082 0.2765273311897106
0 0.1469387755102041 0.6816720257234726 0.05714285714285715 0.21864951768488747
0 0.2306122448979592 0.7009646302250804 0.05714285714285715 0.22508038585209003
0 0.3316326530612245 0.7717041800643086 0.07959183673469389 0.31511254019292606
0 0.28979591836734697 0.752411575562701 0.08571428571428572 0.33440514469453375
0 0.4244897959183674 0.7508038585209003 0.0816326530612245 0.3183279742765273
0 0.3663265306122449 0.729903536977492 0.07959183673469389 0.31511254019292606
0 0.9244897959183674 0.6929260450160771 0.0653061224489796 0.2604501607717042
0 0.8489795918367348 0.6752411575562701 0.0816326530612245 0.31511254019292606
0 0.7938775510204082 0.6913183279742765 0.07755102040816328 0.3022508038585209
0 0.7183673469387756 0.680064308681672 0.0816326530612245 0.31189710610932475
0 0.7010204081632654 0.7057877813504823 0.0836734693877551 0.3247588424437299
0 0.663265306122449 0.6768488745980707 0.0816326530612245 0.3247588424437299
0 0.5969387755102041 0.7218649517684887 0.07959183673469389 0.31189710610932475
0 0.6142857142857143 0.6382636655948553 0.07755102040816328 0.3054662379421222
0 0.5306122448979592 0.7090032154340836 0.0816326530612245 0.31189710610932475
0 0.46938775510204084 0.7282958199356913 0.0816326530612245 0.3183279742765273
2 0.47755102040816333 0.7877813504823151 0.1142857142857143 0.2829581993569132
2 0.41938775510204085 0.5739549839228296 0.04693877551020409 0.08038585209003216
2 0.43775510204081636 0.5610932475884244 0.030612244897959186 0.06109324758842444
2 0.4653061224489796 0.5482315112540193 0.02448979591836735 0.05466237942122187
2 0.5153061224489797 0.5385852090032154 0.03469387755102041 0.06752411575562701
2 0.22346938775510206 0.5434083601286174 0.03877551020408164 0.09003215434083602
