0 0.08 0.8042168674698795 0.096 0.3614457831325301
0 0.138 0.8207831325301205 0.092 0.34638554216867473
0 0.198 0.8268072289156627 0.084 0.3102409638554217
0 0.259 0.822289156626506 0.08600000000000001 0.3253012048192771
0 0.33 0.8102409638554218 0.092 0.3433734939759036
0 0.397 0.8177710843373495 0.09 0.34036144578313254
0 0.468 0.8268072289156627 0.088 0.32228915662650603
0 0.525 0.8207831325301205 0.09 0.34036144578313254
0 0.584 0.8057228915662651 0.1 0.3704819277108434
0 0.644 0.8162650602409639 0.088 0.3313253012048193
0 0.6970000000000001 0.8298192771084337 0.08600000000000001 0.31626506024096385
0 0.743 0.8283132530120483 0.08600000000000001 0.31927710843373497
0 0.796 0.819277108433735 0.088 0.3253012048192771
0 0.843 0.819277108433735 0.09 0.3373493975903615
0 0.91 0.8207831325301205 0.088 0.3283132530120482
