0 0.018132716049382713 0.7129977460555973 0.03626543209876543 0.21187077385424494
0 0.06886574074074074 0.722389181066867 0.04822530864197531 0.22915101427498122
0 0.04899691358024691 0.6953418482344103 0.031635802469135804 0.15101427498121714
0 0.032214506172839504 0.6720510894064613 0.03125 0.14951164537941397
0 0.10860339506172839 0.6949661908339595 0.03973765432098765 0.1893313298271976
0 0.13927469135802467 0.7543200601051842 0.05864197530864197 0.2809917355371901
0 0.16473765432098764 0.7054845980465816 0.041666666666666664 0.1998497370398197
0 0.19367283950617284 0.6844477836213374 0.037037037037037035 0.17731029301277237
0 0.22415123456790123 0.7640871525169046 0.06172839506172839 0.2945154019534185
0 0.2854938271604938 0.7734785875281743 0.06558641975308642 0.31329827197595794
0 0.35918209876543206 0.7877535687453043 0.07253086419753085 0.3448534936138242
0 0.12037037037037036 0.6814425244177311 0.031635802469135804 0.15026296018031557
0 0.06153549382716049 0.6149511645379414 0.021219135802469133 0.101427498121713
0 0.04880401234567901 0.5852742299023291 0.021219135802469133 0.10368144252441773
0 0.024498456790123455 0.5807663410969196 0.017361111111111112 0.08414725770097671
0 0.010802469135802469 0.6141998497370399 0.019290123456790122 0.09090909090909091
0 0.24247685185185183 0.683320811419985 0.03819444444444444 0.1825694966190834
0 0.25983796296296297 0.6645379413974456 0.03125 0.14800901577761083
0 0.30767746913580246 0.7404207362885049 0.05825617283950617 0.2787377911344854
0 0.3331404320987654 0.7246431254695718 0.05054012345679012 0.2396694214876033
0 0.2827932098765432 0.583771600300526 0.015432098765432098 0.07513148009015778
0 0.16512345679012344 0.5803906836964688 0.015432098765432098 0.0743801652892562
0 0.14853395061728394 0.5830202854996244 0.014660493827160493 0.07212622088655146
0 0.11766975308641975 0.5905334335086402 0.016203703703703703 0.0781367392937641
0 0.2945601851851852 0.574755822689707 0.01273148148148148 0.06160781367392938
0 0.3294753086419753 0.5725018782870023 0.013117283950617283 0.06461307287753569
0 0.3360339506172839 0.574755822689707 0.013117283950617283 0.06160781367392938
0 0.38233024691358025 0.7028549962434261 0.05092592592592592 0.24117205108940648
0 0.44965277777777773 0.8020285499624343 0.07523148148148148 0.35687453042824946
0 0.4288194444444444 0.7610818933132983 0.06520061728395062 0.30954169797145004
0 0.4097222222222222 0.7336589030803907 0.05401234567901234 0.25619834710743805
0 0.5028935185185185 0.7738542449286251 0.06674382716049382 0.318557475582269
0 0.4810956790123457 0.738542449286251 0.05709876543209876 0.270473328324568
0 0.5499614197530864 0.8076634109691961 0.0798611111111111 0.38016528925619836
0 0.5929783950617283 0.779489105935387 0.07484567901234568 0.3583771600300526
0 0.6381172839506173 0.7516904583020286 0.06558641975308642 0.3117956423741548
0 0.6803626543209876 0.7235161532682194 0.06442901234567901 0.30653643876784376
0 0.7197145061728395 0.7122464312546958 0.059027777777777776 0.28249436513899323
0 0.7438271604938271 0.697595792637115 0.051697530864197525 0.2471825694966191
0 0.7762345679012346 0.6934635612321564 0.046296296296296294 0.22088655146506386
0 0.8103780864197531 0.6799398948159279 0.04359567901234568 0.20736288504883546
0 0.9185956790123456 0.7896318557475582 0.08719135802469136 0.4147257700976709
0 0.9320987654320987 0.7603305785123967 0.07716049382716049 0.3681442524417731
0 0.9442515432098765 0.7317806160781368 0.06905864197530864 0.32757325319308794
0 0.9646990740740741 0.7129977460555973 0.0636574074074074 0.3020285499624343
0 0.9820601851851851 0.6506386175807664 0.02044753086419753 0.09767092411720511
0 0.9805169753086419 0.6303531179564238 0.028935185185185182 0.1382419233658903
0 0.9915123456790123 0.6337340345604808 0.016203703703703703 0.12997746055597295
0 0.8763503086419753 0.6220886551465065 0.02816358024691358 0.135236664162284
0 0.8535879629629629 0.628099173553719 0.02662037037037037 0.1277235161532682
0 0.8344907407407407 0.6250939143501127 0.02546296296296296 0.12321562734785876
0 0.7798996913580246 0.6126972201352366 0.019675925925925923 0.09541697971450037
0 0.7314814814814814 0.6758076634109692 0.041666666666666664 0.1990984222389181
0 0.6998456790123456 0.6900826446280992 0.042438271604938266 0.20210368144252444
0 0.6533564814814814 0.6934635612321564 0.04822530864197531 0.22839969947407965
0 0.6836419753086419 0.6153268219383922 0.019290123456790122 0.0916604057099925
0 0.5204475308641975 0.7182569496619083 0.05632716049382716 0.2674680691209617
0 0.5983796296296297 0.7212622088655147 0.05864197530864197 0.2779864763335838
0 0.8028549382716049 0.6220886551465065 0.024691358024691357 0.11720510894064613
0 0.8674768518518517 0.6220886551465065 0.02353395061728395 0.11119459053343352
2 0.004629629629629629 0.5634861006761833 0.009259259259259259 0.049586776859504134
2 0.05131172839506173 0.6123215627347859 0.016975308641975308 0.03756574004507889
2 0.08256172839506172 0.5841472577009768 0.024691358024691357 0.03831705484598047
2 0.09934413580246913 0.5886551465063862 0.015817901234567902 0.04132231404958678
2 0.09780092592592592 0.5616078136739294 0.011188271604938271 0.029301277235161533
2 0.08140432098765432 0.555221637866266 0.014660493827160493 0.03155522163786627
2 0.0634645061728395 0.5533433508640121 0.01427469135802469 0.03831705484598047
2 0.14834104938271603 0.5957926371149512 0.009645061728395061 0.028549962434259956
2 0.1280864197530864 0.610443275732532 0.010802469135802469 0.033809166040571
2 0.18402777777777776 0.615702479338843 0.013888888888888888 0.035311795642374154
2 0.1749614197530864 0.6258452291510143 0.011188271604938271 0.03456048084147258
2 0.17843364197530864 0.6010518407212623 0.011959876543209876 0.03155522163786627
2 0.20968364197530864 0.6115702479338844 0.013503086419753086 0.030052592036063114
2 0.2035108024691358 0.6021788129226147 0.01273148148148148 0.036814425244177315
2 0.21817129629629628 0.610443275732532 0.009645061728395061 0.03080390683696469
2 0.22762345679012344 0.6036814425244178 0.008487654320987654 0.033809166040571
2 0.24980709876543208 0.6051840721262209 0.010416666666666666 0.04132231404958678
2 0.29147376543209874 0.6055597295266717 0.008101851851851851 0.028549962434259956
2 0.3140432098765432 0.5773854244928626 0.009259259259259259 0.03080390683696469
2 0.3136574074074074 0.5555972952667168 0.013117283950617283 0.02779864763335838
2 0.32696759259259256 0.5954169797145004 0.008101851851851851 0.023290758827948913
2 0.3404706790123457 0.601427498121713 0.0073302469135802465 0.033809166040571
2 0.3468364197530864 0.5980465815176559 0.006944444444444444 0.03305785123966942
2 0.35358796296296297 0.5950413223140496 0.006558641975308642 0.028549962434259956
2 0.3626543209876543 0.5848985725018783 0.009259259259259259 0.021788129226145755
2 0.3956404320987654 0.6033057851239669 0.008873456790123456 0.0270473328324568
2 0.7550154320987654 0.6029301277235162 0.016203703703703703 0.051840721262208865
2 0.7554012345679012 0.5755071374906086 0.007716049382716049 0.021036814425244178
2 0.7617669753086419 0.5766341096919609 0.008873456790123456 0.021788129226145755
2 0.6946373456790123 0.5803906836964688 0.011188271604938271 0.021788129226145755
2 0.5576774691358024 0.6442524417731029 0.02816358024691358 0.10743801652892562
2 0.4903549382716049 0.6010518407212623 0.019290123456790122 0.049586776859504134
2 0.5306712962962963 0.6021788129226147 0.015817901234567902 0.0473328324567994
2 0.46932870370370366 0.6213373403456048 0.019675925925925923 0.07212622088655146
2 0.4592978395061728 0.5931630353117957 0.011959876543209876 0.0473328324567994
2 0.44849537037037035 0.5897821187077386 0.01273148148148148 0.03606311044327573
2 0.4463734567901234 0.6134485349361383 0.022376543209876542 0.04583020285499625
2 0.43402777777777773 0.5841472577009768 0.010802469135802469 0.023290758827948913
2 0.4272762345679012 0.5995492111194591 0.021219135802469133 0.04507888805409467
2 0.5430169753086419 0.5864012021036815 0.008873456790123456 0.02779864763335838
2 0.5003858024691358 0.5732531930879039 0.009259259259259259 0.028549962434259956
2 0.5027006172839505 0.5916604057099926 0.014660493827160493 0.033809166040571
2 0.5133101851851851 0.589030803906837 0.011959876543209876 0.019534184823441023
2 0.5343364197530864 0.5717505634861008 0.007716049382716049 0.028549962434259956
2 0.5536265432098765 0.5758827948910594 0.006172839506172839 0.021788129226145755
2 0.5626929012345678 0.5736288504883547 0.011959876543209876 0.02779864763335838
2 0.5792824074074073 0.572877535687453 0.011959876543209876 0.026296018031555225
2 0.6070601851851851 0.6048084147257702 0.011188271604938271 0.042073628850488355
2 0.6126543209876543 0.5717505634861008 0.005401234567901234 0.0135236664162284
2 0.6348379629629629 0.583771600300526 0.005787037037037037 0.019534184823441023
2 0.6556712962962963 0.589030803906837 0.011188271604938271 0.028549962434259956
2 0.5763888888888888 0.6078136739293765 0.017746913580246913 0.04357625845229151
2 0.5979938271604938 0.5822689706987227 0.006944444444444444 0.01652892561983471
3 0.9027777777777777 0.4665664913598798 0.020061728395061727 0.042073628850488355
3 0.8721064814814814 0.4710743801652893 0.02199074074074074 0.030052592036063114
3 0.8360339506172839 0.4782118707738543 0.019290123456790122 0.039819684447783624
3 0.8038194444444444 0.47746055597295267 0.015817901234567902 0.035311795642374154
