0 0.47625 0.5545112781954887 0.1375 0.5075187969924811
0 0.3275 0.5357142857142857 0.12 0.4398496240601504
0 0.335 0.47932330827067665 0.075 0.28195488721804507
0 0.2275 0.5770676691729323 0.135 0.49248120300751874
0 0.82125 0.4849624060150376 0.0725 0.2631578947368421
0 0.87625 0.44360902255639095 0.0525 0.20300751879699247
0 0.9137500000000001 0.45300751879699247 0.0475 0.17669172932330826
0 0.95875 0.47932330827067665 0.0775 0.28195488721804507
0 0.77875 0.4323308270676691 0.0525 0.20300751879699247
0 0.7275 0.4699248120300752 0.06 0.23308270676691728
0 0.63375 0.5469924812030075 0.1225 0.46240601503759393
0 0.5425 0.5093984962406015 0.09 0.3270676691729323
2 0.1225 0.7124060150375939 0.125 0.3872180451127819
2 0.30375 0.744360902255639 0.1625 0.49624060150375937
2 0.66125 0.6691729323308271 0.1775 0.6390977443609023
2 0.20625000000000002 0.3966165413533834 0.0525 0.10150375939849623
