0 0.04833333333333334 0.5639097744360901 0.09666666666666668 0.6215538847117794
0 0.06666666666666667 0.5137844611528821 0.13333333333333333 0.506265664160401
0 0.17750000000000002 0.5037593984962405 0.14500000000000002 0.5363408521303258
0 0.22416666666666668 0.600250626566416 0.16833333333333333 0.6190476190476191
0 0.28250000000000003 0.537593984962406 0.16833333333333333 0.6240601503759398
0 0.42333333333333334 0.5927318295739348 0.21000000000000002 0.7694235588972431
0 0.5091666666666667 0.5325814536340852 0.16166666666666668 0.5989974937343359
0 0.5783333333333334 0.5538847117794485 0.19 0.6967418546365914
0 0.6925 0.6466165413533834 0.18166666666666667 0.6666666666666666
0 0.8066666666666668 0.5288220551378446 0.14666666666666667 0.5413533834586466
0 0.9116666666666667 0.5789473684210527 0.17333333333333334 0.6766917293233082
0 0.9466666666666668 0.5162907268170426 0.10333333333333335 0.5263157894736842
2 0.0425 0.28696741854636587 0.03833333333333334 0.12280701754385964
2 0.3166666666666667 0.3258145363408521 0.030000000000000002 0.08020050125313283
