0 0.46171875 0.3164705882352941 0.0890625 0.3317647058823529
0 0.5242187500000001 0.3247058823529411 0.1015625 0.3717647058823529
0 0.14453125 0.2329411764705882 0.051562500000000004 0.19294117647058823
0 0.1703125 0.2188235294117647 0.040625 0.1552941176470588
0 0.21328125 0.22588235294117645 0.045312500000000006 0.16941176470588235
0 0.22812500000000002 0.2176470588235294 0.037500000000000006 0.14352941176470588
0 0.26484375 0.20823529411764705 0.0421875 0.15294117647058822
0 0.2484375 0.16705882352941176 0.018750000000000003 0.07529411764705882
0 0.33125000000000004 0.1776470588235294 0.018750000000000003 0.06823529411764705
0 0.33906250000000004 0.1788235294117647 0.018750000000000003 0.07058823529411765
0 0.3671875 0.20823529411764705 0.037500000000000006 0.1388235294117647
0 0.421875 0.18941176470588234 0.025 0.09647058823529411
0 0.4390625 0.18117647058823527 0.025 0.09411764705882353
0 0.7390625000000001 0.1788235294117647 0.034375 0.12705882352941175
0 0.7742187500000001 0.16470588235294117 0.0390625 0.15058823529411763
0 0.815625 0.16470588235294117 0.053125000000000006 0.19294117647058823
0 0.84296875 0.16470588235294117 0.0390625 0.1411764705882353
0 0.88046875 0.1764705882352941 0.0484375 0.1788235294117647
0 0.9539062500000001 0.1341176470588235 0.0203125 0.07999999999999999
0 0.79296875 0.16352941176470587 0.035937500000000004 0.1341176470588235
0 0.5765625 0.18 0.028125 0.11058823529411764
4 0.62265625 0.14941176470588233 0.08281250000000001 0.06352941176470588
4 0.54453125 0.14588235294117646 0.0421875 0.05647058823529411
4 0.47187500000000004 0.14588235294117646 0.05 0.05647058823529411
4 0.38906250000000003 0.14352941176470588 0.040625 0.051764705882352935
