0 0.076 0.6294642857142857 0.152 0.5803571428571428
0 0.156 0.6220238095238095 0.148 0.5416666666666666
0 0.23800000000000002 0.6160714285714285 0.156 0.5773809523809523
0 0.35100000000000003 0.6101190476190476 0.162 0.5892857142857143
0 0.439 0.6369047619047619 0.138 0.5059523809523809
0 0.529 0.6235119047619048 0.158 0.5803571428571428
0 0.628 0.6309523809523809 0.156 0.5654761904761905
0 0.719 0.6220238095238095 0.166 0.613095238095238
0 0.8260000000000001 0.6577380952380952 0.164 0.5952380952380952
0 0.91 0.6383928571428571 0.176 0.681547619047619
