0 0.06057866184448463 0.5 0.04159132007233273 0.13461538461538464
0 0.23236889692585894 0.4879807692307693 0.034358047016274866 0.11538461538461539
0 0.2613019891500904 0.47836538461538464 0.03074141048824593 0.10096153846153846
0 0.2730560578661844 0.6189903846153847 0.10488245931283906 0.34375
0 0.4511754068716094 0.670673076923077 0.14285714285714285 0.46634615384615385
0 0.6401446654611211 0.6454326923076923 0.10488245931283906 0.3389423076923077
0 0.7314647377938517 0.7247596153846154 0.15370705244122965 0.49759615384615385
0 0.7151898734177214 0.5216346153846154 0.07414104882459313 0.2403846153846154
0 0.5397830018083183 0.49399038461538464 0.03074141048824593 0.10817307692307693
0 0.5198915009041591 0.4915865384615385 0.03074141048824593 0.09855769230769232
0 0.5840867992766727 0.49399038461538464 0.0325497287522604 0.10336538461538462
0 0.5994575045207956 0.4807692307692308 0.027124773960216998 0.09134615384615385
0 0.6265822784810127 0.4831730769230769 0.034358047016274866 0.11538461538461539
0 0.8001808318264014 0.49278846153846156 0.05244122965641953 0.16826923076923078
0 0.689873417721519 0.46995192307692313 0.027124773960216998 0.0889423076923077
0 0.31735985533453887 0.5276442307692308 0.048824593128390596 0.16105769230769232
2 0.8191681735985533 0.5685096153846154 0.06871609403254973 0.12740384615384617
