0 0.9383333333333334 0.523989898989899 0.12000000000000001 0.446969696969697
0 0.8341666666666667 0.45833333333333337 0.055 0.2095959595959596
0 0.76 0.4886363636363637 0.06666666666666667 0.25
0 0.7275 0.5025252525252526 0.065 0.2474747474747475
0 0.6916666666666668 0.5176767676767677 0.07333333333333333 0.2777777777777778
0 0.6775 0.5037878787878788 0.08166666666666667 0.3055555555555556
0 0.6566666666666667 0.5277777777777778 0.09666666666666668 0.3585858585858586
0 0.6216666666666667 0.537878787878788 0.10666666666666667 0.398989898989899
0 0.5658333333333334 0.5366161616161617 0.10166666666666667 0.3813131313131313
0 0.53 0.6174242424242424 0.1 0.37121212121212127
0 0.4783333333333334 0.6010101010101011 0.15000000000000002 0.5555555555555556
0 0.43083333333333335 0.6414141414141414 0.18500000000000003 0.6919191919191919
0 0.29333333333333333 0.6275252525252526 0.18666666666666668 0.6994949494949495
0 0.11333333333333334 0.5972222222222223 0.19666666666666668 0.7348484848484849
0 0.155 0.5593434343434344 0.10333333333333335 0.3863636363636364
0 0.23083333333333333 0.5353535353535354 0.09166666666666667 0.3434343434343435
0 0.32333333333333336 0.5277777777777778 0.08666666666666667 0.3282828282828283
0 0.8183333333333334 0.43939393939393945 0.030000000000000002 0.11616161616161617
0 0.7991666666666667 0.43939393939393945 0.021666666666666667 0.08080808080808081
