0 0.20517241379310344 0.654292343387471 0.20689655172413793 0.6821345707656612
0 0.34913793103448276 0.642691415313225 0.1879310344827586 0.617169373549884
0 0.4543103448275862 0.6067285382830626 0.16379310344827586 0.5359628770301624
0 0.5267241379310345 0.5777262180974477 0.14310344827586208 0.4733178654292343
0 0.6103448275862069 0.548723897911833 0.1103448275862069 0.3642691415313225
0 0.6517241379310345 0.5336426914153132 0.1 0.32946635730858465
0 0.7344827586206897 0.6345707656612529 0.1793103448275862 0.5870069605568445
0 0.7862068965517242 0.5603248259860789 0.12758620689655173 0.419953596287703
0 0.821551724137931 0.5452436194895591 0.12241379310344827 0.40371229698375866
0 0.85 0.5266821345707656 0.10344827586206896 0.33874709976798145
0 0.9767241379310345 0.46519721577726214 0.04310344827586207 0.15545243619489557
