0 0.05916666666666667 0.61 0.04166666666666667 0.15
0 0.06833333333333334 0.61625 0.03666666666666667 0.14250000000000002
0 0.11916666666666667 0.62375 0.035 0.1375
0 0.17500000000000002 0.685 0.060000000000000005 0.22
0 0.22166666666666668 0.66125 0.07666666666666667 0.28750000000000003
0 0.25333333333333335 0.67125 0.07666666666666667 0.28250000000000003
0 0.27083333333333337 0.6725 0.07500000000000001 0.28
0 0.29500000000000004 0.68375 0.07666666666666667 0.28250000000000003
0 0.325 0.6725 0.08 0.3
0 0.34500000000000003 0.6775 0.08666666666666667 0.315
0 0.38083333333333336 0.68375 0.08833333333333333 0.3275
0 0.41000000000000003 0.675 0.09333333333333334 0.35000000000000003
0 0.465 0.69125 0.09666666666666668 0.3625
0 0.5008333333333334 0.7000000000000001 0.085 0.31
0 0.5658333333333334 0.68625 0.095 0.34750000000000003
0 0.6025 0.70375 0.09833333333333334 0.3625
0 0.6866666666666668 0.7000000000000001 0.11666666666666667 0.43
0 0.75 0.735 0.11333333333333334 0.41500000000000004
0 0.9741666666666667 0.7075 0.04833333333333334 0.255
0 0.9483333333333334 0.6975 0.06666666666666667 0.245
0 0.91 0.67875 0.04666666666666667 0.1775
0 0.8658333333333333 0.705 0.065 0.24
0 0.8333333333333334 0.6975 0.06333333333333334 0.23
0 0.8166666666666668 0.67125 0.05 0.1825
0 0.7941666666666667 0.69125 0.055 0.20750000000000002
4 0.028333333333333335 0.57875 0.05666666666666667 0.0625
4 0.0975 0.58 0.045000000000000005 0.05
