0 0.041 0.7093750000000001 0.082 0.48125
0 0.097 0.5921875 0.034 0.12812500000000002
0 0.158 0.659375 0.08 0.30625
0 0.482 0.6921875000000001 0.108 0.40937500000000004
0 0.322 0.671875 0.092 0.35625
0 0.211 0.7359375 0.122 0.465625
0 0.587 0.6109375 0.054 0.209375
0 0.622 0.6453125000000001 0.068 0.265625
0 0.731 0.6453125000000001 0.058 0.22812500000000002
0 0.788 0.6546875000000001 0.08 0.309375
0 0.899 0.7515625 0.126 0.49062500000000003
0 0.022 0.36875 0.028 0.1125
4 0.625 0.4234375 0.294 0.203125
4 0.322 0.4109375 0.364 0.10312500000000001
