0 0.08299180327868853 0.568561872909699 0.08401639344262296 0.33444816053511706
0 0.2489754098360656 0.6112040133779264 0.125 0.5
0 0.3104508196721312 0.5978260869565217 0.09631147540983608 0.3862876254180602
0 0.3591188524590164 0.6028428093645485 0.07889344262295082 0.31605351170568563
0 0.3847336065573771 0.5903010033444815 0.07684426229508197 0.30434782608695654
0 0.42827868852459017 0.6003344481605352 0.09426229508196722 0.3745819397993311
0 0.4877049180327869 0.588628762541806 0.0860655737704918 0.34448160535117056
0 0.514344262295082 0.5811036789297659 0.0778688524590164 0.31605351170568563
0 0.6091188524590164 0.6254180602006689 0.1280737704918033 0.5150501672240803
0 0.1480532786885246 0.26505016722408026 0.04200819672131148 0.1688963210702341
0 0.45389344262295084 0.23745819397993312 0.03073770491803279 0.12709030100334448
0 0.46926229508196726 0.22408026755852842 0.036885245901639344 0.1505016722408027
0 0.48975409836065575 0.25334448160535117 0.02459016393442623 0.09866220735785954
0 0.5092213114754098 0.23578595317725753 0.03278688524590164 0.13377926421404682
0 0.5302254098360656 0.22909698996655517 0.03790983606557377 0.15719063545150502
0 0.7269467213114754 0.6956521739130435 0.1362704918032787 0.5451505016722408
0 0.7976434426229508 0.673076923076923 0.13422131147540983 0.5334448160535117
0 0.8468237704918034 0.5610367892976589 0.07274590163934426 0.29598662207357856
0 0.9436475409836066 0.6053511705685619 0.07991803278688525 0.32441471571906355
0 0.7581967213114754 0.5451505016722408 0.06557377049180328 0.26421404682274247
2 0.7771516393442623 0.45735785953177255 0.025614754098360656 0.07859531772575251
