0 0.07931726907630521 0.3685185185185185 0.09036144578313252 0.4185185185185185
0 0.17469879518072287 0.37222222222222223 0.08433734939759036 0.3814814814814815
0 0.0321285140562249 0.38333333333333336 0.0642570281124498 0.4777777777777778
0 0.20682730923694778 0.337037037037037 0.056224899598393566 0.26666666666666666
0 0.23895582329317266 0.35000000000000003 0.0682730923694779 0.3074074074074074
0 0.28112449799196787 0.37222222222222223 0.10843373493975902 0.5
0 0.38955823293172687 0.6222222222222222 0.15662650602409636 0.7037037037037037
0 0.4879518072289156 0.625925925925926 0.14859437751004015 0.6666666666666667
0 0.609437751004016 0.6148148148148148 0.17068273092369476 0.762962962962963
0 0.646586345381526 0.3648148148148148 0.08032128514056225 0.3592592592592593
0 0.7218875502008032 0.3648148148148148 0.10240963855421686 0.4703703703703704
0 0.8895582329317269 0.4351851851851852 0.12048192771084336 0.5444444444444445
0 0.8363453815261044 0.37592592592592594 0.09036144578313252 0.40370370370370373
0 0.9236947791164658 0.4185185185185185 0.07630522088353413 0.34814814814814815
0 0.9688755020080321 0.37777777777777777 0.058232931726907626 0.42962962962962964
0 0.4728915662650602 0.35555555555555557 0.08634538152610441 0.3851851851851852
0 0.5773092369477911 0.3462962962962963 0.05421686746987951 0.24074074074074076
0 0.7068273092369477 0.3462962962962963 0.0682730923694779 0.3148148148148148
2 0.1184738955823293 0.3851851851851852 0.06024096385542168 0.21481481481481482
2 0.7700803212851405 0.3814814814814815 0.038152610441767064 0.25925925925925924
2 0.8122489959839356 0.3685185185185185 0.03413654618473895 0.22592592592592595
