0 0.9615942028985507 0.7049891540130152 0.04782608695652174 0.17787418655097614
0 0.8057971014492754 0.8438177874186551 0.06376811594202898 0.23427331887201736
0 0.9108695652173913 0.6898047722342734 0.04782608695652174 0.17787418655097614
0 0.8659420289855072 0.6561822125813449 0.04782608695652174 0.17570498915401303
0 0.8144927536231884 0.6399132321041215 0.04057971014492753 0.1561822125813449
0 0.7913043478260869 0.6106290672451193 0.043478260869565216 0.15835140997830804
0 0.7463768115942029 0.5965292841648591 0.043478260869565216 0.1648590021691974
0 0.722463768115942 0.5748373101952278 0.042028985507246375 0.15184381778741865
0 0.7043478260869566 0.5531453362255966 0.04057971014492753 0.1561822125813449
0 0.6420289855072464 0.7668112798264642 0.057971014492753624 0.21475054229934926
0 0.6391304347826087 0.6822125813449024 0.043478260869565216 0.15835140997830804
0 0.5695652173913044 0.7017353579175705 0.0463768115942029 0.17570498915401303
0 0.23695652173913043 0.7754880694143167 0.06521739130434782 0.2364425162689805
0 0.5376811594202898 0.6540130151843818 0.052173913043478265 0.18872017353579176
0 0.5043478260869565 0.6670281995661606 0.052173913043478265 0.18872017353579176
0 0.48405797101449277 0.7114967462039046 0.04927536231884058 0.1822125813449024
0 0.4340579710144928 0.7125813449023861 0.050724637681159424 0.1843817787418655
0 0.46594202898550724 0.6160520607375272 0.042028985507246375 0.16052060737527116
0 0.3695652173913044 0.7028199566160521 0.04927536231884058 0.18655097613882865
0 0.32463768115942027 0.6778741865509762 0.0463768115942029 0.17570498915401303
0 0.4072463768115942 0.6648590021691975 0.04927536231884058 0.18004338394793926
0 0.9760869565217392 0.3557483731019523 0.036231884057971016 0.1301518438177874
0 0.9384057971014493 0.3611713665943601 0.030434782608695653 0.1193058568329718
0 0.9036231884057971 0.3698481561822126 0.030434782608695653 0.11496746203904555
0 0.8594202898550725 0.3774403470715835 0.034782608695652174 0.1301518438177874
0 0.8376811594202899 0.37852494577006507 0.028985507246376812 0.11062906724511931
0 0.8065217391304348 0.39154013015184386 0.03333333333333333 0.12364425162689806
0 0.7811594202898551 0.39479392624728854 0.03188405797101449 0.11713665943600868
0 0.7543478260869565 0.4045553145336226 0.036231884057971016 0.13232104121475055
0 0.7333333333333334 0.41106290672451196 0.03188405797101449 0.12364425162689806
0 0.722463768115942 0.41973969631236446 0.03333333333333333 0.1279826464208243
0 0.6971014492753623 0.42733188720173537 0.028985507246376812 0.11279826464208244
0 0.8840579710144928 0.306941431670282 0.03188405797101449 0.1193058568329718
0 0.8586956521739131 0.3015184381778742 0.030434782608695653 0.11279826464208244
0 0.836231884057971 0.306941431670282 0.02318840579710145 0.08893709327548807
0 0.7963768115942029 0.3036876355748373 0.02753623188405797 0.09978308026030369
0 0.8195652173913044 0.29501084598698485 0.030434782608695653 0.11279826464208244
0 0.8036231884057972 0.2993492407809111 0.02753623188405797 0.10845986984815618
0 0.7681159420289855 0.32212581344902386 0.026086956521739132 0.10195227765726682
0 0.7376811594202899 0.32321041214750545 0.02318840579710145 0.08676789587852494
0 0.7057971014492753 0.3286334056399132 0.02318840579710145 0.08459869848156182
0 0.6855072463768116 0.324295010845987 0.02318840579710145 0.08893709327548807
0 0.6456521739130435 0.3286334056399132 0.02753623188405797 0.10195227765726682
0 0.6195652173913043 0.32646420824295014 0.030434782608695653 0.11062906724511931
0 0.5934782608695652 0.31344902386117135 0.02753623188405797 0.10629067245119306
0 0.5768115942028985 0.324295010845987 0.03188405797101449 0.1193058568329718
0 0.45072463768115945 0.3524945770065076 0.034782608695652174 0.13232104121475055
0 0.48840579710144927 0.2527114967462039 0.03188405797101449 0.1193058568329718
0 0.286231884057971 0.24728850325379612 0.02753623188405797 0.10412147505422994
0 0.2688405797101449 0.2646420824295011 0.030434782608695653 0.11279826464208244
0 0.23333333333333334 0.272234273318872 0.028985507246376812 0.11062906724511931
0 0.21304347826086956 0.27440347071583515 0.026086956521739132 0.10195227765726682
0 0.29057971014492756 0.6626898047722343 0.04782608695652174 0.18004338394793926
0 0.26811594202898553 0.6355748373101953 0.043478260869565216 0.1648590021691974
0 0.2326086956521739 0.6258134490238612 0.04782608695652174 0.18004338394793926
0 0.1818840579710145 0.5986984815618221 0.050724637681159424 0.19088937093275488
0 0.16956521739130434 0.5802603036876356 0.043478260869565216 0.16268980477223427
0 0.14782608695652175 0.5629067245119306 0.0463768115942029 0.17136659436008678
0 0.13333333333333333 0.5357917570498916 0.04927536231884058 0.17787418655097614
2 0.6144927536231884 0.19522776572668113 0.034782608695652174 0.060737527114967466
2 0.29057971014492756 0.5184381778741866 0.03333333333333333 0.08676789587852494
2 0.2702898550724638 0.47939262472885036 0.036231884057971016 0.0650759219088937
2 0.4057971014492754 0.5422993492407809 0.034782608695652174 0.04338394793926247
2 0.37318840579710144 0.5704989154013015 0.04492753623188406 0.060737527114967466
2 0.3427536231884058 0.5542299349240781 0.021739130434782608 0.05856832971800434
2 0.4 0.49023861171366595 0.03188405797101449 0.05639913232104122
2 0.34347826086956523 0.4924078091106291 0.043478260869565216 0.05206073752711497
2 0.3630434782608696 0.420824295010846 0.036231884057971016 0.05639913232104122
4 0.4753623188405797 0.0911062906724512 0.3507246376811594 0.16052060737527116
4 0.08333333333333333 0.03796095444685466 0.05652173913043478 0.07592190889370933
4 0.20869565217391306 0.026030368763557486 0.1826086956521739 0.05206073752711497
4 0.8391304347826087 0.030368763557483733 0.3130434782608696 0.060737527114967466
4 0.22391304347826088 0.3893709327548807 0.2391304347826087 0.1193058568329718
