0 0.2972727272727273 0.611716621253406 0.09636363636363636 0.3623978201634877
0 0.37636363636363634 0.6525885558583105 0.07636363636363637 0.28065395095367845
0 0.4727272727272727 0.6185286103542235 0.09818181818181818 0.3651226158038147
0 0.5263636363636364 0.6294277929155313 0.09272727272727273 0.34877384196185285
0 0.6436363636363637 0.6267029972752043 0.10181818181818182 0.38147138964577654
0 0.78 0.662125340599455 0.07636363636363637 0.2833787465940054
0 0.8263636363636364 0.6580381471389646 0.07818181818181819 0.29155313351498635
0 0.16454545454545455 0.6103542234332425 0.09636363636363636 0.35967302452316074
0 0.09545454545454546 0.6049046321525885 0.09636363636363636 0.35967302452316074
0 0.02909090909090909 0.6185286103542235 0.05818181818181818 0.2670299727520436
0 0.05181818181818182 0.6212534059945504 0.06727272727272728 0.24523160762942778
3 0.9145454545454546 0.662125340599455 0.05818181818181818 0.19618528610354222
3 0.9609090909090909 0.6607629427792915 0.07454545454545454 0.1880108991825613
