0 0.2655 0.5676490288010716 0.148 0.4842598794373744
0 0.4645 0.6125251172136638 0.11 0.3610180843938379
0 0.35075 0.5338245144005358 0.08650000000000001 0.28399196249162756
0 0.16875 0.5519089082384461 0.10350000000000001 0.3375753516409913
0 0.20375000000000001 0.5649698593436034 0.1125 0.36771600803750837
0 0.08625000000000001 0.5559276624246483 0.1275 0.41795043536503684
0 0.02625 0.5241125251172136 0.0525 0.2873409243134628
0 0.30625 0.5053583389149363 0.0675 0.2203616878767582
0 0.406 0.5023442732752846 0.069 0.2263898191560616
0 0.522 0.5395177494976557 0.101 0.3315472203616879
0 0.54025 0.5592766242464836 0.1065 0.348292029470864
2 0.027 0.3941728064300067 0.036000000000000004 0.0609511051574012
2 0.04175 0.4410582719356999 0.0655 0.16008037508372405
2 0.13225 0.40187541862022774 0.0475 0.06697923643670461
2 0.12375 0.3683858004018754 0.029500000000000002 0.025452109845947757
2 0.15525 0.40991292699263226 0.0195 0.04822505023442732
2 0.227 0.38546550569323507 0.019 0.03415941058271935
2 0.33175 0.449430676490288 0.0365 0.09645010046885465
2 0.3815 0.43871399866041527 0.011 0.018754186202277295
2 0.42175 0.41962491627595444 0.0085 0.01942397856664434
2 0.44925 0.4253181513730743 0.0145 0.013395847287340924
2 0.48925 0.4229738780977897 0.0145 0.022103148024112524
2 0.49675 0.4189551239115874 0.0165 0.023442732752846616
2 0.53225 0.4189551239115874 0.0125 0.015405224380442062
2 0.32025 0.41828533154722036 0.0085 0.01942397856664434
2 0.43575 0.4514400535833891 0.0125 0.04822505023442732
