0 0.5166666666666667 0.7788888888888889 0.13 0.4288888888888889
0 0.63 0.8466666666666667 0.09333333333333334 0.3022222222222222
0 0.41500000000000004 0.8288888888888889 0.1 0.3244444444444444
0 0.32583333333333336 0.8777777777777778 0.07166666666666667 0.24
0 0.7583333333333334 0.6755555555555556 0.03666666666666667 0.12
0 0.7741666666666667 0.6766666666666666 0.028333333333333335 0.09555555555555556
0 0.6975 0.6711111111111111 0.028333333333333335 0.09777777777777778
0 0.675 0.6755555555555556 0.03333333333333333 0.10666666666666666
0 0.6375000000000001 0.6788888888888889 0.03833333333333334 0.13111111111111112
0 0.5950000000000001 0.6833333333333333 0.03666666666666667 0.12666666666666668
0 0.30833333333333335 0.7155555555555555 0.05333333333333334 0.17333333333333334
0 0.2775 0.7011111111111111 0.045000000000000005 0.14444444444444443
0 0.17 0.7044444444444444 0.04666666666666667 0.16
0 0.1125 0.7044444444444444 0.045000000000000005 0.1511111111111111
0 0.5733333333333334 0.6755555555555556 0.02666666666666667 0.08888888888888889
0 0.5783333333333334 0.6344444444444445 0.030000000000000002 0.10444444444444445
0 0.5616666666666666 0.6244444444444445 0.023333333333333334 0.07555555555555556
2 0.006666666666666667 0.7088888888888889 0.013333333333333334 0.2
2 0.03833333333333334 0.7288888888888889 0.05666666666666667 0.08888888888888889
2 0.13416666666666668 0.7111111111111111 0.018333333333333333 0.08
2 0.15333333333333335 0.7122222222222222 0.030000000000000002 0.08222222222222222
2 0.24666666666666667 0.6411111111111111 0.016666666666666666 0.03333333333333333
2 0.29500000000000004 0.6288888888888889 0.030000000000000002 0.06222222222222222
2 0.3816666666666667 0.7166666666666667 0.03333333333333333 0.07333333333333333
2 0.4133333333333334 0.6433333333333333 0.030000000000000002 0.04666666666666667
2 0.4441666666666667 0.6611111111111111 0.04166666666666667 0.07777777777777778
2 0.18333333333333335 0.6344444444444445 0.013333333333333334 0.03333333333333333
2 0.19416666666666668 0.6744444444444444 0.015000000000000001 0.03777777777777778
2 0.20583333333333334 0.6788888888888889 0.015000000000000001 0.028888888888888888
2 0.22666666666666668 0.6655555555555556 0.013333333333333334 0.03333333333333333
4 0.14333333333333334 0.6411111111111111 0.043333333333333335 0.04666666666666667
4 0.5641666666666667 0.5711111111111111 0.065 0.07555555555555556
