0 0.5080160320641283 0.19728915662650603 0.07414829659318636 0.2801204819277109
2 0.7254509018036072 0.5948795180722892 0.5210420841683366 0.6957831325301205
2 0.3416833667334669 0.5150602409638555 0.3106212424849699 0.963855421686747
2 0.11322645290581161 0.49698795180722893 0.2224448897795591 0.9879518072289157
2 0.5821643286573146 0.05271084337349398 0.06613226452905811 0.09939759036144578
2 0.15731462925851702 0.549698795180723 0.07414829659318636 0.12349397590361447
2 0.07715430861723446 0.3870481927710844 0.05410821643286573 0.14156626506024098
2 0.20841683366733466 0.355421686746988 0.07615230460921843 0.12650602409638556
2 0.19238476953907813 0.26957831325301207 0.06813627254509018 0.09337349397590362
2 0.2064128256513026 0.18373493975903615 0.06412825651302605 0.12650602409638556
2 0.281563126252505 0.1716867469879518 0.07014028056112225 0.0963855421686747
2 0.32665330661322645 0.14156626506024098 0.044088176352705406 0.07228915662650603
2 0.3006012024048096 0.08433734939759037 0.0721442885771543 0.0963855421686747
2 0.37374749498997994 0.04066265060240964 0.04609218436873747 0.05120481927710844
2 0.23346693386773545 0.0963855421686747 0.04208416833667334 0.09036144578313253
2 0.2124248496993988 0.09939759036144578 0.08416833667334668 0.14457831325301207
2 0.14228456913827653 0.14156626506024098 0.06412825651302605 0.13855421686746988
2 0.1342685370741483 0.25903614457831325 0.052104208416833664 0.13253012048192772
2 0.6803607214428857 0.3072289156626506 0.0501002004008016 0.06626506024096386
2 0.6753507014028055 0.23644578313253015 0.08416833667334668 0.14156626506024098
2 0.6643286573146292 0.12951807228915663 0.07414829659318636 0.10240963855421688
2 0.6002004008016032 0.20933734939759038 0.07414829659318636 0.09337349397590362
2 0.5981963927855711 0.12951807228915663 0.07014028056112225 0.0963855421686747
2 0.7715430861723446 0.24698795180722893 0.07615230460921843 0.16867469879518074
2 0.7575150300601202 0.12349397590361447 0.06412825651302605 0.0963855421686747
2 0.7905811623246493 0.4307228915662651 0.06212424849699398 0.09036144578313253
2 0.846693386773547 0.42168674698795183 0.06212424849699398 0.10240963855421688
2 0.937875751503006 0.40813253012048195 0.06012024048096192 0.12349397590361447
2 0.9849699398797594 0.4171686746987952 0.026052104208416832 0.09337349397590362
2 0.9589178356713426 0.30873493975903615 0.07414829659318636 0.12349397590361447
2 0.9108216432865731 0.2846385542168675 0.05410821643286573 0.12349397590361447
2 0.8346693386773546 0.30271084337349397 0.038076152304609215 0.14759036144578314
2 0.8236472945891783 0.2921686746987952 0.08016032064128256 0.12650602409638556
2 0.7955911823647294 0.3629518072289157 0.06012024048096192 0.09337349397590362
2 0.8346693386773546 0.18373493975903615 0.05410821643286573 0.0963855421686747
2 0.9018036072144288 0.1897590361445783 0.06813627254509018 0.12650602409638556
2 0.8737474949899798 0.07379518072289157 0.09619238476953906 0.14759036144578314
2 0.9579158316633266 0.0963855421686747 0.07615230460921843 0.18674698795180725
2 0.812625250501002 0.12349397590361447 0.0501002004008016 0.10240963855421688
2 0.6933867735470941 0.04066265060240964 0.06012024048096192 0.08132530120481928
2 0.7685370741482965 0.03313253012048193 0.08216432865731463 0.06626506024096386
