0 0.4026548672566372 0.8575 0.11504424778761062 0.10833333333333334
0 0.4800884955752212 0.8650000000000001 0.11946902654867256 0.11
0 0.5442477876106194 0.8700000000000001 0.12389380530973451 0.11333333333333334
0 0.6393805309734513 0.8633333333333334 0.13716814159292035 0.12666666666666668
0 0.7743362831858407 0.8300000000000001 0.07964601769911504 0.07666666666666667
0 0.3141592920353982 0.8233333333333334 0.09734513274336283 0.09333333333333334
0 0.2721238938053097 0.6325000000000001 0.24336283185840707 0.225
0 0.413716814159292 0.6666666666666667 0.16371681415929204 0.15666666666666668
0 0.8606194690265486 0.6533333333333333 0.0752212389380531 0.07333333333333333
0 0.48451327433628316 0.6616666666666667 0.08407079646017698 0.07666666666666667
0 0.27654867256637167 0.405 0.1902654867256637 0.18000000000000002
0 0.1415929203539823 0.3875 0.12389380530973451 0.115
0 0.9092920353982301 0.3916666666666667 0.11946902654867256 0.11333333333333334
0 0.7942477876106194 0.3691666666666667 0.0752212389380531 0.06833333333333334
0 0.8561946902654867 0.3691666666666667 0.05752212389380531 0.055
0 0.7743362831858407 0.3691666666666667 0.061946902654867256 0.06166666666666667
0 0.7278761061946902 0.37000000000000005 0.0752212389380531 0.07333333333333333
0 0.36504424778761063 0.3875 0.11946902654867256 0.10833333333333334
0 0.1084070796460177 0.3766666666666667 0.08407079646017698 0.08333333333333334
0 0.41814159292035397 0.3566666666666667 0.048672566371681415 0.043333333333333335
0 0.1570796460176991 0.12083333333333333 0.14601769911504425 0.13833333333333334
0 0.22123893805309736 0.12916666666666668 0.1327433628318584 0.12166666666666667
0 0.413716814159292 0.1375 0.11061946902654868 0.10500000000000001
0 0.3230088495575221 0.1366666666666667 0.11504424778761062 0.11
0 0.661504424778761 0.13333333333333333 0.11946902654867256 0.11
0 0.8539823008849557 0.12000000000000001 0.1327433628318584 0.12333333333333334
0 0.745575221238938 0.12666666666666668 0.12831858407079647 0.12333333333333334
2 0.11283185840707964 0.8733333333333334 0.14601769911504425 0.07666666666666667
2 0.48451327433628316 0.7966666666666667 0.08407079646017698 0.03666666666666667
2 0.6836283185840708 0.8125 0.08407079646017698 0.04166666666666667
2 0.2323008849557522 0.8558333333333333 0.10176991150442477 0.04833333333333334
2 0.5486725663716814 0.665 0.18584070796460178 0.15333333333333335
2 0.5707964601769911 0.6058333333333333 0.07079646017699115 0.025
2 0.048672566371681415 0.4633333333333334 0.09734513274336283 0.07
2 0.6106194690265486 0.44833333333333336 0.2743362831858407 0.09666666666666668
2 0.661504424778761 0.3491666666666667 0.05752212389380531 0.05166666666666667
2 0.6969026548672567 0.35500000000000004 0.03982300884955752 0.04666666666666667
2 0.17699115044247787 0.36833333333333335 0.04424778761061947 0.06666666666666667
2 0.45353982300884954 0.3516666666666667 0.030973451327433628 0.03666666666666667
2 0.5752212389380531 0.3825 0.45132743362831856 0.23500000000000001
2 0.252212389380531 0.085 0.04424778761061947 0.03333333333333333
2 0.3008849557522124 0.07583333333333334 0.05309734513274336 0.025
2 0.413716814159292 0.07666666666666667 0.0752212389380531 0.023333333333333334
2 0.48451327433628316 0.08083333333333334 0.08407079646017698 0.03166666666666667
2 0.5066371681415929 0.10750000000000001 0.0752212389380531 0.04166666666666667
2 0.5508849557522124 0.08750000000000001 0.05752212389380531 0.028333333333333335
2 0.6017699115044248 0.07833333333333334 0.04424778761061947 0.02666666666666667
2 0.5951327433628318 0.10416666666666667 0.08407079646017698 0.035
2 0.6703539823008849 0.07166666666666667 0.08407079646017698 0.03333333333333333
2 0.8495575221238938 0.1525 0.18584070796460178 0.10833333333333334
2 0.7123893805309734 0.1525 0.1415929203539823 0.08833333333333333
2 0.5973451327433629 0.15083333333333335 0.1592920353982301 0.10166666666666667
2 0.4491150442477876 0.15083333333333335 0.2079646017699115 0.09833333333333334
2 0.3141592920353982 0.16833333333333333 0.2654867256637168 0.11
4 0.04424778761061947 0.3666666666666667 0.08849557522123894 0.06333333333333334
