0 0.06271929824561404 0.7210526315789474 0.09912280701754386 0.3657894736842105
0 0.12192982456140351 0.6921052631578947 0.07192982456140351 0.2631578947368421
0 0.22105263157894736 0.6861842105263157 0.07894736842105263 0.29078947368421054
0 0.28464912280701754 0.6927631578947369 0.09385964912280702 0.34605263157894733
0 0.3144736842105263 0.7171052631578947 0.10964912280701755 0.39999999999999997
0 0.40921052631578947 0.6927631578947369 0.0868421052631579 0.3223684210526316
0 0.518421052631579 0.6763157894736842 0.10175438596491228 0.3763157894736842
0 0.7013157894736842 0.7052631578947368 0.11315789473684211 0.4184210526315789
0 0.6451754385964913 0.6684210526315789 0.08508771929824561 0.3131578947368421
0 0.7785087719298246 0.6907894736842105 0.08157894736842106 0.3026315789473684
0 0.8530701754385965 0.680921052631579 0.07456140350877193 0.2723684210526316
0 0.9043859649122807 0.6947368421052631 0.08421052631578947 0.3078947368421053
0 0.9434210526315789 0.7085526315789473 0.11140350877192982 0.4144736842105263
0 0.5828947368421052 0.6828947368421052 0.0692982456140351 0.25263157894736843
0 0.15 0.6921052631578947 0.06140350877192983 0.22894736842105262
2 0.012719298245614035 0.7210526315789474 0.02368421052631579 0.11578947368421053
2 0.021052631578947368 0.7460526315789473 0.026315789473684213 0.14736842105263157
2 0.24780701754385964 0.6861842105263157 0.02894736842105263 0.2565789473684211
2 0.34517543859649125 0.7059210526315789 0.039473684210526314 0.39342105263157895
2 0.3679824561403509 0.6828947368421052 0.0412280701754386 0.2710526315789474
2 0.9578947368421052 0.5421052631578948 0.015789473684210527 0.060526315789473685
2 0.1986842105263158 0.6934210526315789 0.039473684210526314 0.22105263157894736
3 0.44649122807017544 0.6644736842105263 0.07719298245614035 0.1368421052631579
3 0.20526315789473684 0.5552631578947368 0.02280701754385965 0.05526315789473684
