0 0.07100000000000001 0.6392215568862276 0.08600000000000001 0.3203592814371258
0 0.031 0.627245508982036 0.062 0.37425149700598803
0 0.081 0.4820359281437126 0.08600000000000001 0.31736526946107785
0 0.151 0.5913173652694611 0.094 0.35029940119760483
0 0.196 0.4970059880239521 0.084 0.30538922155688625
0 0.263 0.5568862275449102 0.09 0.3293413173652695
0 0.329 0.5598802395209581 0.074 0.2694610778443114
0 0.35000000000000003 0.48053892215568866 0.07200000000000001 0.26646706586826346
0 0.382 0.5553892215568863 0.07200000000000001 0.26646706586826346
0 0.424 0.534431137724551 0.07200000000000001 0.26047904191616766
0 0.49 0.5673652694610779 0.084 0.3083832335329342
0 0.876 0.6601796407185629 0.176 0.6497005988023953
0 0.863 0.6167664670658684 0.17400000000000002 0.6467065868263473
0 0.445 0.46706586826347307 0.054 0.2035928143712575
0 0.47200000000000003 0.4505988023952096 0.056 0.2125748502994012
0 0.533 0.42814371257485034 0.046 0.17365269461077845
0 0.556 0.4505988023952096 0.044 0.17065868263473055
0 0.588 0.44610778443113774 0.048 0.17365269461077845
0 0.621 0.4446107784431138 0.042 0.15868263473053892
0 0.637 0.4910179640718563 0.05 0.17964071856287425
0 0.663 0.48353293413173654 0.054 0.2065868263473054
0 0.687 0.48053892215568866 0.046 0.17065868263473055
0 0.711 0.49850299401197606 0.034 0.1347305389221557
0 0.738 0.4820359281437126 0.036000000000000004 0.1317365269461078
0 0.765 0.46706586826347307 0.038 0.14371257485029942
0 0.793 0.46706586826347307 0.034 0.125748502994012
0 0.982 0.4565868263473054 0.032 0.19461077844311378
2 0.263 0.3667664670658683 0.034 0.08682634730538923
2 0.329 0.3547904191616767 0.038 0.07485029940119761
2 0.388 0.3922155688622755 0.04 0.08982035928143713
2 0.419 0.37125748502994016 0.026000000000000002 0.04790419161676647
2 0.498 0.38922155688622756 0.024 0.07784431137724551
2 0.516 0.36976047904191617 0.02 0.038922155688622756
2 0.71 0.4131736526946108 0.024 0.035928143712574856
2 0.751 0.40868263473053895 0.018000000000000002 0.038922155688622756
2 0.313 0.44311377245508987 0.034 0.08383233532934133
