0 0.301875 0.3874773139745916 0.18125 0.6479128856624319
0 0.6975 0.6497277676950998 0.165 0.5843920145190562
0 0.97 0.558983666061706 0.0575 0.308529945553539
0 0.959375 0.5834845735027223 0.07875 0.28130671506352084
0 0.906875 0.558983666061706 0.09125 0.32667876588021777
0 0.869375 0.5680580762250453 0.09125 0.323049001814882
0 0.834375 0.5716878402903811 0.09125 0.32667876588021777
0 0.793125 0.5816696914700544 0.08875 0.32123411978221417
0 0.765 0.5762250453720508 0.0925 0.32849364791288566
0 0.1125 0.5825771324863883 0.0775 0.279491833030853
0 0.25375000000000003 0.5825771324863883 0.075 0.27223230490018147
0 0.43375 0.558076225045372 0.08750000000000001 0.3103448275862069
0 0.49125 0.573502722323049 0.0825 0.294010889292196
0 0.531875 0.5871143375680581 0.09875 0.3539019963702359
0 0.6062500000000001 0.5834845735027223 0.08750000000000001 0.3103448275862069
0 0.6325000000000001 0.6007259528130672 0.1 0.3557168784029038
1 0.14250000000000002 0.5934664246823956 0.07 0.2468239564428312
2 0.049375 0.32214156079854805 0.05375 0.0852994555353902
2 0.151875 0.4455535390199637 0.043750000000000004 0.0852994555353902
2 0.19375 0.5163339382940109 0.05 0.12522686025408347
2 0.22 0.43738656987295826 0.0375 0.07985480943738657
2 0.36062500000000003 0.5753176043557169 0.051250000000000004 0.2540834845735027
2 0.390625 0.49909255898366606 0.03625 0.1451905626134301
2 0.386875 0.41379310344827586 0.03625 0.05807622504537205
2 0.4575 0.45644283121597096 0.04 0.10344827586206896
2 0.4825 0.40653357531760437 0.035 0.04718693284936479
2 0.52625 0.3983666061705989 0.05 0.05626134301270417
2 0.5700000000000001 0.45009074410163336 0.0325 0.08348457350272231
2 0.604375 0.40653357531760437 0.03125 0.04718693284936479
2 0.749375 0.4047186932849365 0.03375 0.0617059891107078
2 0.9 0.37114337568058076 0.0325 0.038112522686025406
2 0.93125 0.42105263157894735 0.0275 0.07985480943738657
2 0.973125 0.3956442831215971 0.03375 0.039927404718693285
2 0.838125 0.40653357531760437 0.04625 0.07259528130671505
