0 0.0093603744149766 0.3696682464454977 0.0187207488299532 0.1137440758293839
0 0.0795631825273011 0.44786729857819907 0.0748829953198128 0.28436018957345977
0 0.10764430577223089 0.48578199052132703 0.10920436817472699 0.4123222748815166
0 0.14898595943837753 0.6090047393364929 0.17628705148205928 0.6587677725118484
0 0.2230889235569423 0.41943127962085314 0.046801872074883 0.18009478672985785
0 0.26911076443057724 0.43009478672985785 0.057722308892355696 0.2156398104265403
0 0.21294851794071765 0.3933649289099526 0.0327613104524181 0.1279620853080569
0 0.47269890795631825 0.5272511848341233 0.1310452418096724 0.490521327014218
0 0.375195007800312 0.5781990521327015 0.21996879875195008 0.8151658767772513
0 0.500780031201248 0.41824644549763035 0.046801872074883 0.18246445497630334
0 0.5171606864274572 0.40876777251184837 0.0390015600624025 0.14454976303317538
0 0.5351014040561622 0.39099526066350715 0.031201248049921998 0.1137440758293839
0 0.5803432137285491 0.41943127962085314 0.0436817472698908 0.16113744075829384
0 0.5998439937597504 0.4383886255924171 0.060842433697347896 0.2274881516587678
0 0.5631825273010921 0.37440758293838866 0.0124804992199688 0.047393364928909956
0 0.5530421216848674 0.3649289099526067 0.0109204368174727 0.04265402843601896
0 0.6263650546021841 0.3779620853080569 0.0202808112324493 0.07345971563981044
0 0.6630265210608425 0.49526066350710907 0.093603744149766 0.35545023696682465
0 0.6973478939157567 0.4395734597156398 0.056162246489859596 0.2061611374407583
0 0.7574102964118565 0.6315165876777251 0.18252730109204368 0.6800947867298579
0 0.8806552262090483 0.4502369668246446 0.0670826833073323 0.2511848341232228
0 0.93603744149766 0.5734597156398105 0.12480499219968799 0.5402843601895735
0 0.9758190327613104 0.4727488151658768 0.0452418096723869 0.27725118483412325
2 0.7129485179407177 0.36255924170616116 0.0249609984399376 0.07582938388625593
2 0.3221528861154446 0.35663507109004744 0.0452418096723869 0.10189573459715641
