0 0.14400000000000002 0.4786184210526315 0.224 0.9111842105263157
0 0.261 0.5032894736842105 0.146 0.5855263157894737
0 0.396 0.49671052631578944 0.12 0.48026315789473684
0 0.507 0.506578947368421 0.094 0.375
0 0.604 0.48355263157894735 0.084 0.3421052631578947
0 0.676 0.5213815789473684 0.076 0.3125
0 0.769 0.5148026315789473 0.062 0.2532894736842105
0 0.853 0.5164473684210527 0.058 0.23026315789473684
0 0.9470000000000001 0.5148026315789473 0.05 0.20723684210526314
0 0.018000000000000002 0.5263157894736842 0.036000000000000004 0.15789473684210525
0 0.057 0.4917763157894737 0.042 0.18092105263157893
0 0.07100000000000001 0.1644736842105263 0.022 0.09210526315789473
0 0.368 0.17269736842105263 0.016 0.0625
0 0.34900000000000003 0.16776315789473684 0.018000000000000002 0.07236842105263158
0 0.323 0.16611842105263158 0.018000000000000002 0.0756578947368421
0 0.461 0.513157894736842 0.03 0.125
0 0.8140000000000001 0.5 0.028 0.125
0 0.908 0.5082236842105263 0.02 0.08881578947368421
2 0.495 0.34539473684210525 0.022 0.039473684210526314
2 0.71 0.5411184210526315 0.028 0.08223684210526315
2 0.985 0.513157894736842 0.022 0.05921052631578947
2 0.884 0.5197368421052632 0.02 0.05921052631578947
2 0.079 0.5460526315789473 0.022 0.06578947368421052
2 0.309 0.5032894736842105 0.03 0.09210526315789473
