0 0.6108333333333333 0.5739348370927317 0.17833333333333334 0.6616541353383458
0 0.9625 0.5764411027568922 0.07166666666666667 0.44110275689223055
0 0.925 0.5977443609022556 0.08333333333333334 0.3082706766917293
0 0.8508333333333334 0.6052631578947368 0.08166666666666667 0.2982456140350877
0 0.8916666666666667 0.5952380952380952 0.08666666666666667 0.3182957393483709
0 0.8091666666666667 0.606516290726817 0.085 0.3107769423558897
0 0.7375 0.6052631578947368 0.085 0.3132832080200501
0 0.04416666666666667 0.6466165413533834 0.07500000000000001 0.2807017543859649
0 0.12333333333333334 0.6453634085213033 0.08 0.2932330827067669
0 0.22333333333333336 0.644110275689223 0.07666666666666667 0.2907268170426065
0 0.9575 0.5802005012531328 0.08166666666666667 0.3583959899749373
0 0.7633333333333334 0.600250626566416 0.07666666666666667 0.2832080200501253
0 0.48750000000000004 0.07393483709273183 0.025 0.09774436090225563
0 0.5166666666666667 0.08646616541353383 0.02666666666666667 0.10275689223057644
0 0.6066666666666667 0.13909774436090225 0.030000000000000002 0.10776942355889724
0 0.5925 0.12531328320802004 0.03166666666666667 0.12531328320802004
0 0.9775 0.11278195488721804 0.03166666666666667 0.12030075187969924
0 0.6208333333333333 0.15413533834586465 0.021666666666666667 0.07769423558897243
0 0.8066666666666668 0.03383458646616541 0.016666666666666666 0.06766917293233082
0 0.9750000000000001 0.03258145363408521 0.016666666666666666 0.06516290726817042
0 0.89 0.21303258145363407 0.03666666666666667 0.13533834586466165
0 0.9183333333333334 0.21679197994987467 0.03666666666666667 0.13784461152882205
0 0.8358333333333334 0.16040100250626566 0.03166666666666667 0.12531328320802004
0 0.7741666666666667 0.19924812030075187 0.03166666666666667 0.11779448621553884
0 0.7283333333333334 0.22807017543859648 0.03333333333333333 0.12030075187969924
2 0.7883333333333333 0.49122807017543857 0.02 0.05012531328320802
2 0.01916666666666667 0.5438596491228069 0.03166666666666667 0.08020050125313283
2 0.009166666666666667 0.6090225563909775 0.018333333333333333 0.16541353383458646
2 0.08 0.6090225563909775 0.016666666666666666 0.06516290726817042
2 0.08083333333333334 0.5601503759398496 0.025 0.05764411027568922
2 0.7150000000000001 0.49373433583959897 0.02 0.05513784461152882
2 0.4916666666666667 0.4323308270676691 0.02666666666666667 0.05263157894736842
2 0.5091666666666667 0.40977443609022557 0.03833333333333334 0.09774436090225563
2 0.6716666666666667 0.022556390977443608 0.02 0.045112781954887216
2 0.6675000000000001 0.06015037593984962 0.021666666666666667 0.03007518796992481
2 0.6950000000000001 0.05764411027568922 0.02666666666666667 0.06516290726817042
2 0.7350000000000001 0.021303258145363407 0.02666666666666667 0.042606516290726815
2 0.9125000000000001 0.09147869674185463 0.025 0.07268170426065163
2 0.9525 0.11403508771929824 0.018333333333333333 0.03759398496240601
2 0.7575000000000001 0.47243107769423553 0.03833333333333334 0.06766917293233082
2 0.8650000000000001 0.47619047619047616 0.03333333333333333 0.09022556390977443
4 0.24666666666666667 0.2631578947368421 0.49333333333333335 0.5263157894736842
4 0.8066666666666668 0.2794486215538847 0.38333333333333336 0.46867167919799496
