0 0.13416666666666668 0.555 0.115 0.425
0 0.23833333333333334 0.5750000000000001 0.10666666666666667 0.395
0 0.30000000000000004 0.55375 0.11 0.40750000000000003
0 0.3741666666666667 0.57375 0.10500000000000001 0.3825
0 0.44333333333333336 0.5575 0.11 0.41000000000000003
0 0.5266666666666667 0.53625 0.12000000000000001 0.4475
0 0.6141666666666667 0.5337500000000001 0.11833333333333335 0.4375
0 0.7041666666666667 0.5425 0.115 0.425
0 0.7883333333333333 0.55625 0.11333333333333334 0.4175
0 0.8733333333333334 0.545 0.11 0.405
