0 0.03888888888888889 0.4891304347826087 0.07777777777777778 0.3913043478260869
0 0.08518518518518518 0.45108695652173914 0.10370370370370371 0.3913043478260869
0 0.12592592592592594 0.45652173913043476 0.10370370370370371 0.3695652173913043
0 0.18703703703703706 0.4375 0.0925925925925926 0.34239130434782605
0 0.21851851851851853 0.4375 0.0962962962962963 0.34239130434782605
0 0.26481481481481484 0.44565217391304346 0.1 0.358695652173913
0 0.9555555555555556 0.46739130434782605 0.08148148148148149 0.33695652173913043
0 0.8574074074074074 0.4483695652173913 0.07777777777777778 0.29891304347826086
0 0.9 0.45652173913043476 0.08148148148148149 0.2934782608695652
0 0.5148148148148148 0.4293478260869565 0.08888888888888889 0.31521739130434784
2 0.040740740740740744 0.29891304347826086 0.037037037037037035 0.08695652173913043
2 0.04814814814814815 0.6195652173913043 0.0962962962962963 0.2934782608695652
2 0.09444444444444444 0.6005434782608695 0.12222222222222223 0.23369565217391303
2 0.16111111111111112 0.5706521739130435 0.08518518518518518 0.22826086956521738
2 0.1962962962962963 0.5271739130434783 0.05925925925925926 0.18478260869565216
2 0.1537037037037037 0.44565217391304346 0.05555555555555556 0.15217391304347827
2 0.24629629629629632 0.5760869565217391 0.07777777777777778 0.21739130434782608
2 0.27037037037037037 0.48641304347826086 0.05185185185185186 0.16847826086956522
2 0.2851851851851852 0.32065217391304346 0.02962962962962963 0.06521739130434782
2 0.3074074074074074 0.30978260869565216 0.02962962962962963 0.09782608695652173
2 0.31666666666666665 0.3641304347826087 0.040740740740740744 0.14130434782608695
2 0.3351851851851852 0.44565217391304346 0.07777777777777778 0.17391304347826086
2 0.32222222222222224 0.5815217391304348 0.11111111111111112 0.2608695652173913
2 0.3685185185185185 0.36141304347826086 0.06296296296296297 0.1358695652173913
2 0.38703703703703707 0.2826086956521739 0.02592592592592593 0.043478260869565216
2 0.40185185185185185 0.3179347826086956 0.02592592592592593 0.059782608695652176
2 0.40740740740740744 0.5027173913043478 0.07407407407407407 0.2554347826086956
2 0.45925925925925926 0.4592391304347826 0.07407407407407407 0.1902173913043478
2 0.45740740740740743 0.5706521739130435 0.0925925925925926 0.22826086956521738
2 0.5240740740740741 0.5760869565217391 0.06296296296296297 0.21739130434782608
2 0.5425925925925926 0.4809782608695652 0.05555555555555556 0.1467391304347826
2 0.5907407407407408 0.5815217391304348 0.07777777777777778 0.22826086956521738
2 0.6037037037037037 0.4809782608695652 0.037037037037037035 0.125
2 0.575925925925926 0.42391304347826086 0.04814814814814815 0.11956521739130435
2 0.638888888888889 0.4429347826086956 0.04814814814814815 0.1358695652173913
2 0.6703703703703704 0.421195652173913 0.02962962962962963 0.09239130434782608
2 0.6574074074074074 0.5706521739130435 0.07777777777777778 0.2391304347826087
2 0.6925925925925926 0.46739130434782605 0.05185185185185186 0.13043478260869565
2 0.712962962962963 0.5842391304347826 0.1 0.21195652173913043
2 0.7611111111111112 0.5380434782608695 0.07037037037037037 0.18478260869565216
2 0.8203703703703704 0.5706521739130435 0.10740740740740741 0.22826086956521738
2 0.8222222222222223 0.47554347826086957 0.05185185185185186 0.125
2 0.7703703703703704 0.4701086956521739 0.06666666666666667 0.1358695652173913
2 0.7388888888888889 0.43478260869565216 0.06296296296296297 0.15217391304347827
2 0.8777777777777778 0.4782608695652174 0.05185185185185186 0.10869565217391304
2 0.8944444444444445 0.5190217391304348 0.04814814814814815 0.125
2 0.9185185185185185 0.6005434782608695 0.12592592592592594 0.2554347826086956
2 0.9796296296296296 0.6059782608695652 0.03333333333333333 0.23369565217391303
2 0.8037037037037037 0.3695652173913043 0.06666666666666667 0.14130434782608695
2 0.7814814814814816 0.3233695652173913 0.037037037037037035 0.08152173913043478
2 0.75 0.3559782608695652 0.06296296296296297 0.1467391304347826
2 0.7055555555555556 0.3668478260869565 0.04814814814814815 0.1358695652173913
2 0.6703703703703704 0.33152173913043476 0.037037037037037035 0.09782608695652173
2 0.6518518518518519 0.33967391304347827 0.037037037037037035 0.09239130434782608
2 0.6296296296296297 0.3342391304347826 0.02962962962962963 0.11413043478260869
2 0.6055555555555556 0.3532608695652174 0.03333333333333333 0.13043478260869565
2 0.5777777777777778 0.31521739130434784 0.037037037037037035 0.08695652173913043
2 0.5574074074074075 0.37771739130434784 0.040740740740740744 0.1793478260869565
2 0.48703703703703705 0.358695652173913 0.03333333333333333 0.13043478260869565
2 0.4222222222222222 0.3668478260869565 0.037037037037037035 0.15760869565217392
