0 0.9416666666666668 0.6297297297297297 0.09333333333333334 0.372972972972973
0 0.8941666666666668 0.5878378378378378 0.06833333333333334 0.27297297297297296
0 0.7925000000000001 0.5743243243243243 0.065 0.26216216216216215
0 0.7658333333333334 0.6270270270270271 0.07166666666666667 0.2810810810810811
0 0.7108333333333334 0.5905405405405406 0.058333333333333334 0.24054054054054055
0 0.7100000000000001 0.568918918918919 0.05666666666666667 0.22972972972972974
0 0.6591666666666667 0.6364864864864865 0.09833333333333334 0.38648648648648654
0 0.6391666666666667 0.5905405405405406 0.07166666666666667 0.28378378378378377
0 0.5908333333333333 0.6432432432432433 0.10500000000000001 0.41621621621621624
0 0.5558333333333334 0.5851351351351352 0.07833333333333334 0.31081081081081086
0 0.4783333333333334 0.6851351351351351 0.12333333333333334 0.4891891891891892
0 0.5041666666666667 0.5472972972972974 0.04166666666666667 0.16486486486486487
0 0.42333333333333334 0.5635135135135135 0.05666666666666667 0.22432432432432434
0 0.3691666666666667 0.5972972972972973 0.07500000000000001 0.2972972972972973
0 0.325 0.5594594594594595 0.05 0.2
0 0.30333333333333334 0.5162162162162163 0.02666666666666667 0.11351351351351352
0 0.26833333333333337 0.6513513513513514 0.1 0.40540540540540543
0 0.23750000000000002 0.5405405405405406 0.03166666666666667 0.13513513513513514
0 0.22166666666666668 0.5310810810810811 0.030000000000000002 0.12702702702702703
0 0.19083333333333335 0.5216216216216216 0.025 0.0972972972972973
0 0.2066666666666667 0.5094594594594595 0.023333333333333334 0.0945945945945946
0 0.17083333333333334 0.5094594594594595 0.025 0.1
0 0.125 0.5094594594594595 0.02 0.0891891891891892
0 0.4058333333333334 0.5256756756756757 0.028333333333333335 0.12162162162162163
0 0.38833333333333336 0.5513513513513514 0.04 0.16216216216216217
2 0.29500000000000004 0.48378378378378384 0.016666666666666666 0.05405405405405406
2 0.28833333333333333 0.47702702702702704 0.013333333333333334 0.01891891891891892
2 0.39916666666666667 0.4783783783783784 0.011666666666666667 0.043243243243243246
2 0.4491666666666667 0.4918918918918919 0.035 0.08108108108108109
4 0.14333333333333334 0.5067567567567568 0.05 0.08378378378378379
