0 0.9583333333333334 0.5337500000000001 0.05 0.1825
0 0.925 0.7625000000000001 0.060000000000000005 0.22
0 0.92 0.68125 0.05333333333333334 0.2025
0 0.8716666666666667 0.72875 0.05666666666666667 0.20750000000000002
0 0.9833333333333334 0.72 0.030000000000000002 0.2
0 0.8216666666666668 0.68625 0.05 0.1825
0 0.7933333333333333 0.7675000000000001 0.060000000000000005 0.22
0 0.7633333333333334 0.745 0.05333333333333334 0.2
0 0.7383333333333334 0.70125 0.05666666666666667 0.20750000000000002
0 0.6708333333333334 0.76125 0.06166666666666667 0.2275
0 0.6391666666666667 0.73625 0.058333333333333334 0.2175
0 0.62 0.70875 0.05666666666666667 0.2125
0 0.5733333333333334 0.71125 0.05666666666666667 0.20750000000000002
0 0.505 0.69625 0.05333333333333334 0.2025
0 0.455 0.69375 0.05666666666666667 0.2125
0 0.43250000000000005 0.66 0.045000000000000005 0.165
0 0.4066666666666667 0.75875 0.05333333333333334 0.2025
0 0.39083333333333337 0.77125 0.058333333333333334 0.2225
0 0.36250000000000004 0.7175 0.05166666666666667 0.195
0 0.29000000000000004 0.7425 0.060000000000000005 0.22
0 0.26666666666666666 0.7625000000000001 0.06333333333333334 0.23
0 0.24500000000000002 0.68875 0.04666666666666667 0.1775
0 0.18500000000000003 0.74875 0.05666666666666667 0.2125
0 0.1691666666666667 0.77125 0.055 0.2025
0 0.10500000000000001 0.7225 0.060000000000000005 0.22
0 0.15333333333333335 0.685 0.05 0.19
0 0.07 0.76125 0.060000000000000005 0.2175
0 0.04583333333333334 0.69625 0.04833333333333334 0.1825
0 0.01916666666666667 0.71875 0.03833333333333334 0.23750000000000002
0 0.2758333333333334 0.62375 0.045000000000000005 0.1675
0 0.11583333333333334 0.5962500000000001 0.045000000000000005 0.1675
0 0.47750000000000004 0.555 0.03833333333333334 0.14
0 0.5458333333333334 0.57625 0.04833333333333334 0.1825
0 0.6841666666666667 0.69375 0.05166666666666667 0.1975
0 0.7025 0.6687500000000001 0.055 0.20750000000000002
0 0.745 0.59875 0.04 0.1525
0 0.7625000000000001 0.55875 0.03833333333333334 0.1475
0 0.8916666666666667 0.5387500000000001 0.04666666666666667 0.1775
0 0.8766666666666667 0.5650000000000001 0.04666666666666667 0.17500000000000002
2 0.8641666666666667 0.6175 0.03833333333333334 0.085
2 0.08666666666666667 0.6175 0.03333333333333333 0.1
2 0.14583333333333334 0.725 0.035 0.115
2 0.2966666666666667 0.63125 0.04 0.0775
2 0.38333333333333336 0.6125 0.02666666666666667 0.08
2 0.41750000000000004 0.5675 0.04166666666666667 0.08
2 0.42083333333333334 0.51875 0.045000000000000005 0.08750000000000001
2 0.3925 0.485 0.028333333333333335 0.06
2 0.4608333333333334 0.48125 0.04166666666666667 0.0675
2 0.275 0.4825 0.04666666666666667 0.08
2 0.33333333333333337 0.47750000000000004 0.043333333333333335 0.08
2 0.12250000000000001 0.48125 0.04833333333333334 0.0825
2 0.5325000000000001 0.485 0.035 0.075
2 0.5941666666666667 0.62625 0.03833333333333334 0.0825
2 0.5925 0.5675 0.04166666666666667 0.085
2 0.6191666666666668 0.515 0.045000000000000005 0.09
2 0.5925 0.4875 0.03833333333333334 0.07
2 0.665 0.48625 0.04 0.0725
2 0.5025000000000001 0.5675 0.045000000000000005 0.08
2 0.6733333333333333 0.56875 0.04 0.0975
2 0.6933333333333334 0.5225 0.04 0.075
2 0.7441666666666668 0.48 0.04166666666666667 0.07
2 0.8183333333333334 0.49 0.04 0.08
2 0.8133333333333334 0.5337500000000001 0.03666666666666667 0.0775
2 0.7725000000000001 0.62125 0.03166666666666667 0.0675
2 0.2041666666666667 0.62125 0.03833333333333334 0.0725
