0 0.12166666666666667 0.5103857566765578 0.12000000000000001 0.5281899109792285
0 0.165 0.5474777448071216 0.12000000000000001 0.5192878338278932
0 0.24916666666666668 0.5474777448071216 0.11166666666666668 0.4836795252225519
0 0.30000000000000004 0.5489614243323442 0.11666666666666667 0.5163204747774481
0 0.3691666666666667 0.5415430267062314 0.125 0.5489614243323442
0 0.44333333333333336 0.5652818991097923 0.13 0.5727002967359051
0 0.5025000000000001 0.5727002967359051 0.125 0.5400593471810089
0 0.5816666666666667 0.5741839762611276 0.12333333333333334 0.5370919881305638
0 0.65 0.5845697329376854 0.13333333333333333 0.5816023738872403
0 0.7150000000000001 0.5252225519287834 0.12666666666666668 0.5578635014836796
0 0.7908333333333334 0.5252225519287834 0.14500000000000002 0.6409495548961425
0 0.8683333333333334 0.5415430267062314 0.15333333333333335 0.6676557863501484
2 0.24333333333333335 0.3249258160237389 0.08666666666666667 0.18694362017804156
2 0.3275 0.3086053412462908 0.045000000000000005 0.1483679525222552
2 0.42250000000000004 0.2818991097922849 0.09166666666666667 0.18991097922848665
2 0.5058333333333334 0.28041543026706234 0.065 0.09792284866468844
2 0.5608333333333334 0.2759643916913947 0.05166666666666667 0.08902077151335312
2 0.665 0.2997032640949555 0.07 0.17804154302670624
