0 0.20466666666666666 0.5100401606425702 0.092 0.3373493975903614
0 0.326 0.465863453815261 0.06533333333333333 0.24096385542168672
0 0.43866666666666665 0.48895582329317266 0.06133333333333333 0.23092369477911645
0 0.5306666666666666 0.5512048192771084 0.10933333333333332 0.40361445783132527
0 0.9713333333333333 0.49999999999999994 0.05466666666666666 0.22088353413654616
0 0.96 0.4548192771084337 0.05333333333333333 0.19477911646586343
0 0.014666666666666666 0.47791164658634533 0.029333333333333333 0.1967871485943775
0 0.024666666666666667 0.46686746987951805 0.04933333333333333 0.2188755020080321
0 0.054 0.4829317269076305 0.052 0.19076305220883533
0 0.07666666666666666 0.47088353413654616 0.05466666666666666 0.20281124497991965
0 0.09533333333333333 0.4759036144578313 0.05466666666666666 0.2008032128514056
0 0.128 0.4728915662650602 0.056 0.20682730923694778
0 0.15466666666666667 0.4799196787148594 0.05333333333333333 0.1967871485943775
0 0.22333333333333333 0.4829317269076305 0.05733333333333333 0.2108433734939759
0 0.2653333333333333 0.4839357429718875 0.05333333333333333 0.1967871485943775
0 0.2846666666666667 0.43172690763052207 0.036 0.1325301204819277
0 0.3453333333333333 0.4839357429718875 0.04533333333333333 0.17269076305220882
0 0.4106666666666667 0.4799196787148594 0.04533333333333333 0.17269076305220882
0 0.5806666666666667 0.44477911646586343 0.03333333333333333 0.12248995983935741
0 0.23666666666666666 0.4638554216867469 0.03866666666666667 0.14056224899598393
0 0.30933333333333335 0.49999999999999994 0.042666666666666665 0.1606425702811245
0 0.192 0.4829317269076305 0.05333333333333333 0.19879518072289154
0 0.3993333333333333 0.3905622489959839 0.009333333333333332 0.03413654618473895
0 0.594 0.4046184738955823 0.022666666666666665 0.0823293172690763
0 0.6033333333333333 0.43875502008032125 0.028 0.10240963855421686
0 0.6453333333333333 0.46686746987951805 0.04533333333333333 0.17068273092369476
0 0.722 0.4949799196787148 0.044 0.16265060240963855
0 0.712 0.44678714859437746 0.034666666666666665 0.13052208835341364
0 0.7566666666666666 0.40361445783132527 0.014666666666666666 0.056224899598393566
0 0.748 0.44678714859437746 0.029333333333333333 0.10642570281124497
0 0.7846666666666666 0.4357429718875502 0.028 0.10441767068273092
0 0.8666666666666666 0.3885542168674698 0.010666666666666666 0.04618473895582329
0 0.8626666666666667 0.49598393574297184 0.04533333333333333 0.1686746987951807
0 0.9033333333333333 0.40261044176706823 0.02 0.07831325301204818
0 0.9199999999999999 0.4839357429718875 0.048 0.17670682730923692
0 0.6846666666666666 0.393574297188755 0.009333333333333332 0.040160642570281124
0 0.6913333333333334 0.3905622489959839 0.009333333333333332 0.038152610441767064
0 0.662 0.39156626506024095 0.009333333333333332 0.03614457831325301
0 0.8366666666666667 0.3965863453815261 0.012 0.04216867469879518
0 0.8426666666666667 0.394578313253012 0.010666666666666666 0.038152610441767064
0 0.85 0.38955823293172687 0.009333333333333332 0.03614457831325301
0 0.894 0.43473895582329314 0.025333333333333333 0.09437751004016064
0 0.9413333333333334 0.4538152610441767 0.03733333333333333 0.14457831325301204
2 0.03866666666666667 0.3825301204819277 0.018666666666666665 0.03012048192771084
2 0.09133333333333334 0.3704819277108433 0.012 0.018072289156626505
2 0.10933333333333332 0.39558232931726905 0.010666666666666666 0.028112449799196783
2 0.13599999999999998 0.3905622489959839 0.016 0.03413654618473895
2 0.16799999999999998 0.3985943775100401 0.018666666666666665 0.04618473895582329
2 0.23466666666666666 0.38554216867469876 0.016 0.040160642570281124
2 0.24533333333333332 0.3785140562248996 0.016 0.03012048192771084
2 0.2673333333333333 0.4016064257028112 0.014666666666666666 0.048192771084337345
2 0.29866666666666664 0.4156626506024096 0.021333333333333333 0.0682730923694779
2 0.3466666666666667 0.3865461847389558 0.010666666666666666 0.018072289156626505
2 0.35666666666666663 0.3975903614457831 0.017333333333333333 0.05220883534136546
2 0.422 0.4086345381526104 0.014666666666666666 0.04618473895582329
2 0.37666666666666665 0.5120481927710843 0.04133333333333333 0.1285140562248996
2 0.3753333333333333 0.4257028112449799 0.036 0.04417670682730923
2 0.37266666666666665 0.4056224899598393 0.014666666666666666 0.0321285140562249
2 0.3913333333333333 0.40361445783132527 0.02 0.048192771084337345
2 0.39799999999999996 0.43172690763052207 0.009333333333333332 0.020080321285140562
2 0.482 0.4086345381526104 0.022666666666666665 0.058232931726907626
2 0.48 0.5411646586345381 0.04 0.10642570281124497
2 0.566 0.39257028112449793 0.025333333333333333 0.07028112449799197
2 0.5766666666666667 0.5491967871485943 0.03866666666666667 0.09036144578313252
2 0.5886666666666667 0.48895582329317266 0.017333333333333333 0.03413654618473895
2 0.608 0.4809236947791164 0.021333333333333333 0.04216867469879518
2 0.6166666666666667 0.5401606425702811 0.03333333333333333 0.11646586345381525
2 0.624 0.42469879518072284 0.016 0.058232931726907626
2 0.6506666666666666 0.536144578313253 0.034666666666666665 0.12048192771084336
2 0.6953333333333334 0.5632530120481927 0.06266666666666666 0.07831325301204818
2 0.6966666666666667 0.47891566265060237 0.022666666666666665 0.05421686746987951
2 0.7106666666666667 0.38955823293172687 0.032 0.04417670682730923
2 0.7373333333333333 0.4016064257028112 0.018666666666666665 0.048192771084337345
2 0.742 0.5411646586345381 0.044 0.1184738955823293
2 0.756 0.46084337349397586 0.010666666666666666 0.03413654618473895
2 0.7726666666666666 0.48995983935742965 0.03333333333333333 0.056224899598393566
2 0.7853333333333333 0.5421686746987951 0.04533333333333333 0.11244979919678713
2 0.8006666666666666 0.49196787148594373 0.028 0.07228915662650602
2 0.8066666666666666 0.465863453815261 0.013333333333333332 0.03614457831325301
2 0.8093333333333333 0.43072289156626503 0.018666666666666665 0.03012048192771084
2 0.8293333333333333 0.5421686746987951 0.03733333333333333 0.1325301204819277
2 0.8693333333333333 0.4156626506024096 0.013333333333333332 0.028112449799196783
2 0.874 0.539156626506024 0.04933333333333333 0.13052208835341364
2 0.844 0.47891566265060237 0.024 0.0502008032128514
2 0.8273333333333333 0.46485943775100397 0.017333333333333333 0.022088353413654616
2 0.8233333333333333 0.4548192771084337 0.02 0.04618473895582329
2 0.9193333333333333 0.5441767068273092 0.04933333333333333 0.1285140562248996
2 0.6513333333333333 0.3805220883534136 0.009333333333333332 0.018072289156626505
2 0.8853333333333333 0.4558232931726907 0.013333333333333332 0.024096385542168672
2 0.8933333333333333 0.4518072289156626 0.010666666666666666 0.028112449799196783
2 0.986 0.3845381526104417 0.009333333333333332 0.03413654618473895
4 0.056666666666666664 0.38755020080321284 0.02 0.028112449799196783
4 0.15866666666666665 0.3905622489959839 0.016 0.02610441767068273
4 0.478 0.40261044176706823 0.04133333333333333 0.07429718875502007
4 0.6453333333333333 0.3403614457831325 0.152 0.038152610441767064
4 0.7333333333333333 0.38755020080321284 0.010666666666666666 0.028112449799196783
4 0.7646666666666666 0.394578313253012 0.030666666666666665 0.038152610441767064
4 0.8066666666666666 0.394578313253012 0.056 0.0502008032128514
