0 0.44833333333333336 0.5705202312138729 0.4466666666666667 0.7572254335260116
0 0.29083333333333333 0.4878612716763006 0.26833333333333337 0.45780346820809253
0 0.22666666666666668 0.4838150289017341 0.22666666666666668 0.3826589595375723
0 0.6783333333333333 0.44046242774566474 0.15666666666666668 0.26589595375722547
0 0.9500000000000001 0.438728323699422 0.09666666666666668 0.246242774566474
0 0.8633333333333334 0.4023121387283237 0.10666666666666667 0.18034682080924858
0 0.8066666666666668 0.4092485549132948 0.09000000000000001 0.15260115606936417
0 0.7783333333333334 0.41040462427745666 0.09333333333333334 0.16184971098265896
0 0.7383333333333334 0.3855491329479769 0.08333333333333334 0.14450867052023122
0 0.6041666666666667 0.3976878612716763 0.10500000000000001 0.17803468208092488
0 0.9166666666666667 0.392485549132948 0.06666666666666667 0.11676300578034683
0 0.14583333333333334 0.42832369942196535 0.14166666666666666 0.2439306358381503
0 0.07166666666666667 0.4317919075144509 0.13333333333333333 0.22774566473988442
0 0.05166666666666667 0.4254335260115607 0.10333333333333335 0.19884393063583816
0 0.11833333333333335 0.4248554913294798 0.13 0.22312138728323702
0 0.025 0.3976878612716763 0.05 0.16416184971098266
2 0.9483333333333334 0.34104046242774566 0.03666666666666667 0.04161849710982659
2 0.07250000000000001 0.3104046242774567 0.025 0.024277456647398846
2 0.09416666666666668 0.31213872832369943 0.03166666666666667 0.020809248554913295
2 0.052500000000000005 0.31445086705202313 0.025 0.020809248554913295
2 0.02416666666666667 0.3242774566473989 0.03166666666666667 0.024277456647398846
