0 0.145625 0.599437148217636 0.09625 0.35834896810506567
0 0.22187500000000002 0.5816135084427767 0.10625 0.39399624765478425
0 0.283125 0.5975609756097561 0.09875 0.36585365853658536
0 0.33437500000000003 0.5572232645403377 0.09375 0.34146341463414637
0 0.39187500000000003 0.550656660412758 0.09625 0.3545966228893058
0 0.45 0.5422138836772983 0.10250000000000001 0.3789868667917448
0 0.50625 0.5422138836772983 0.0975 0.3602251407129456
0 0.5675 0.5393996247654784 0.1 0.36585365853658536
0 0.62625 0.5469043151969981 0.0975 0.35834896810506567
0 0.685 0.599437148217636 0.0975 0.35834896810506567
0 0.74625 0.5928705440900562 0.0975 0.36397748592870544
0 0.81 0.5975609756097561 0.095 0.34709193245778613
0 0.87875 0.5947467166979362 0.0975 0.3602251407129456
4 0.00875 0.3921200750469043 0.0175 0.0300187617260788
4 0.114375 0.45684803001876173 0.02625 0.020637898686679174
4 0.9675 0.5356472795497186 0.01 0.028142589118198873
4 0.925 0.4971857410881801 0.0175 0.01876172607879925
