0 0.5576923076923077 0.739193083573487 0.13461538461538464 0.49855907780979825
0 0.7336538461538462 0.6469740634005763 0.09423076923076923 0.3487031700288184
0 0.8048076923076923 0.6023054755043227 0.07500000000000001 0.27665706051873196
0 0.851923076923077 0.5662824207492795 0.06153846153846154 0.2334293948126801
0 0.9019230769230769 0.537463976945245 0.05 0.1930835734870317
0 0.9278846153846154 0.5201729106628242 0.04807692307692308 0.18155619596541786
0 0.9471153846153847 0.4971181556195965 0.04038461538461539 0.15273775216138327
0 0.9548076923076924 0.4827089337175792 0.04038461538461539 0.15273775216138327
0 0.3423076923076923 0.6527377521613832 0.09615384615384616 0.35446685878962536
0 0.5153846153846154 0.6080691642651297 0.08076923076923077 0.29971181556195964
0 0.6230769230769231 0.5605187319884726 0.06538461538461539 0.239193083573487
0 0.7163461538461539 0.531700288184438 0.05576923076923077 0.21037463976945245
0 0.764423076923077 0.5100864553314121 0.04807692307692308 0.1786743515850144
0 0.8009615384615385 0.48847262247838613 0.04038461538461539 0.15850144092219018
0 0.8355769230769231 0.4827089337175792 0.03653846153846154 0.14121037463976943
0 0.875 0.4524495677233429 0.023076923076923078 0.08645533141210374
0 0.8634615384615385 0.462536023054755 0.026923076923076925 0.10086455331412103
0 0.6990384615384616 0.47982708933717577 0.03653846153846154 0.14121037463976943
0 0.7461538461538462 0.462536023054755 0.03461538461538462 0.1239193083573487
0 0.7740384615384616 0.4610951008645533 0.028846153846153848 0.1095100864553314
0 0.6875 0.45389048991354464 0.025 0.09510086455331411
0 0.6576923076923077 0.462536023054755 0.03076923076923077 0.11239193083573486
0 0.6442307692307693 0.4971181556195965 0.04230769230769231 0.15850144092219018
0 0.6000000000000001 0.44812680115273773 0.026923076923076925 0.10086455331412103
0 0.5538461538461539 0.46397694524495675 0.03076923076923077 0.11527377521613832
0 0.5230769230769231 0.43083573487031696 0.023076923076923078 0.0893371757925072
0 0.4105769230769231 0.5043227665706052 0.04807692307692308 0.1844380403458213
0 0.4326923076923077 0.4769452449567723 0.038461538461538464 0.14697406340057637
0 0.2923076923076923 0.5273775216138328 0.05384615384615385 0.20172910662824206
0 0.2778846153846154 0.462536023054755 0.032692307692307694 0.1239193083573487
0 0.20288461538461539 0.6023054755043227 0.07884615384615384 0.2881844380403458
0 0.09326923076923077 0.5518731988472622 0.06346153846153846 0.239193083573487
0 0.07788461538461539 0.537463976945245 0.05961538461538462 0.2276657060518732
0 0.028846153846153848 0.5129682997118156 0.05384615384615385 0.19596541786743515
0 0.13365384615384615 0.4524495677233429 0.028846153846153848 0.11527377521613832
0 0.14711538461538462 0.44092219020172907 0.025 0.09221902017291066
0 0.014423076923076924 0.49279538904899134 0.028846153846153848 0.17291066282420747
0 0.15961538461538463 0.40922190201729103 0.019230769230769232 0.06916426512968299
0 0.11730769230769231 0.4682997118155619 0.03461538461538462 0.1239193083573487
0 0.04134615384615385 0.4726224783861671 0.03653846153846154 0.13832853025936598
0 0.1807692307692308 0.49279538904899134 0.04230769230769231 0.15561959654178673
0 0.22884615384615387 0.45821325648414984 0.03461538461538462 0.12680115273775217
0 0.2519230769230769 0.4553314121037464 0.026923076923076925 0.1095100864553314
0 0.31346153846153846 0.42939481268011526 0.019230769230769232 0.08069164265129683
0 0.32884615384615384 0.4365994236311239 0.023076923076923078 0.0893371757925072
0 0.5048076923076923 0.5187319884726225 0.04038461538461539 0.15561959654178673
0 0.5173076923076924 0.42507204610951005 0.019230769230769232 0.07204610951008646
2 0.8528846153846155 0.4207492795389049 0.01730769230769231 0.04610951008645533
2 0.6884615384615385 0.2190201729106628 0.019230769230769232 0.034582132564841495
2 0.7009615384615385 0.21469740634005763 0.01730769230769231 0.037463976945244955
2 0.7230769230769232 0.42939481268011526 0.023076923076923078 0.07492795389048991
2 0.5788461538461539 0.46974063400576366 0.046153846153846156 0.09221902017291066
2 0.614423076923077 0.44092219020172907 0.01730769230769231 0.05187319884726224
2 0.6365384615384616 0.42507204610951005 0.023076923076923078 0.0547550432276657
2 0.6163461538461539 0.41498559077809793 0.013461538461538462 0.04610951008645533
2 0.06634615384615385 0.3919308357348703 0.013461538461538462 0.02881844380403458
2 0.19615384615384618 0.4121037463976945 0.019230769230769232 0.040345821325648415
2 0.5644230769230769 0.41930835734870314 0.01730769230769231 0.07204610951008646
2 0.5807692307692308 0.41354466858789624 0.019230769230769232 0.037463976945244955
4 0.06634615384615385 0.42939481268011526 0.12884615384615386 0.1095100864553314
4 0.17500000000000002 0.4121037463976945 0.03461538461538462 0.05187319884726224
4 0.3490384615384616 0.4510086455331412 0.225 0.15273775216138327
4 0.4903846153846154 0.4553314121037464 0.05 0.13832853025936598
4 0.5432692307692308 0.4438040345821325 0.021153846153846155 0.09798270893371758
