0 0.18833333333333335 0.68875 0.09000000000000001 0.3275
0 0.34 0.5875 0.04666666666666667 0.18
0 0.2758333333333334 0.545 0.04166666666666667 0.15
0 0.22666666666666668 0.52875 0.03666666666666667 0.14250000000000002
0 0.37583333333333335 0.5725 0.04833333333333334 0.18
0 0.395 0.5575 0.04 0.155
0 0.4266666666666667 0.6062500000000001 0.03666666666666667 0.1375
0 0.43833333333333335 0.54625 0.043333333333333335 0.1575
0 0.4816666666666667 0.51125 0.030000000000000002 0.1125
0 0.5316666666666667 0.64 0.06333333333333334 0.23500000000000001
0 0.5775 0.70875 0.085 0.3175
0 0.6091666666666667 0.64125 0.05166666666666667 0.1875
0 0.7025 0.70125 0.08833333333333333 0.3325
0 0.7691666666666667 0.6687500000000001 0.08166666666666667 0.3025
0 0.8266666666666668 0.64125 0.06333333333333334 0.23750000000000002
0 0.3166666666666667 0.5375 0.043333333333333335 0.165
2 0.33916666666666667 0.885 0.11833333333333335 0.19
2 0.48000000000000004 0.89625 0.11666666666666667 0.1825
2 0.9650000000000001 0.525 0.05 0.11
2 0.8816666666666667 0.5175 0.03333333333333333 0.1
2 0.7591666666666668 0.49875 0.028333333333333335 0.0675
2 0.7291666666666667 0.4925 0.025 0.075
2 0.6991666666666667 0.46625 0.03166666666666667 0.0675
2 0.6675000000000001 0.47750000000000004 0.03166666666666667 0.065
2 0.6341666666666667 0.45875 0.025 0.0675
2 0.6075 0.50375 0.03833333333333334 0.0725
2 0.5441666666666667 0.5 0.03166666666666667 0.04
2 0.18333333333333335 0.48375 0.03666666666666667 0.0425
4 0.30833333333333335 0.44125000000000003 0.6033333333333334 0.2175
