0 0.164 0.5795795795795796 0.056 0.21621621621621623
0 0.198 0.5825825825825826 0.064 0.23423423423423423
0 0.271 0.6081081081081081 0.08600000000000001 0.3153153153153153
0 0.299 0.6126126126126126 0.09 0.3363363363363363
0 0.512 0.6651651651651651 0.14 0.5135135135135135
0 0.552 0.5900900900900901 0.06 0.22522522522522523
0 0.583 0.596096096096096 0.078 0.2852852852852853
0 0.637 0.6126126126126126 0.08600000000000001 0.32432432432432434
0 0.727 0.5900900900900901 0.062 0.23723723723723725
0 0.787 0.5735735735735735 0.054 0.2042042042042042
0 0.8300000000000001 0.6336336336336337 0.096 0.35435435435435436
0 0.868 0.5780780780780781 0.07200000000000001 0.26726726726726724
0 0.937 0.6411411411411412 0.122 0.44744744744744747
3 0.803 0.22972972972972971 0.202 0.2732732732732733
