0 0.035937500000000004 0.515625 0.07187500000000001 0.32708333333333334
0 0.09453125000000001 0.5270833333333333 0.09843750000000001 0.3208333333333333
0 0.12812500000000002 0.4197916666666667 0.034375 0.11041666666666666
0 0.14375000000000002 0.4197916666666667 0.03125 0.10625
0 0.16171875000000002 0.45729166666666665 0.0546875 0.17708333333333334
0 0.19453125000000002 0.41041666666666665 0.029687500000000002 0.1
0 0.22187500000000002 0.3875 0.028125 0.09583333333333333
0 0.25234375000000003 0.41770833333333335 0.0328125 0.11458333333333333
0 0.30078125 0.5114583333333333 0.11093750000000001 0.36875
0 0.37265625 0.503125 0.1296875 0.42291666666666666
0 0.44843750000000004 0.4614583333333333 0.078125 0.25625
0 0.49140625000000004 0.3958333333333333 0.0234375 0.08333333333333333
0 0.5593750000000001 0.4666666666666667 0.06875 0.22916666666666666
0 0.6703125000000001 0.421875 0.034375 0.11041666666666666
0 0.75 0.47812499999999997 0.09062500000000001 0.29375
0 0.8 0.4770833333333333 0.084375 0.275
0 0.8921875 0.40729166666666666 0.028125 0.09375
0 0.9453125 0.4114583333333333 0.034375 0.11041666666666666
0 0.9875 0.409375 0.021875000000000002 0.11041666666666666
0 0.8617187500000001 0.396875 0.0171875 0.06041666666666667
0 0.6953125 0.4114583333333333 0.021875000000000002 0.07291666666666667
0 0.9765625 0.3958333333333333 0.018750000000000003 0.06666666666666667
