0 0.26129032258064516 0.5137420718816068 0.03225806451612903 0.10147991543340382
0 0.2830645161290323 0.5095137420718816 0.037096774193548385 0.11839323467230445
0 0.3185483870967742 0.5496828752642706 0.043548387096774194 0.1437632135306554
0 0.3967741935483871 0.4640591966173362 0.01935483870967742 0.06553911205073996
0 0.38548387096774195 0.445031712473573 0.012903225806451613 0.048625792811839326
0 0.44193548387096776 0.45665961945031713 0.016129032258064516 0.059196617336152224
0 0.4798387096774194 0.45877378435517974 0.017741935483870968 0.06342494714587738
0 0.542741935483871 0.5285412262156448 0.037096774193548385 0.11839323467230445
0 0.5661290322580645 0.5264270613107823 0.03225806451612903 0.10993657505285413
0 0.6080645161290322 0.4735729386892178 0.025806451612903226 0.08456659619450317
0 0.5830645161290322 0.46828752642706134 0.020967741935483872 0.06553911205073996
0 0.6274193548387097 0.525369978858351 0.041935483870967745 0.13742071881606766
0 0.7016129032258065 0.5095137420718816 0.035483870967741936 0.11839323467230445
0 0.7435483870967742 0.6088794926004228 0.07096774193548387 0.22832980972515857
0 0.7870967741935484 0.6183932346723044 0.06451612903225806 0.20930232558139536
0 0.7991935483870968 0.46934460887949264 0.027419354838709678 0.09302325581395349
0 0.8306451612903226 0.49471458773784355 0.03225806451612903 0.10570824524312897
0 0.8814516129032258 0.4260042283298097 0.01129032258064516 0.04016913319238901
0 0.9193548387096774 0.48731501057082455 0.02903225806451613 0.09090909090909091
0 0.9411290322580645 0.49788583509513745 0.03387096774193549 0.10782241014799154
0 0.9516129032258065 0.46828752642706134 0.02903225806451613 0.09090909090909091
0 0.9862903225806452 0.49471458773784355 0.024193548387096774 0.10147991543340382
2 0.9903225806451613 0.4260042283298097 0.016129032258064516 0.03594080338266385
2 0.7169354838709677 0.4344608879492601 0.027419354838709678 0.052854122621564484
4 0.6669354838709678 0.44820295983086683 0.3596774193548387 0.13107822410147993
