0 0.13818181818181818 0.24922600619195048 0.10181818181818182 0.4241486068111455
0 0.1190909090909091 0.4597523219814242 0.10363636363636364 0.4365325077399381
0 0.28363636363636363 0.6037151702786379 0.10181818181818182 0.4210526315789474
0 0.4318181818181818 0.5046439628482973 0.11090909090909092 0.4705882352941177
0 0.5490909090909091 0.47213622291021673 0.12363636363636364 0.5232198142414861
0 0.8881818181818182 0.4520123839009288 0.11818181818181818 0.5015479876160991
0 0.9536363636363636 0.4752321981424149 0.0890909090909091 0.4365325077399381
2 0.017272727272727273 0.26780185758513936 0.03090909090909091 0.09597523219814243
2 0.18727272727272729 0.24922600619195048 0.03636363636363636 0.09597523219814243
2 0.2590909090909091 0.20897832817337464 0.038181818181818185 0.07739938080495357
2 0.2972727272727273 0.3080495356037152 0.07090909090909091 0.15789473684210528
2 0.28 0.1609907120743034 0.03272727272727273 0.08668730650154799
2 0.30454545454545456 0.1609907120743034 0.02727272727272727 0.061919504643962855
2 0.34545454545454546 0.2260061919504644 0.04 0.08668730650154799
2 0.4027272727272727 0.19195046439628485 0.038181818181818185 0.08668730650154799
2 0.46545454545454545 0.19814241486068113 0.04363636363636364 0.08668730650154799
2 0.5181818181818182 0.21207430340557276 0.03636363636363636 0.06501547987616099
2 0.5690909090909091 0.12693498452012383 0.03272727272727273 0.08668730650154799
2 0.6309090909090909 0.09752321981424149 0.05090909090909091 0.08359133126934985
2 0.63 0.23993808049535606 0.06727272727272728 0.16408668730650156
2 0.6945454545454546 0.10681114551083593 0.04727272727272727 0.08359133126934985
2 0.7272727272727273 0.23839009287925697 0.06181818181818182 0.15479876160990713
2 0.75 0.13003095975232198 0.056363636363636366 0.08668730650154799
2 0.82 0.10526315789473685 0.05454545454545454 0.09287925696594428
2 0.8872727272727273 0.08978328173374614 0.04727272727272727 0.05572755417956657
2 0.9227272727272727 0.1671826625386997 0.04181818181818182 0.07430340557275542
2 0.9672727272727273 0.17337461300309598 0.03636363636363636 0.08668730650154799
