0 0.48533333333333334 0.6232464929859719 0.19733333333333333 0.7294589178356713
0 0.58 0.4789579158316633 0.12266666666666666 0.45290581162324645
0 0.6353333333333333 0.34669338677354705 0.044 0.16032064128256512
0 0.652 0.3577154308617234 0.03733333333333333 0.14228456913827653
0 0.6846666666666666 0.37374749498997994 0.04666666666666666 0.17434869739478956
0 0.7193333333333333 0.3637274549098196 0.044 0.16633266533066132
0 0.7386666666666667 0.37074148296593185 0.04 0.15230460921843686
0 0.7646666666666666 0.3687374749498998 0.04133333333333333 0.156312625250501
0 0.8019999999999999 0.3727454909819639 0.044 0.16032064128256512
0 0.8406666666666667 0.3817635270541082 0.03866666666666667 0.14228456913827653
0 0.9233333333333333 0.3987975951903807 0.03866666666666667 0.14829659318637273
0 0.9493333333333333 0.3987975951903807 0.042666666666666665 0.16032064128256512
0 0.8873333333333333 0.37374749498997994 0.03866666666666667 0.14629258517034066
2 0.058666666666666666 0.4629258517034068 0.096 0.156312625250501
2 0.20733333333333331 0.4819639278557114 0.08666666666666667 0.14629258517034066
2 0.3173333333333333 0.45591182364729455 0.06133333333333333 0.09819639278557113
2 0.42266666666666663 0.2715430861723447 0.024 0.0501002004008016
2 0.37066666666666664 0.283567134268537 0.024 0.0501002004008016
2 0.3453333333333333 0.2775551102204409 0.034666666666666665 0.06613226452905811
2 0.322 0.2685370741482966 0.02 0.04809619238476953
2 0.2773333333333333 0.280561122244489 0.024 0.044088176352705406
2 0.29333333333333333 0.3196392785571142 0.034666666666666665 0.04609218436873747
2 0.254 0.27655310621242485 0.017333333333333333 0.06012024048096192
2 0.2373333333333333 0.28456913827655306 0.026666666666666665 0.06012024048096192
2 0.20466666666666666 0.24148296593186372 0.028 0.038076152304609215
2 0.214 0.3006012024048096 0.04133333333333333 0.0721442885771543
2 0.16 0.2535070140280561 0.029333333333333333 0.0501002004008016
2 0.16999999999999998 0.3076152304609218 0.03333333333333333 0.06613226452905811
2 0.088 0.2985971943887775 0.034666666666666665 0.06813627254509018
2 0.054 0.3066132264529058 0.028 0.06813627254509018
2 0.010666666666666666 0.31462925851703405 0.021333333333333333 0.06012024048096192
2 0.42733333333333334 0.3396793587174348 0.044 0.09018036072144288
4 0.8033333333333333 0.3657314629258517 0.39066666666666666 0.2344689378757515
