0 0.05 0.40236686390532544 0.04666666666666667 0.15976331360946744
0 0.07 0.3846153846153846 0.042222222222222223 0.14201183431952663
0 0.12111111111111111 0.39349112426035504 0.042222222222222223 0.14201183431952663
0 0.14444444444444443 0.3979289940828402 0.044444444444444446 0.14497041420118342
0 0.17 0.39201183431952663 0.03777777777777778 0.1272189349112426
0 0.19444444444444445 0.386094674556213 0.03777777777777778 0.12130177514792899
0 0.2477777777777778 0.39201183431952663 0.06 0.1982248520710059
0 0.33555555555555555 0.40532544378698226 0.05333333333333333 0.1834319526627219
0 0.4722222222222222 0.5325443786982248 0.12666666666666668 0.42011834319526625
0 0.51 0.41420118343195267 0.08222222222222222 0.2781065088757396
0 0.5955555555555555 0.41715976331360943 0.07555555555555556 0.2485207100591716
0 0.6777777777777778 0.5 0.10222222222222223 0.3313609467455621
0 0.7144444444444444 0.378698224852071 0.06444444444444444 0.21301775147928995
0 0.8088888888888889 0.40088757396449703 0.06666666666666667 0.22189349112426035
0 0.93 0.507396449704142 0.13555555555555557 0.47633136094674555
0 0.8822222222222222 0.39201183431952663 0.07555555555555556 0.2514792899408284
2 0.09666666666666666 0.5251479289940828 0.09111111111111111 0.1272189349112426
2 0.39555555555555555 0.5887573964497042 0.1111111111111111 0.15976331360946744
2 0.5644444444444444 0.643491124260355 0.10666666666666666 0.1804733727810651
2 0.8011111111111111 0.7588757396449703 0.19777777777777777 0.29881656804733725
2 0.8188888888888889 0.5502958579881657 0.14444444444444443 0.17159763313609466
4 0.24888888888888888 0.35502958579881655 0.08888888888888889 0.10059171597633136
