0 0.9703125 0.45685279187817257 0.053125000000000006 0.2081218274111675
0 0.7828125 0.5380710659898477 0.059375000000000004 0.23857868020304568
0 0.7453125 0.5520304568527918 0.053125000000000006 0.21573604060913704
0 0.6953125 0.5685279187817258 0.046875 0.19289340101522842
0 0.6578125 0.5190355329949238 0.05 0.20050761421319796
0 0.53125 0.5850253807106599 0.0625 0.24619289340101522
0 0.5007812500000001 0.5862944162436547 0.0578125 0.23350253807106597
0 0.36640625000000004 0.46573604060913704 0.0578125 0.23604060913705582
0 0.3203125 0.41878172588832485 0.05 0.20304568527918782
0 0.30312500000000003 0.4961928934010152 0.059375000000000004 0.23604060913705582
0 0.28515625 0.6611675126903552 0.06406250000000001 0.2614213197969543
0 0.1875 0.7614213197969543 0.0625 0.24873096446700504
0 0.02421875 0.699238578680203 0.0484375 0.2309644670050761
0 0.20625000000000002 0.40609137055837563 0.046875 0.1878172588832487
2 0.20859375000000002 0.5850253807106599 0.0546875 0.10913705583756345
2 0.359375 0.31218274111675126 0.034375 0.07106598984771573
2 0.051562500000000004 0.30583756345177665 0.043750000000000004 0.09390862944162436
2 0.10078125 0.3312182741116751 0.0328125 0.10406091370558375
2 0.14765625000000002 0.3413705583756345 0.051562500000000004 0.12436548223350252
2 0.6937500000000001 0.42639593908629436 0.040625 0.055837563451776644
