0 0.105625 0.5536723163841808 0.13875 0.512241054613936
0 0.23750000000000002 0.5291902071563088 0.1525 0.5612052730696798
0 0.32125 0.527306967984934 0.1475 0.5461393596986817
0 0.3925 0.524482109227872 0.14250000000000002 0.5291902071563088
0 0.48125 0.5056497175141242 0.1475 0.5480225988700564
0 0.56875 0.5225988700564972 0.1375 0.5103578154425612
0 0.64 0.5357815442561205 0.145 0.5367231638418078
0 0.693125 0.5357815442561205 0.14625 0.5367231638418078
0 0.7675000000000001 0.5301318267419962 0.1475 0.5404896421845574
0 0.8462500000000001 0.5357815442561205 0.135 0.5028248587570622
0 0.88875 0.3691148775894538 0.0625 0.2335216572504708
2 0.8125 0.2909604519774011 0.045 0.08097928436911488
2 0.873125 0.707156308851224 0.12375 0.4576271186440678
2 0.739375 0.6836158192090395 0.11375 0.455743879472693
2 0.61 0.6817325800376648 0.1075 0.4444444444444444
2 0.478125 0.6930320150659134 0.08375 0.4105461393596987
2 0.376875 0.6883239171374764 0.08375 0.3860640301318267
2 0.25625 0.6704331450094162 0.08750000000000001 0.38418079096045193
2 0.1775 0.6741996233521657 0.07 0.391713747645951
