0 0.15583333333333335 0.6990407673860911 0.11166666666666668 0.39568345323741005
0 0.7933333333333333 0.7398081534772182 0.1 0.35731414868105515
0 0.32583333333333336 0.3345323741007194 0.05166666666666667 0.18944844124700239
0 0.9550000000000001 0.5539568345323741 0.08 0.28776978417266186
0 0.8041666666666667 0.4940047961630695 0.07166666666666667 0.24940047961630693
0 0.91 0.47362110311750594 0.07333333333333333 0.2661870503597122
0 0.8366666666666667 0.39208633093525175 0.06666666666666667 0.2422062350119904
0 0.8558333333333333 0.3741007194244604 0.05166666666666667 0.1870503597122302
0 0.6925 0.44844124700239807 0.06166666666666667 0.22541966426858512
0 0.6483333333333334 0.3752997601918465 0.060000000000000005 0.20863309352517984
0 0.9783333333333334 0.41247002398081534 0.04 0.24940047961630693
0 0.7466666666666667 0.32973621103117506 0.05 0.17985611510791366
2 0.5958333333333333 0.3345323741007194 0.035 0.05515587529976019
2 0.5883333333333334 0.28417266187050355 0.030000000000000002 0.04556354916067146
2 0.5525 0.2577937649880096 0.025 0.06474820143884892
2 0.5275000000000001 0.24580335731414865 0.021666666666666667 0.07913669064748201
2 0.5 0.24460431654676257 0.03333333333333333 0.05275779376498801
2 0.9791666666666667 0.29976019184652275 0.025 0.043165467625899276
2 0.9158333333333334 0.3069544364508393 0.03166666666666667 0.04796163069544364
2 0.8008333333333334 0.33093525179856115 0.025 0.05275779376498801
4 0.7775000000000001 0.35491606714628293 0.43833333333333335 0.36930455635491605
