0 0.02 0.555 0.04 0.16
0 0.07500000000000001 0.56125 0.06666666666666667 0.2525
0 0.15083333333333335 0.51375 0.045000000000000005 0.1675
0 0.16833333333333333 0.5475 0.05 0.19
0 0.21250000000000002 0.58 0.07833333333333334 0.29
0 0.27416666666666667 0.635 0.085 0.315
0 0.3166666666666667 0.56875 0.08 0.2975
0 0.4033333333333334 0.65 0.10666666666666667 0.395
0 0.4216666666666667 0.58375 0.08 0.2975
0 0.49583333333333335 0.6675 0.115 0.43
0 0.5191666666666667 0.56625 0.06833333333333334 0.2525
0 0.5625 0.5125 0.03833333333333334 0.145
0 0.6083333333333334 0.58125 0.06666666666666667 0.2525
0 0.6775 0.6575 0.10833333333333334 0.4
0 0.7691666666666667 0.56625 0.07166666666666667 0.2675
0 0.8175 0.51875 0.04166666666666667 0.1575
0 0.8558333333333333 0.52875 0.05166666666666667 0.1875
0 0.9025000000000001 0.50875 0.04166666666666667 0.1575
0 0.9216666666666667 0.5225 0.04 0.145
0 0.9666666666666667 0.58125 0.06333333333333334 0.3275
0 0.7425 0.5225 0.03833333333333334 0.14
2 0.3425 0.44875 0.028333333333333335 0.0525
4 0.5408333333333334 0.5025000000000001 0.6683333333333333 0.22
