0 0.020833333333333336 0.545 0.04166666666666667 0.225
0 0.07666666666666667 0.54625 0.06333333333333334 0.23750000000000002
0 0.0975 0.52125 0.05166666666666667 0.1925
0 0.14166666666666666 0.51375 0.043333333333333335 0.1675
0 0.165 0.52125 0.04 0.1475
0 0.20083333333333334 0.5125 0.045000000000000005 0.17
0 0.23583333333333334 0.55 0.065 0.24
0 0.2833333333333333 0.535 0.043333333333333335 0.165
0 0.3325 0.52875 0.05166666666666667 0.1875
0 0.3691666666666667 0.5275 0.04833333333333334 0.185
0 0.42250000000000004 0.5387500000000001 0.04833333333333334 0.1775
0 0.5116666666666667 0.64375 0.12666666666666668 0.4625
0 0.6516666666666667 0.61 0.13 0.48
0 0.7150000000000001 0.57375 0.04666666666666667 0.17250000000000001
0 0.7775000000000001 0.5125 0.055 0.2
0 0.8466666666666667 0.59 0.09000000000000001 0.335
0 0.915 0.64875 0.16666666666666669 0.6725
0 0.4425 0.51875 0.04833333333333334 0.1825
0 0.465 0.505 0.030000000000000002 0.11
0 0.5525 0.58875 0.08166666666666667 0.3025
0 0.5958333333333333 0.5387500000000001 0.05166666666666667 0.1975
2 0.39 0.445 0.023333333333333334 0.05
2 0.24916666666666668 0.44125000000000003 0.03166666666666667 0.0575
