0 0.044 0.42933333333333334 0.088 0.384
0 0.124 0.3813333333333333 0.076 0.256
0 0.197 0.348 0.062 0.20533333333333334
0 0.261 0.43866666666666665 0.134 0.44
0 0.334 0.572 0.22 0.7173333333333333
0 0.41200000000000003 0.3213333333333333 0.056 0.184
0 0.47800000000000004 0.38666666666666666 0.10400000000000001 0.33599999999999997
0 0.556 0.476 0.156 0.5093333333333333
0 0.595 0.29733333333333334 0.062 0.20533333333333334
0 0.685 0.29466666666666663 0.054 0.184
0 0.759 0.408 0.122 0.39466666666666667
0 0.908 0.352 0.096 0.31466666666666665
