0 0.035833333333333335 0.67 0.07166666666666667 0.42
0 0.10500000000000001 0.7775 0.11333333333333334 0.42
0 0.12666666666666668 0.73375 0.12666666666666668 0.4675
0 0.19833333333333333 0.77125 0.11666666666666667 0.4325
0 0.24583333333333335 0.7375 0.125 0.455
0 0.32916666666666666 0.6925 0.135 0.495
0 0.37083333333333335 0.6925 0.125 0.455
0 0.48250000000000004 0.67875 0.11166666666666668 0.41250000000000003
0 0.5225000000000001 0.7175 0.135 0.5
0 0.5950000000000001 0.76875 0.12000000000000001 0.4475
0 0.6675000000000001 0.7262500000000001 0.10500000000000001 0.3875
0 0.7275 0.6587500000000001 0.10833333333333334 0.4025
0 0.8316666666666667 0.7875 0.10333333333333335 0.385
0 0.8841666666666668 0.72875 0.13166666666666668 0.4825
0 0.9608333333333334 0.7887500000000001 0.07500000000000001 0.3875
2 0.7975000000000001 0.55125 0.06166666666666667 0.1775
2 0.7041666666666667 0.87 0.11166666666666668 0.225
2 0.8508333333333334 0.5575 0.06166666666666667 0.135
2 0.21416666666666667 0.53625 0.04833333333333334 0.10250000000000001
2 0.9458333333333334 0.52 0.03166666666666667 0.07
