0 0.9441666666666667 0.7075 0.06833333333333334 0.255
0 0.8575 0.70125 0.065 0.23750000000000002
0 0.8283333333333334 0.725 0.060000000000000005 0.22
0 0.7616666666666667 0.67125 0.05333333333333334 0.1975
0 0.7350000000000001 0.625 0.05 0.185
0 0.6775 0.67 0.055 0.20500000000000002
0 0.6241666666666668 0.69625 0.055 0.20750000000000002
0 0.5850000000000001 0.73625 0.06666666666666667 0.2475
0 0.4966666666666667 0.7212500000000001 0.05 0.1825
0 0.3891666666666667 0.71 0.06166666666666667 0.23500000000000001
0 0.43083333333333335 0.615 0.05166666666666667 0.19
0 0.30583333333333335 0.7000000000000001 0.06166666666666667 0.23
0 0.23750000000000002 0.7262500000000001 0.055 0.20750000000000002
0 0.15833333333333335 0.7225 0.04666666666666667 0.18
0 0.115 0.6950000000000001 0.05666666666666667 0.21
0 0.0825 0.655 0.058333333333333334 0.215
0 0.035 0.6012500000000001 0.04666666666666667 0.17250000000000001
0 0.24583333333333335 0.61625 0.055 0.20750000000000002
0 0.19083333333333335 0.6125 0.058333333333333334 0.22
0 0.12250000000000001 0.5375 0.045000000000000005 0.165
0 0.4691666666666667 0.58 0.05166666666666667 0.19
0 0.5541666666666667 0.63875 0.04833333333333334 0.1825
0 0.5291666666666667 0.5675 0.04833333333333334 0.18
0 0.5791666666666667 0.56875 0.03833333333333334 0.1475
0 0.6658333333333334 0.55 0.045000000000000005 0.165
0 0.8825000000000001 0.56875 0.058333333333333334 0.2175
4 0.5175000000000001 0.47500000000000003 0.7783333333333334 0.23
4 0.8708333333333333 0.31625000000000003 0.21500000000000002 0.1075
4 0.9466666666666668 0.40375 0.1 0.0825
4 0.15416666666666667 0.3225 0.255 0.11
4 0.5758333333333334 0.3075 0.305 0.105
