0 0.095 0.5546666666666666 0.08600000000000001 0.2773333333333333
0 0.19 0.6253333333333333 0.12 0.3973333333333333
0 0.259 0.6853333333333333 0.14200000000000002 0.46399999999999997
0 0.353 0.584 0.10200000000000001 0.33599999999999997
0 0.41600000000000004 0.6186666666666667 0.112 0.368
0 0.546 0.6573333333333333 0.136 0.44
0 0.648 0.6346666666666666 0.116 0.384
0 0.75 0.5866666666666667 0.096 0.32
0 0.84 0.6106666666666667 0.092 0.30933333333333335
0 0.899 0.568 0.09 0.29866666666666664
0 0.9490000000000001 0.5493333333333333 0.082 0.26666666666666666
