0 0.0234375 0.75625 0.043750000000000004 0.14583333333333334
0 0.035937500000000004 0.78125 0.053125000000000006 0.17083333333333334
0 0.51328125 0.8739583333333333 0.06406250000000001 0.21458333333333332
0 0.7000000000000001 0.75 0.046875 0.15833333333333333
0 0.7679687500000001 0.70625 0.0390625 0.12916666666666665
0 0.7820312500000001 0.7541666666666667 0.051562500000000004 0.17083333333333334
0 0.83984375 0.7135416666666666 0.0421875 0.13958333333333334
0 0.9015625 0.7666666666666666 0.053125000000000006 0.175
0 0.9359375000000001 0.7239583333333334 0.043750000000000004 0.14791666666666667
0 0.51875 0.6458333333333334 0.03125 0.1
0 0.48359375000000004 0.646875 0.029687500000000002 0.10208333333333333
0 0.47500000000000003 0.6375 0.025 0.08333333333333333
0 0.44062500000000004 0.6604166666666667 0.028125 0.09583333333333333
0 0.39921875 0.6604166666666667 0.029687500000000002 0.1
0 0.35078125000000004 0.6677083333333333 0.035937500000000004 0.11875
0 0.29531250000000003 0.6739583333333333 0.03125 0.10625
0 0.25078125 0.665625 0.0328125 0.10625
0 0.23593750000000002 0.6802083333333333 0.037500000000000006 0.12291666666666666
0 0.1953125 0.6739583333333333 0.03125 0.10208333333333333
0 0.17421875 0.690625 0.035937500000000004 0.12291666666666666
0 0.13671875 0.6802083333333333 0.0328125 0.10625
0 0.15546875000000002 0.6625 0.029687500000000002 0.10416666666666667
0 0.10234375000000001 0.6697916666666667 0.026562500000000003 0.09375
0 0.12265625000000001 0.6479166666666667 0.026562500000000003 0.09166666666666666
0 0.07265625 0.6520833333333333 0.026562500000000003 0.09166666666666666
0 0.057031250000000006 0.65 0.026562500000000003 0.0875
0 0.04453125 0.6364583333333333 0.0234375 0.07708333333333334
4 0.2390625 0.584375 0.4625 0.20208333333333334
