0 0.759 0.7266666666666667 0.154 0.5093333333333333
0 0.687 0.6586666666666666 0.106 0.3466666666666667
0 0.656 0.536 0.028 0.10133333333333333
0 0.837 0.5546666666666666 0.042 0.144
0 0.982 0.5946666666666667 0.032 0.16533333333333333
0 0.519 0.5973333333333333 0.082 0.27199999999999996
0 0.608 0.6226666666666666 0.088 0.2906666666666667
0 0.463 0.6759999999999999 0.114 0.376
0 0.429 0.5853333333333333 0.066 0.22133333333333333
0 0.372 0.5599999999999999 0.064 0.208
0 0.34400000000000003 0.644 0.1 0.328
0 0.293 0.6186666666666667 0.09 0.29866666666666664
0 0.22 0.6 0.076 0.256
0 0.145 0.5906666666666667 0.066 0.216
2 0.189 0.48666666666666664 0.034 0.04533333333333333
2 0.724 0.5253333333333333 0.036000000000000004 0.10133333333333333
