0 0.81625 0.6065420560747664 0.11750000000000001 0.4355140186915888
0 0.61625 0.5588785046728972 0.10250000000000001 0.37757009345794396
0 0.544375 0.5560747663551402 0.12375 0.4504672897196262
0 0.435 0.6429906542056075 0.16 0.5831775700934579
0 0.268125 0.611214953271028 0.12875 0.47476635514018695
0 0.351875 0.5719626168224299 0.11625 0.4261682242990654
2 0.943125 0.4757009345794393 0.04625 0.1252336448598131
2 0.67125 0.3794392523364486 0.0325 0.052336448598130844
2 0.641875 0.38785046728971967 0.02625 0.05046728971962617
2 0.295625 0.39252336448598135 0.03625 0.048598130841121495
2 0.2575 0.38878504672897196 0.0275 0.04485981308411215
2 0.229375 0.39252336448598135 0.03375 0.07102803738317758
2 0.164375 0.3785046728971963 0.02375 0.05046728971962617
2 0.149375 0.4158878504672897 0.02125 0.05046728971962617
2 0.13625 0.38037383177570094 0.0175 0.03925233644859813
2 0.12125 0.38224299065420564 0.015 0.03177570093457944
2 0.10625 0.37757009345794396 0.02 0.03738317757009346
2 0.09 0.383177570093458 0.0175 0.041121495327102804
2 0.060625 0.38037383177570094 0.01625 0.03551401869158879
2 0.02625 0.37570093457943926 0.02 0.04485981308411215
2 0.005625 0.3850467289719626 0.01125 0.03738317757009346
