0 0.9819759679572764 0.2713523131672598 0.03337783711615487 0.13345195729537365
0 0.8938584779706275 0.2775800711743772 0.036048064085447265 0.12099644128113879
0 0.7750333778371161 0.2722419928825623 0.04138851802403204 0.1387900355871886
0 0.7189586114819759 0.2695729537366548 0.04138851802403204 0.14056939501779359
0 0.6902536715620827 0.2820284697508897 0.050734312416555405 0.16548042704626334
0 0.6608811748998664 0.27402135231316727 0.04806408544726302 0.15658362989323843
0 0.6341789052069425 0.2615658362989324 0.042723631508678236 0.1387900355871886
0 0.582109479305741 0.4848754448398576 0.09879839786381842 0.32206405693950174
0 0.42990654205607476 0.5622775800711743 0.11748998664886515 0.3879003558718861
0 0.37716955941255004 0.5711743772241993 0.1295060080106809 0.4199288256227758
0 0.3090787716955941 0.545373665480427 0.11882510013351134 0.38967971530249107
0 0.2323097463284379 0.5667259786476868 0.12550066755674233 0.41103202846975084
0 0.13684913217623498 0.5053380782918149 0.11615487316421895 0.37722419928825623
0 0.07276368491321762 0.5222419928825622 0.1321762349799733 0.42882562277580066
0 0.0534045393858478 0.5 0.1068090787716956 0.3701067615658363
0 0.025367156208277702 0.24288256227758007 0.037383177570093455 0.12633451957295372
0 0.10881174899866489 0.2669039145907473 0.04672897196261682 0.15302491103202845
0 0.4886515353805073 0.28291814946619215 0.04806408544726302 0.15658362989323843
0 0.5153538050734312 0.14234875444839856 0.03471295060080107 0.11743772241992882
0 0.48464619492656874 0.15658362989323843 0.029372496662216287 0.09608540925266904
0 0.5634178905206942 0.17348754448398576 0.029372496662216287 0.09786476868327401
0 0.8891855807743658 0.10053380782918149 0.037383177570093455 0.12277580071174377
2 0.07142857142857142 0.18416370106761565 0.03337783711615487 0.04448398576512455
2 0.022029372496662217 0.16725978647686832 0.030707610146862484 0.046263345195729534
2 0.17757009345794392 0.1966192170818505 0.032042723631508674 0.05871886120996441
2 0.2349799732977303 0.19572953736654802 0.037383177570093455 0.05693950177935943
2 0.4252336448598131 0.2766903914590747 0.0520694259012016 0.08718861209964412
2 0.11748998664886515 0.1708185053380783 0.0267022696929239 0.03558718861209964
4 0.33311081441922563 0.11120996441281138 0.4152202937249666 0.21174377224199287
4 0.7710280373831776 0.10854092526690391 0.45260347129506007 0.2099644128113879
