0 0.08666666666666667 0.6602373887240356 0.15000000000000002 0.6617210682492581
0 0.17333333333333334 0.701780415430267 0.13 0.5727002967359051
0 0.27666666666666667 0.655786350148368 0.15333333333333335 0.6646884272997033
0 0.35250000000000004 0.701780415430267 0.12833333333333335 0.5608308605341247
0 0.43833333333333335 0.6676557863501484 0.15000000000000002 0.6528189910979229
0 0.5258333333333334 0.728486646884273 0.11833333333333335 0.5252225519287834
0 0.645 0.6913946587537092 0.1366666666666667 0.5934718100890208
0 0.7558333333333334 0.6973293768545994 0.13166666666666668 0.5816023738872403
0 0.8541666666666667 0.7077151335311573 0.125 0.5489614243323442
0 0.9341666666666667 0.6899109792284867 0.12833333333333335 0.6023738872403561
2 0.19583333333333336 0.42878338278931755 0.06833333333333334 0.20474777448071219
2 0.24416666666666667 0.35163204747774485 0.05166666666666667 0.16913946587537093
2 0.33166666666666667 0.36350148367952523 0.04 0.10385756676557864
2 0.38 0.4228486646884273 0.05 0.1513353115727003
2 0.47750000000000004 0.41839762611275966 0.045000000000000005 0.10682492581602374
2 0.6741666666666667 0.3827893175074184 0.058333333333333334 0.13649851632047477
2 0.5433333333333333 0.4065281899109792 0.04666666666666667 0.142433234421365
2 0.7866666666666667 0.42878338278931755 0.05333333333333334 0.1394658753709199
2 0.8258333333333334 0.4332344213649852 0.035 0.08902077151335312
2 0.9083333333333334 0.443620178041543 0.05666666666666667 0.15727002967359052
3 0.5075000000000001 0.24332344213649854 0.07166666666666667 0.18991097922848665
