0 0.2886956521739131 0.6797900262467191 0.1426086956521739 0.5301837270341208
0 0.39565217391304347 0.6404199475065617 0.15130434782608695 0.5564304461942258
0 0.37826086956521743 0.7965879265091863 0.10260869565217391 0.3805774278215223
0 0.5226086956521739 0.6154855643044619 0.1373913043478261 0.5065616797900262
0 0.66 0.7532808398950132 0.09565217391304348 0.36220472440944884
0 0.7434782608695653 0.5616797900262467 0.12347826086956522 0.45669291338582674
0 0.8139130434782609 0.7454068241469816 0.09043478260869565 0.3359580052493438
0 0.9278260869565218 0.7099737532808399 0.13391304347826088 0.49081364829396323
0 0.10347826086956523 0.4553805774278215 0.13391304347826088 0.49081364829396323
0 0.04173913043478261 0.39763779527559057 0.08347826086956522 0.44881889763779526
0 0.1408695652173913 0.18110236220472442 0.09391304347826088 0.3517060367454068
0 0.21565217391304348 0.19553805774278216 0.09043478260869565 0.3333333333333333
0 0.3173913043478261 0.21784776902887137 0.0817391304347826 0.3097112860892388
0 0.3765217391304348 0.1889763779527559 0.08521739130434783 0.32020997375328086
0 0.49130434782608695 0.3530183727034121 0.0817391304347826 0.30708661417322836
0 0.568695652173913 0.3425196850393701 0.08695652173913043 0.31758530183727035
0 0.4756521739130435 0.18503937007874016 0.0782608695652174 0.29133858267716534
0 0.5469565217391305 0.8490813648293963 0.0782608695652174 0.28608923884514437
0 0.8660869565217392 0.6272965879265092 0.09391304347826088 0.3517060367454068
0 0.8330434782608696 0.41601049868766404 0.10086956521739131 0.3700787401574803
0 0.662608695652174 0.4041994750656168 0.08 0.2992125984251969
0 0.6860869565217391 0.463254593175853 0.0782608695652174 0.29658792650918636
0 0.5765217391304348 0.19028871391076116 0.08869565217391305 0.32808398950131235
0 0.25217391304347825 0.3451443569553806 0.07652173913043478 0.29133858267716534
0 0.8321739130434783 0.16010498687664043 0.07478260869565218 0.27296587926509186
0 0.8982608695652174 0.16272965879265092 0.0817391304347826 0.2992125984251969
0 0.4252173913043478 0.4409448818897638 0.12000000000000001 0.4409448818897638
0 0.4321739130434783 0.24934383202099736 0.08869565217391305 0.32545931758530183
2 0.2782608695652174 0.9199475065616798 0.16695652173913045 0.1548556430446194
2 0.8539130434782609 0.8595800524934383 0.1773913043478261 0.25984251968503935
2 0.9208695652173914 0.3910761154855643 0.08869565217391305 0.15223097112860892
2 0.9469565217391305 0.2874015748031496 0.05739130434782609 0.13385826771653542
2 0.751304347826087 0.11023622047244094 0.03826086956521739 0.11023622047244094
2 0.7991304347826087 0.10236220472440945 0.050434782608695654 0.11023622047244094
2 0.7843478260869565 0.22834645669291337 0.06608695652173913 0.10498687664041995
2 0.42347826086956525 0.05905511811023622 0.050434782608695654 0.08661417322834646
