0 0.02766393442622951 0.6640866873065016 0.05532786885245902 0.25696594427244585
0 0.06762295081967214 0.673374613003096 0.07377049180327869 0.2755417956656347
0 0.11885245901639345 0.6904024767801858 0.0860655737704918 0.3281733746130031
0 0.15061475409836067 0.6687306501547988 0.07991803278688525 0.30340557275541796
0 0.19774590163934427 0.6780185758513932 0.07172131147540985 0.27244582043343657
0 0.25 0.7724458204334366 0.11885245901639345 0.4365325077399381
0 0.2766393442622951 0.7523219814241486 0.12295081967213116 0.4520123839009288
0 0.36065573770491804 0.7321981424148607 0.11065573770491804 0.411764705882353
0 0.48155737704918034 0.7724458204334366 0.11885245901639345 0.4365325077399381
0 0.5799180327868853 0.7182662538699691 0.0860655737704918 0.3219814241486068
0 0.6752049180327869 0.6609907120743035 0.07581967213114754 0.281733746130031
0 0.7899590163934427 0.7538699690402477 0.1168032786885246 0.4303405572755418
0 0.8760245901639345 0.7105263157894737 0.09631147540983608 0.3622291021671827
0 0.9241803278688525 0.6780185758513932 0.0860655737704918 0.31578947368421056
2 0.4170081967213115 0.630030959752322 0.07991803278688525 0.13312693498452013
2 0.4477459016393443 0.5123839009287926 0.022540983606557378 0.04643962848297214
2 0.4733606557377049 0.5139318885448917 0.02459016393442623 0.03715170278637771
2 0.5010245901639344 0.5154798761609908 0.022540983606557378 0.04024767801857585
2 0.5286885245901639 0.5232198142414861 0.02459016393442623 0.04953560371517028
2 0.5512295081967213 0.5139318885448917 0.02459016393442623 0.043343653250773995
2 0.5829918032786886 0.5185758513931888 0.022540983606557378 0.03405572755417957
2 0.6075819672131147 0.5201238390092879 0.018442622950819672 0.03715170278637771
2 0.6219262295081968 0.521671826625387 0.018442622950819672 0.04024767801857585
2 0.30532786885245905 0.5479876160990712 0.028688524590163935 0.0804953560371517
2 0.33709016393442626 0.5510835913312694 0.0389344262295082 0.07430340557275542
