0 0.12574575493345572 0.3168195718654434 0.07251032583754016 0.23608562691131496
0 0.1890775585130794 0.4899082568807339 0.208352455254704 0.6788990825688073
0 0.29807251032583754 0.48165137614678893 0.20972923359339146 0.6831804281345565
0 0.432308398347866 0.4666666666666666 0.2065167508031207 0.6715596330275229
0 0.5396971087654888 0.4712538226299694 0.20559889857732905 0.6697247706422018
0 0.6603946764570904 0.4694189602446483 0.20284534189995412 0.6611620795107033
0 0.776044056906838 0.4844036697247706 0.20009178522257917 0.6519877675840978
0 0.8841211564938045 0.4825688073394495 0.20513997246443322 0.6678899082568807
2 0.8331803579623681 0.6837920489296636 0.19229004130335017 0.58348623853211
2 0.6748508490133088 0.6892966360856269 0.1812758145938504 0.5761467889908256
2 0.5341899954107389 0.6954128440366972 0.15787058283616337 0.5602446483180428
2 0.37884350619550256 0.6938837920489296 0.17117944011014227 0.5718654434250764
2 0.22900413033501607 0.7085626911314984 0.1991739329967875 0.5669724770642202
2 0.24437815511702615 0.25932721712538226 0.03809086737035337 0.09051987767584098
2 0.21982560807709958 0.23975535168195716 0.03212482790270767 0.05993883792048929
2 0.34029371271225334 0.24709480122324157 0.03258375401560349 0.07951070336391437
2 0.4919687930243231 0.24128440366972476 0.03946764570904084 0.05932721712538226
2 0.8196420376319413 0.24984709480122322 0.036714089031665904 0.06666666666666667
