0 0.5324519230769231 0.5066666666666667 0.49278846153846156 0.8366666666666667
0 0.8485576923076924 0.32666666666666666 0.08173076923076923 0.1366666666666667
0 0.9254807692307693 0.3241666666666667 0.07692307692307693 0.13166666666666668
0 0.9771634615384616 0.3375 0.040865384615384616 0.125
0 0.7668269230769231 0.3383333333333334 0.07211538461538462 0.12666666666666668
0 0.6754807692307693 0.36750000000000005 0.08173076923076923 0.14166666666666666
0 0.1514423076923077 0.35000000000000003 0.0625 0.10666666666666667
0 0.08293269230769232 0.3825 0.08413461538461539 0.14500000000000002
0 0.2247596153846154 0.34750000000000003 0.05048076923076923 0.08833333333333333
2 0.9447115384615385 0.4 0.07692307692307693 0.09000000000000001
2 0.19711538461538464 0.3891666666666667 0.06730769230769232 0.08166666666666667
2 0.27043269230769235 0.38833333333333336 0.06009615384615385 0.08
2 0.32572115384615385 0.3866666666666667 0.04567307692307693 0.07333333333333333
2 0.3557692307692308 0.4066666666666667 0.04807692307692308 0.09000000000000001
2 0.39543269230769235 0.4025 0.07451923076923077 0.07833333333333334
