0 0.115 0.6115288220551378 0.08333333333333334 0.3057644110275689
0 0.2341666666666667 0.5952380952380952 0.085 0.3182957393483709
0 0.38 0.5300751879699248 0.08333333333333334 0.3082706766917293
0 0.2733333333333334 0.5676691729323308 0.06666666666666667 0.24310776942355888
0 0.42500000000000004 0.5050125313283208 0.05 0.18796992481203006
0 0.5708333333333334 0.5238095238095237 0.08166666666666667 0.3057644110275689
0 0.6025 0.5739348370927317 0.08166666666666667 0.3057644110275689
0 0.7425 0.49874686716791977 0.085 0.3157894736842105
0 0.8241666666666667 0.5513784461152882 0.09166666666666667 0.3458646616541353
0 0.91 0.48621553884711777 0.08666666666666667 0.3157894736842105
0 0.9425000000000001 0.4548872180451128 0.04166666666666667 0.15288220551378445
0 0.9858333333333335 0.46240601503759393 0.025 0.10776942355889724
0 0.12666666666666668 0.56265664160401 0.060000000000000005 0.21804511278195488
2 0.14666666666666667 0.4799498746867168 0.03333333333333333 0.06265664160401002
2 0.18416666666666667 0.5288220551378446 0.025 0.06015037593984962
2 0.2316666666666667 0.45864661654135336 0.04 0.08521303258145363
2 0.055 0.631578947368421 0.04666666666666667 0.09523809523809523
2 0.050833333333333335 0.556390977443609 0.028333333333333335 0.05513784461152882
2 0.07916666666666668 0.6177944862155388 0.03166666666666667 0.10275689223057644
2 0.3241666666666667 0.56265664160401 0.04833333333333334 0.10275689223057644
