0 0.084 0.7183734939759037 0.052000000000000005 0.1897590361445783
0 0.101 0.697289156626506 0.042 0.16566265060240964
0 0.253 0.7078313253012049 0.042 0.16265060240963855
0 0.328 0.733433734939759 0.088 0.32228915662650603
0 0.42 0.5933734939759037 0.016 0.06626506024096386
0 0.427 0.6701807228915663 0.03 0.11144578313253013
0 0.455 0.6671686746987953 0.026000000000000002 0.09939759036144578
0 0.485 0.6475903614457832 0.03 0.11445783132530121
0 0.467 0.6551204819277109 0.026000000000000002 0.09939759036144578
0 0.511 0.7349397590361446 0.058 0.22289156626506026
0 0.603 0.7921686746987953 0.11 0.4096385542168675
0 0.645 0.730421686746988 0.058 0.213855421686747
0 0.5660000000000001 0.658132530120482 0.028 0.10542168674698796
0 0.687 0.6566265060240964 0.026000000000000002 0.0963855421686747
0 0.717 0.641566265060241 0.018000000000000002 0.06626506024096386
0 0.761 0.6927710843373495 0.058 0.21686746987951808
0 0.805 0.6355421686746988 0.022 0.08433734939759037
0 0.876 0.7409638554216867 0.116 0.427710843373494
0 0.968 0.6927710843373495 0.048 0.18072289156626506
2 0.524 0.6204819277108434 0.052000000000000005 0.0783132530120482
4 0.152 0.6114457831325302 0.296 0.08433734939759037
