0 0.06888888888888889 0.5900000000000001 0.07111111111111111 0.26333333333333336
0 0.10055555555555555 0.5708333333333334 0.06333333333333334 0.23500000000000001
0 0.15222222222222223 0.5900000000000001 0.07777777777777778 0.2866666666666667
0 0.21888888888888888 0.5925 0.08 0.29500000000000004
0 0.24888888888888888 0.5741666666666667 0.051111111111111114 0.19166666666666668
0 0.32055555555555554 0.5900000000000001 0.08777777777777777 0.32666666666666666
0 0.37222222222222223 0.5750000000000001 0.044444444444444446 0.16666666666666669
0 0.4572222222222222 0.5766666666666667 0.04777777777777778 0.17666666666666667
0 0.5133333333333333 0.5933333333333334 0.08666666666666667 0.3166666666666667
0 0.5483333333333333 0.5716666666666667 0.05 0.18333333333333335
0 0.6177777777777778 0.5716666666666667 0.051111111111111114 0.19
0 0.6611111111111111 0.5991666666666667 0.08666666666666667 0.31833333333333336
0 0.7733333333333333 0.5908333333333333 0.07777777777777778 0.28500000000000003
0 0.835 0.5950000000000001 0.06777777777777778 0.25
0 0.8638888888888889 0.5875 0.06555555555555556 0.24166666666666667
0 0.8166666666666667 0.5875 0.057777777777777775 0.21166666666666667
0 0.6672222222222223 0.5791666666666667 0.05 0.18833333333333335
