0 0.8799342105263157 0.4211822660098522 0.05592105263157894 0.21182266009852216
0 0.9144736842105262 0.43596059113300495 0.05263157894736842 0.2019704433497537
0 0.8404605263157894 0.4310344827586207 0.05592105263157894 0.2019704433497537
0 0.8059210526315789 0.4285714285714286 0.05921052631578947 0.22660098522167488
0 0.5953947368421052 0.43596059113300495 0.06578947368421052 0.2512315270935961
0 0.5394736842105263 0.43596059113300495 0.06578947368421052 0.2512315270935961
0 0.48684210526315785 0.43842364532019706 0.06578947368421052 0.24630541871921183
0 0.4325657894736842 0.43842364532019706 0.06907894736842105 0.2561576354679803
0 0.381578947368421 0.4408866995073892 0.07236842105263158 0.26108374384236455
0 0.3355263157894737 0.4458128078817734 0.07236842105263158 0.26108374384236455
0 0.28618421052631576 0.45320197044334976 0.07236842105263158 0.2660098522167488
0 0.2220394736842105 0.4458128078817734 0.0756578947368421 0.28078817733990147
0 0.14967105263157893 0.45073891625615764 0.0756578947368421 0.28078817733990147
0 0.1825657894736842 0.43349753694581283 0.05592105263157894 0.21674876847290642
0 0.1299342105263158 0.4285714285714286 0.0625 0.22660098522167488
0 0.08717105263157894 0.458128078817734 0.08223684210526315 0.2955665024630542
0 0.02796052631578947 0.458128078817734 0.05592105263157894 0.27586206896551724
