0 0.050625 0.36728971962616824 0.10125 0.4990654205607477
0 0.095 0.3224299065420561 0.10250000000000001 0.37570093457943926
0 0.504375 0.5766355140186916 0.20875 0.7644859813084113
0 0.630625 0.34392523364485983 0.10875 0.4
0 0.73875 0.3897196261682243 0.11750000000000001 0.4355140186915888
0 0.8143750000000001 0.30280373831775703 0.07875 0.28785046728971964
0 0.925 0.45514018691588787 0.1475 0.5439252336448598
2 0.33875 0.19345794392523366 0.0575 0.09532710280373832
2 0.401875 0.21962616822429906 0.08375 0.1102803738317757
2 0.40875 0.15420560747663553 0.045 0.09906542056074767
2 0.5075000000000001 0.1925233644859813 0.0725 0.09345794392523366
2 0.5856250000000001 0.16074766355140188 0.04625 0.06728971962616823
2 0.78 0.17476635514018693 0.0275 0.05420560747663552
2 0.7993750000000001 0.17383177570093458 0.01875 0.056074766355140186
2 0.85875 0.19345794392523366 0.04 0.12149532710280374
3 0.6525 0.7859813084112149 0.31 0.15514018691588785
3 0.6743750000000001 0.9383177570093458 0.44375000000000003 0.11962616822429907
3 0.105625 0.7364485981308412 0.20875 0.12336448598130842
3 0.150625 0.6345794392523365 0.24875 0.102803738317757
3 0.14625 0.3168224299065421 0.0375 0.09158878504672897
3 0.22875 0.2990654205607477 0.0275 0.10467289719626169
3 0.254375 0.2822429906542056 0.01875 0.07850467289719626
3 0.275 0.30280373831775703 0.0275 0.12336448598130842
3 0.20625000000000002 0.28598130841121494 0.0175 0.07850467289719626
3 0.6775 0.31775700934579443 0.025 0.11588785046728972
