0 0.108 0.3885542168674699 0.064 0.23493975903614459
0 0.362 0.38403614457831325 0.052000000000000005 0.20180722891566266
0 0.786 0.3358433734939759 0.044 0.15963855421686748
0 0.962 0.3810240963855422 0.032 0.11746987951807229
2 0.089 0.4246987951807229 0.08600000000000001 0.20481927710843376
2 0.202 0.42018072289156627 0.068 0.18373493975903615
2 0.275 0.4126506024096386 0.054 0.16867469879518074
2 0.421 0.3795180722891566 0.026000000000000002 0.07228915662650603
2 0.20700000000000002 0.5873493975903614 0.218 0.26506024096385544
2 0.367 0.5195783132530121 0.166 0.25
2 0.435 0.48343373493975905 0.158 0.18373493975903615
2 0.53 0.4728915662650603 0.10400000000000001 0.15060240963855423
2 0.579 0.45180722891566266 0.094 0.13253012048192772
2 0.653 0.4427710843373494 0.038 0.0963855421686747
2 0.679 0.4066265060240964 0.018000000000000002 0.042168674698795185
2 0.683 0.4307228915662651 0.058 0.10240963855421688
2 0.919 0.41566265060240964 0.034 0.07228915662650603
2 0.9590000000000001 0.42168674698795183 0.034 0.06626506024096386
