0 0.166 0.5842857142857143 0.176 0.6142857142857143
0 0.045 0.37714285714285717 0.09 0.3314285714285714
0 0.381 0.44857142857142857 0.14200000000000002 0.49714285714285716
0 0.289 0.3585714285714286 0.10200000000000001 0.35714285714285715
0 0.47900000000000004 0.6557142857142857 0.19 0.6714285714285714
0 0.645 0.55 0.17 0.5914285714285714
0 0.723 0.47 0.138 0.4828571428571429
0 0.81 0.3942857142857143 0.116 0.4057142857142857
0 0.5670000000000001 0.36142857142857143 0.094 0.3342857142857143
0 0.613 0.3342857142857143 0.08600000000000001 0.3028571428571429
2 0.485 0.2542857142857143 0.074 0.11428571428571428
4 0.723 0.20285714285714285 0.398 0.11428571428571428
