0 0.09625 0.47500000000000003 0.08750000000000001 0.33461538461538465
0 0.17 0.45 0.08 0.3076923076923077
0 0.21375 0.4346153846153846 0.0675 0.25384615384615383
0 0.33625 0.4557692307692308 0.0975 0.3730769230769231
0 0.3775 0.49230769230769234 0.14 0.5384615384615385
0 0.5175 0.5576923076923077 0.20500000000000002 0.7692307692307693
0 0.6275000000000001 0.4538461538461539 0.095 0.36923076923076925
0 0.67375 0.4980769230769231 0.14250000000000002 0.5423076923076924
0 0.7825 0.4519230769230769 0.085 0.31923076923076926
0 0.8250000000000001 0.4519230769230769 0.105 0.3961538461538462
0 0.88375 0.40576923076923077 0.0625 0.24230769230769234
