0 0.201 0.5066666666666666 0.226 0.7413333333333333
0 0.335 0.42266666666666663 0.14200000000000002 0.4613333333333333
0 0.5680000000000001 0.41333333333333333 0.152 0.496
0 0.6950000000000001 0.5386666666666666 0.262 0.8533333333333333
0 0.41500000000000004 0.3213333333333333 0.05 0.16266666666666665
0 0.456 0.30266666666666664 0.044 0.14666666666666667
0 0.493 0.29866666666666664 0.042 0.13866666666666666
0 0.9510000000000001 0.29733333333333334 0.066 0.216
0 0.924 0.28933333333333333 0.056 0.18933333333333333
0 0.27 0.3213333333333333 0.044 0.14133333333333334
3 0.774 0.19066666666666665 0.076 0.11466666666666667
