0 0.047 0.39466666666666667 0.094 0.35733333333333334
0 0.361 0.32666666666666666 0.098 0.32266666666666666
0 0.429 0.27199999999999996 0.10200000000000001 0.3413333333333333
0 0.9400000000000001 0.2573333333333333 0.076 0.2533333333333333
0 0.967 0.25466666666666665 0.062 0.2533333333333333
0 0.901 0.26 0.07 0.23199999999999998
0 0.87 0.2573333333333333 0.064 0.216
0 0.79 0.33999999999999997 0.08 0.264
0 0.529 0.22666666666666666 0.054 0.176
0 0.5670000000000001 0.22533333333333333 0.054 0.17333333333333334
0 0.641 0.24133333333333332 0.046 0.15733333333333333
0 0.704 0.22799999999999998 0.052000000000000005 0.17866666666666667
0 0.74 0.23866666666666667 0.06 0.20533333333333334
2 0.195 0.436 0.146 0.344
2 0.372 0.416 0.124 0.2613333333333333
2 0.42 0.49066666666666664 0.12 0.33599999999999997
2 0.507 0.39066666666666666 0.09 0.2533333333333333
2 0.5730000000000001 0.46399999999999997 0.11 0.224
2 0.739 0.492 0.218 0.2906666666666667
2 0.799 0.39466666666666667 0.082 0.24533333333333332
2 0.92 0.476 0.14 0.296
2 0.805 0.17066666666666666 0.034 0.08
2 0.837 0.164 0.026000000000000002 0.06133333333333333
2 0.783 0.16533333333333333 0.038 0.07466666666666666
