0 0.5075000000000001 0.5835294117647059 0.14166666666666666 0.4894117647058823
0 0.7633333333333334 0.4729411764705882 0.09666666666666668 0.3341176470588235
0 0.7166666666666667 0.38705882352941173 0.060000000000000005 0.20470588235294115
0 0.5808333333333334 0.4376470588235294 0.07166666666666667 0.24470588235294116
0 0.91 0.4117647058823529 0.07333333333333333 0.2541176470588235
0 0.42500000000000004 0.4117647058823529 0.05666666666666667 0.20235294117647057
0 0.3458333333333334 0.3988235294117647 0.04833333333333334 0.16705882352941176
0 0.30333333333333334 0.5129411764705882 0.09000000000000001 0.3152941176470588
0 0.22083333333333335 0.3705882352941176 0.03166666666666667 0.11529411764705881
0 0.18083333333333335 0.45999999999999996 0.07166666666666667 0.25176470588235295
0 0.12083333333333333 0.44352941176470584 0.055 0.19058823529411764
0 0.08 0.4141176470588235 0.04666666666666667 0.16470588235294117
0 0.05416666666666667 0.3988235294117647 0.03833333333333334 0.1388235294117647
0 0.015833333333333335 0.37882352941176467 0.03166666666666667 0.1364705882352941
0 0.45583333333333337 0.3152941176470588 0.025 0.08470588235294117
0 0.63 0.3764705882352941 0.030000000000000002 0.10352941176470587
