0 0.9526666666666667 0.7369477911646586 0.092 0.429718875502008
0 0.8119999999999999 0.7138554216867469 0.09333333333333332 0.3433734939759036
0 0.762 0.7148594377510039 0.08933333333333333 0.3333333333333333
0 0.7073333333333333 0.7218875502008032 0.10266666666666667 0.37951807228915657
0 0.6413333333333333 0.7610441767068272 0.12533333333333332 0.465863453815261
0 0.5646666666666667 0.7469879518072289 0.10533333333333333 0.393574297188755
0 0.5306666666666666 0.7409638554216866 0.08 0.2931726907630522
0 0.502 0.7018072289156626 0.07066666666666667 0.26706827309236947
0 0.46066666666666667 0.7379518072289156 0.092 0.33935742971887545
0 0.3853333333333333 0.7008032128514056 0.08533333333333333 0.31726907630522083
0 0.33666666666666667 0.7208835341365462 0.08666666666666667 0.3253012048192771
0 0.2753333333333333 0.6767068273092369 0.05733333333333333 0.21686746987951805
0 0.16 0.7389558232931727 0.06666666666666667 0.24899598393574296
0 0.02333333333333333 0.6626506024096385 0.04666666666666666 0.17670682730923692
0 0.14533333333333334 0.6144578313253012 0.032 0.12449799196787148
0 0.17533333333333334 0.606425702811245 0.036 0.1365461847389558
0 0.20266666666666666 0.6114457831325301 0.032 0.12248995983935741
0 0.24 0.6164658634538152 0.032 0.12048192771084336
0 0.09466666666666666 0.6144578313253012 0.032 0.12449799196787148
0 0.07866666666666666 0.6144578313253012 0.032 0.12449799196787148
0 0.048666666666666664 0.6285140562248995 0.03333333333333333 0.12449799196787148
0 0.11266666666666666 0.6084337349397589 0.03333333333333333 0.12449799196787148
0 0.8586666666666667 0.6907630522088353 0.056 0.21285140562248994
0 0.9166666666666666 0.6867469879518072 0.07066666666666667 0.2610441767068273
2 0.362 0.5883534136546185 0.03333333333333333 0.07228915662650602
2 0.2573333333333333 0.5783132530120482 0.018666666666666665 0.05220883534136546
2 0.026 0.5612449799196787 0.025333333333333333 0.04216867469879518
2 0.85 0.5853413654618473 0.017333333333333333 0.0502008032128514
