0 0.2022801302931596 0.7119883040935672 0.0501628664495114 0.18421052631578946
0 0.23192182410423454 0.6900584795321637 0.05472312703583062 0.19883040935672514
0 0.2876221498371336 0.6924951267056529 0.05407166123778502 0.19980506822612085
0 0.5120521172638437 0.6345029239766081 0.029967426710097722 0.11306042884990253
0 0.5342019543973942 0.634990253411306 0.026058631921824105 0.09649122807017543
0 0.6335504885993486 0.6310916179337231 0.026710097719869708 0.10038986354775828
0 0.4208469055374593 0.5019493177387914 0.02736156351791531 0.10331384015594541
0 0.41205211726384366 0.4215399610136452 0.02931596091205212 0.10623781676413255
0 0.7270358306188925 0.591130604288499 0.014332247557003259 0.05360623781676413
0 0.737785016286645 0.5906432748538011 0.013680781758957655 0.05263157894736842
0 0.758957654723127 0.5921052631578947 0.013029315960912053 0.049707602339181284
0 0.7762214983713356 0.5935672514619883 0.014983713355048861 0.05458089668615984
0 0.7830618892508143 0.5886939571150097 0.013029315960912053 0.04678362573099415
0 0.8605863192182411 0.702729044834308 0.05472312703583062 0.20077972709551656
2 0.43941368078175896 0.2246588693957115 0.06188925081433225 0.07309941520467836
2 0.570684039087948 0.631578947368421 0.020846905537459284 0.03313840155945419
