0 0.9385171790235081 0.710843373493976 0.11934900542495479 0.3855421686746988
0 0.8291139240506329 0.7228915662650603 0.11392405063291139 0.3710843373493976
0 0.7694394213381555 0.7000000000000001 0.10307414104882459 0.33975903614457836
0 0.7242314647377939 0.7240963855421687 0.09945750452079566 0.3301204819277109
0 0.64376130198915 0.7180722891566266 0.0867992766726944 0.28915662650602414
0 0.666365280289331 0.6891566265060242 0.09584086799276673 0.3132530120481928
0 0.6084990958408679 0.6927710843373495 0.081374321880651 0.27228915662650605
0 0.5741410488245932 0.7072289156626507 0.081374321880651 0.26746987951807233
0 0.46835443037974683 0.7180722891566266 0.12296564195298372 0.4
0 0.40687160940325495 0.7024096385542169 0.10849909584086799 0.3590361445783133
0 0.33634719710669075 0.7349397590361446 0.11934900542495479 0.3951807228915663
0 0.2703435804701627 0.7265060240963856 0.10307414104882459 0.33975903614457836
0 0.22423146473779385 0.7240963855421687 0.09764918625678119 0.3204819277108434
0 0.16184448462929474 0.7180722891566266 0.08860759493670886 0.29397590361445786
0 0.1166365280289331 0.7096385542168675 0.06690777576853527 0.21927710843373496
2 0.7974683544303797 0.5566265060240965 0.05063291139240506 0.0963855421686747
2 0.5433996383363472 0.5891566265060242 0.03074141048824593 0.06987951807228916
2 0.29566003616636527 0.5734939759036145 0.034358047016274866 0.06746987951807229
2 0.3679927667269439 0.5867469879518072 0.0379746835443038 0.09397590361445785
