0 0.8230000000000001 0.7437722419928825 0.07 0.31316725978647686
0 0.734 0.6868327402135231 0.036000000000000004 0.15658362989323843
0 0.681 0.7313167259786476 0.054 0.2384341637010676
0 0.636 0.7135231316725978 0.048 0.2099644128113879
0 0.592 0.7633451957295373 0.068 0.30249110320284694
0 0.547 0.7295373665480427 0.054 0.24199288256227758
0 0.47000000000000003 0.7135231316725978 0.048 0.2099644128113879
0 0.36 0.7686832740213523 0.076 0.33451957295373663
0 0.335 0.7669039145907472 0.07 0.3167259786476868
0 0.202 0.7330960854092526 0.064 0.2846975088967971
0 0.903 0.6886120996441281 0.034 0.16014234875444838
3 0.058 0.37722419928825623 0.084 0.23487544483985764
3 0.157 0.2580071174377224 0.126 0.48042704626334515
3 0.20700000000000002 0.398576512455516 0.026000000000000002 0.1779359430604982
3 0.249 0.41103202846975084 0.03 0.16014234875444838
3 0.333 0.3291814946619217 0.062 0.3309608540925267
3 0.394 0.25622775800711745 0.084 0.4697508896797153
3 0.489 0.3238434163701067 0.074 0.33451957295373663
3 0.598 0.2722419928825623 0.096 0.4448398576512455
3 0.646 0.3416370106761566 0.064 0.3060498220640569
3 0.6970000000000001 0.4181494661921708 0.034 0.15302491103202845
3 0.8140000000000001 0.25444839857651247 0.108 0.48042704626334515
3 0.905 0.37722419928825623 0.07 0.23487544483985764
3 0.757 0.4056939501779359 0.046 0.18505338078291814
