0 0.19939879759519036 0.5401891252955082 0.04208416833667334 0.12529550827423167
0 0.15831663326653306 0.5401891252955082 0.028056112224448895 0.08274231678486997
0 0.3396793587174348 0.5342789598108747 0.03006012024048096 0.08983451536643025
0 0.3867735470941883 0.5354609929078014 0.06012024048096192 0.18203309692671393
0 0.44689378757515025 0.5307328605200945 0.04008016032064128 0.11583924349881797
0 0.6462925851703406 0.6146572104018913 0.22645290581162322 0.6572104018912529
0 0.5871743486973947 0.7907801418439716 0.1402805611222445 0.40425531914893614
0 0.691382765531062 0.5295508274231678 0.04008016032064128 0.11347517730496454
0 0.7324649298597193 0.5271867612293144 0.04609218436873747 0.13238770685579196
0 0.8186372745490982 0.5224586288416075 0.03006012024048096 0.08983451536643025
0 0.8356713426853707 0.5200945626477541 0.03206412825651302 0.09456264775413711
0 0.87875751503006 0.5283687943262412 0.04208416833667334 0.12529550827423167
0 0.9308617234468937 0.524822695035461 0.038076152304609215 0.11347517730496454
0 0.9769539078156312 0.5260047281323877 0.04208416833667334 0.15839243498817968
