0 0.0775 0.6353383458646616 0.13 0.48120300751879697
0 0.195 0.6954887218045113 0.135 0.5037593984962405
0 0.245 0.7086466165413533 0.155 0.575187969924812
0 0.3325 0.6447368421052632 0.135 0.49248120300751874
0 0.43625 0.68796992481203 0.1275 0.47368421052631576
0 0.57125 0.6936090225563909 0.1475 0.537593984962406
0 0.53125 0.5338345864661653 0.0575 0.21804511278195488
0 0.3775 0.5093984962406015 0.055 0.20676691729323307
0 0.67875 0.537593984962406 0.0625 0.22556390977443608
0 0.75 0.7293233082706767 0.14 0.518796992481203
0 0.7937500000000001 0.6672932330827067 0.1475 0.537593984962406
0 0.925 0.6616541353383458 0.145 0.6616541353383458
2 0.86875 0.4830827067669173 0.0725 0.14661654135338345
2 0.6475 0.47180451127819545 0.035 0.07142857142857142
2 0.28625 0.47368421052631576 0.0525 0.11278195488721804
2 0.145 0.47180451127819545 0.05 0.10902255639097744
