0 0.14615384615384616 0.37885462555066085 0.12615384615384614 0.44493392070484583
0 0.39153846153846156 0.5649779735682819 0.24461538461538462 0.8524229074889869
0 0.46384615384615385 0.5066079295154186 0.22615384615384615 0.7973568281938327
0 0.7407692307692307 0.36784140969163 0.13384615384615384 0.4713656387665199
0 0.03923076923076923 0.27643171806167405 0.06307692307692307 0.22687224669603526
0 0.09076923076923077 0.28083700440528636 0.06153846153846154 0.2180616740088106
0 0.16538461538461538 0.26101321585903087 0.06923076923076923 0.24889867841409694
0 0.22076923076923077 0.26872246696035246 0.06615384615384616 0.22907488986784144
0 0.29307692307692307 0.27533039647577096 0.06307692307692307 0.2246696035242291
0 0.5238461538461539 0.27092511013215864 0.06615384615384616 0.2378854625550661
0 0.5761538461538461 0.27422907488986786 0.06615384615384616 0.23568281938325994
0 0.6146153846153846 0.2720264317180617 0.06923076923076923 0.24889867841409694
0 0.6507692307692308 0.27753303964757714 0.06461538461538462 0.23348017621145375
0 0.8353846153846154 0.26982378854625555 0.07384615384615384 0.26211453744493396
0 0.8661538461538462 0.28083700440528636 0.06769230769230769 0.23568281938325994
0 0.933076923076923 0.29515418502202645 0.09692307692307692 0.3392070484581498
0 0.7730769230769231 0.26762114537444937 0.06923076923076923 0.24889867841409694
4 0.7584615384615384 0.2533039647577093 0.4707692307692308 0.30837004405286345
4 0.18307692307692308 0.2114537444933921 0.3630769230769231 0.17180616740088106
