0 0.11333333333333334 0.53 0.1 0.365
0 0.17916666666666667 0.54875 0.08833333333333333 0.3275
0 0.18916666666666668 0.5925 0.06833333333333334 0.25
0 0.2275 0.58 0.07500000000000001 0.28
0 0.26583333333333337 0.58625 0.07166666666666667 0.2625
0 0.3066666666666667 0.58375 0.07333333333333333 0.2775
0 0.35000000000000003 0.57625 0.07666666666666667 0.28250000000000003
0 0.3891666666666667 0.56875 0.07833333333333334 0.2925
0 0.4316666666666667 0.56625 0.07666666666666667 0.28750000000000003
0 0.47500000000000003 0.5675 0.08 0.3
0 0.5258333333333334 0.5625 0.085 0.315
0 0.5708333333333334 0.54125 0.09166666666666667 0.3375
0 0.6133333333333334 0.54875 0.09000000000000001 0.3275
0 0.6675000000000001 0.55875 0.08166666666666667 0.3025
0 0.7133333333333334 0.5650000000000001 0.08 0.3
0 0.7691666666666667 0.58 0.07500000000000001 0.28
0 0.7908333333333334 0.54125 0.08833333333333333 0.3325
0 0.8766666666666667 0.52 0.10666666666666667 0.39
