0 0.3518181818181818 0.7208737864077669 0.15818181818181817 0.5242718446601942
0 0.21363636363636362 0.5813106796116504 0.10727272727272727 0.3567961165048543
0 0.1390909090909091 0.5315533980582524 0.07818181818181819 0.2524271844660194
0 0.12090909090909091 0.5012135922330097 0.06363636363636363 0.21601941747572814
0 0.44363636363636366 0.5655339805825242 0.08727272727272728 0.28640776699029125
0 0.6863636363636364 0.6395631067961165 0.11090909090909092 0.36165048543689315
0 0.27090909090909093 0.5036407766990291 0.05818181818181818 0.19174757281553395
0 0.9118181818181819 0.4817961165048543 0.034545454545454546 0.11893203883495145
0 0.9427272727272727 0.4769417475728155 0.03090909090909091 0.10436893203883495
0 0.8581818181818182 0.4745145631067961 0.02909090909090909 0.09466019417475727
0 0.8218181818181818 0.4757281553398058 0.02909090909090909 0.10194174757281553
0 0.7572727272727273 0.4672330097087378 0.03090909090909091 0.09951456310679611
0 0.649090909090909 0.4490291262135922 0.02181818181818182 0.07766990291262135
0 0.740909090909091 0.4599514563106796 0.023636363636363636 0.08009708737864077
0 0.6281818181818182 0.4502427184466019 0.02727272727272727 0.08980582524271843
0 0.6145454545454545 0.44296116504854366 0.02181818181818182 0.07524271844660194
0 0.5809090909090909 0.4478155339805825 0.023636363636363636 0.07524271844660194
0 0.5445454545454546 0.44417475728155337 0.023636363636363636 0.07766990291262135
0 0.5127272727272727 0.44174757281553395 0.01818181818181818 0.06796116504854369
0 0.5218181818181818 0.44296116504854366 0.014545454545454545 0.0558252427184466
0 0.5518181818181818 0.4368932038834951 0.02 0.06796116504854369
0 0.09909090909090909 0.47087378640776695 0.04909090909090909 0.16504854368932037
4 0.27454545454545454 0.4029126213592233 0.12363636363636364 0.07281553398058252
4 0.04181818181818182 0.4344660194174757 0.08 0.13106796116504854
