0 0.06 0.5093984962406015 0.035 0.13157894736842105
0 0.08750000000000001 0.5093984962406015 0.03 0.12406015037593984
0 0.11750000000000001 0.5093984962406015 0.03 0.12406015037593984
0 0.09875 0.5112781954887218 0.0325 0.12030075187969924
0 0.13125 0.5169172932330827 0.0275 0.10902255639097744
0 0.14375000000000002 0.6146616541353384 0.0375 0.13909774436090225
0 0.21875 0.6090225563909775 0.0725 0.2706766917293233
0 0.26375 0.6033834586466165 0.0225 0.09398496240601503
0 0.335 0.6165413533834586 0.025 0.09774436090225563
0 0.3725 0.6240601503759398 0.03 0.11278195488721804
0 0.3975 0.6278195488721804 0.03 0.11278195488721804
0 0.43875000000000003 0.631578947368421 0.0275 0.11278195488721804
0 0.45 0.6259398496240601 0.03 0.10902255639097744
0 0.49625 0.6278195488721804 0.0275 0.09774436090225563
0 0.5125 0.6259398496240601 0.03 0.10902255639097744
0 0.5437500000000001 0.6278195488721804 0.0275 0.10526315789473684
0 0.56375 0.6278195488721804 0.0275 0.10526315789473684
0 0.89125 0.6259398496240601 0.0425 0.16917293233082706
0 0.87 0.6296992481203008 0.02 0.08646616541353383
0 0.69125 0.6353383458646616 0.0275 0.09774436090225563
2 0.04 0.46616541353383456 0.03 0.06015037593984962
2 0.04625 0.5451127819548872 0.0425 0.08270676691729323
2 0.02625 0.47180451127819545 0.0225 0.08646616541353383
2 0.0125 0.5037593984962405 0.025 0.12030075187969924
2 0.1625 0.49436090225563906 0.025 0.07142857142857142
2 0.185 0.49624060150375937 0.025 0.09022556390977443
2 0.44125000000000003 0.5507518796992481 0.0275 0.05639097744360902
2 0.36 0.5263157894736842 0.02 0.045112781954887216
2 0.375 0.5338345864661653 0.02 0.06015037593984962
2 0.07375 0.45864661654135336 0.0275 0.08270676691729323
