0 0.13416666666666668 0.68625 0.06833333333333334 0.2575
0 0.17083333333333334 0.6900000000000001 0.07833333333333334 0.28500000000000003
0 0.21416666666666667 0.69125 0.095 0.3525
0 0.25083333333333335 0.69875 0.12166666666666667 0.4475
0 0.3241666666666667 0.68625 0.065 0.23750000000000002
0 0.3816666666666667 0.69375 0.07333333333333333 0.2675
0 0.46 0.7000000000000001 0.08666666666666667 0.315
0 0.535 0.7025 0.06333333333333334 0.23
0 0.6025 0.71875 0.10500000000000001 0.3925
0 0.6225 0.69875 0.06833333333333334 0.2575
0 0.7050000000000001 0.705 0.08 0.295
0 0.8450000000000001 0.715 0.09000000000000001 0.335
0 0.9216666666666667 0.7212500000000001 0.06666666666666667 0.2475
0 0.8133333333333334 0.7125 0.06333333333333334 0.23
2 0.7258333333333333 0.71125 0.021666666666666667 0.2125
3 0.1275 0.41875 0.07833333333333334 0.20750000000000002
3 0.060000000000000005 0.47125 0.08 0.1225
3 0.02666666666666667 0.43875000000000003 0.05 0.1475
3 0.46166666666666667 0.3925 0.016666666666666666 0.045
3 0.4816666666666667 0.39375 0.023333333333333334 0.0375
3 0.5158333333333334 0.40125 0.025 0.0375
3 0.5375000000000001 0.41125 0.018333333333333333 0.0375
3 0.7741666666666667 0.32625 0.015000000000000001 0.0625
3 0.7991666666666667 0.31625000000000003 0.011666666666666667 0.0675
3 0.8291666666666667 0.30875 0.018333333333333333 0.0475
3 0.8691666666666668 0.29875 0.011666666666666667 0.0675
3 0.88 0.2975 0.013333333333333334 0.06
3 0.89 0.3025 0.02 0.055
3 0.9 0.31 0.013333333333333334 0.065
3 0.9075000000000001 0.30625 0.015000000000000001 0.0625
3 0.9466666666666668 0.3275 0.016666666666666666 0.06
3 0.9725 0.3325 0.018333333333333333 0.07
3 0.5775 0.40625 0.011666666666666667 0.0325
3 0.5916666666666667 0.3925 0.016666666666666666 0.04
3 0.62 0.38125000000000003 0.023333333333333334 0.0675
3 0.6333333333333334 0.375 0.016666666666666666 0.07
3 0.6425000000000001 0.3775 0.011666666666666667 0.065
3 0.6633333333333333 0.36625 0.016666666666666666 0.0525
3 0.7225 0.34125 0.011666666666666667 0.0525
3 0.7341666666666667 0.335 0.011666666666666667 0.045
3 0.7408333333333333 0.3375 0.015000000000000001 0.045
3 0.7041666666666667 0.34375 0.015000000000000001 0.0425
