0 0.06363636363636363 0.5123626373626374 0.10909090909090909 0.40384615384615385
0 0.1190909090909091 0.4793956043956044 0.07454545454545454 0.282967032967033
0 0.15454545454545454 0.44642857142857145 0.07636363636363637 0.282967032967033
0 0.24545454545454545 0.521978021978022 0.10545454545454545 0.39560439560439564
0 0.30454545454545456 0.451923076923077 0.06727272727272728 0.25549450549450553
0 0.3890909090909091 0.4560439560439561 0.06181818181818182 0.22527472527472528
0 0.35454545454545455 0.2692307692307693 0.03636363636363636 0.14285714285714288
0 0.4309090909090909 0.1730769230769231 0.02909090909090909 0.11538461538461539
0 0.4590909090909091 0.42719780219780223 0.06 0.22802197802197804
0 0.5154545454545455 0.4491758241758242 0.056363636363636366 0.21703296703296704
0 0.5827272727272728 0.45741758241758246 0.06363636363636363 0.23351648351648355
0 0.6163636363636363 0.2623626373626374 0.04 0.14560439560439561
0 0.6718181818181819 0.6428571428571429 0.19090909090909092 0.7032967032967034
0 0.95 0.5576923076923077 0.08181818181818182 0.3076923076923077
0 0.9136363636363637 0.5096153846153847 0.07818181818181819 0.29395604395604397
0 0.5072727272727273 0.28571428571428575 0.05454545454545454 0.20329670329670332
2 0.2309090909090909 0.30219780219780223 0.08363636363636363 0.1208791208791209
2 0.4718181818181818 0.3612637362637363 0.06363636363636363 0.1620879120879121
2 0.7418181818181818 0.16483516483516486 0.025454545454545455 0.08791208791208792
2 0.7572727272727273 0.17445054945054947 0.023636363636363636 0.10714285714285715
2 0.7836363636363637 0.19505494505494508 0.02181818181818182 0.08791208791208792
2 0.8481818181818181 0.1936813186813187 0.023636363636363636 0.06868131868131869
