0 0.11339285714285714 0.7578347578347578 0.04107142857142857 0.16524216524216526
0 0.2544642857142857 0.7250712250712251 0.01607142857142857 0.07122507122507123
0 0.46428571428571425 0.7863247863247864 0.02142857142857143 0.08547008547008547
0 0.4875 0.7834757834757835 0.02142857142857143 0.09116809116809117
0 0.50625 0.7905982905982907 0.023214285714285715 0.09401709401709402
0 0.5321428571428571 0.7863247863247864 0.024999999999999998 0.10256410256410257
0 0.5544642857142857 0.7692307692307693 0.026785714285714284 0.10826210826210826
0 0.5821428571428571 0.7621082621082621 0.017857142857142856 0.07692307692307693
0 0.6026785714285714 0.7891737891737892 0.026785714285714284 0.10256410256410257
0 0.6241071428571429 0.8048433048433049 0.01607142857142857 0.06552706552706553
0 0.6526785714285714 0.811965811965812 0.019642857142857142 0.07407407407407408
0 0.6705357142857142 0.8532763532763533 0.030357142857142857 0.12820512820512822
0 0.8169642857142857 0.8219373219373219 0.026785714285714284 0.11111111111111112
0 0.74375 0.8034188034188035 0.023214285714285715 0.09116809116809117
0 0.7678571428571428 0.8176638176638177 0.024999999999999998 0.10256410256410257
0 0.8580357142857142 0.8247863247863249 0.023214285714285715 0.09401709401709402
0 0.8392857142857143 0.8219373219373219 0.02142857142857143 0.08262108262108263
0 0.93125 0.8390313390313391 0.019642857142857142 0.08262108262108263
0 0.9776785714285714 0.8319088319088319 0.019642857142857142 0.08547008547008547
0 0.9910714285714285 0.8376068376068376 0.014285714285714285 0.08547008547008547
0 0.7857142857142857 0.8262108262108262 0.02857142857142857 0.11965811965811966
2 0.019642857142857142 0.784900284900285 0.03571428571428571 0.1225071225071225
2 0.010714285714285714 0.7293447293447294 0.017857142857142856 0.05698005698005698
2 0.06339285714285714 0.6994301994301995 0.026785714285714284 0.04843304843304844
2 0.08392857142857142 0.6937321937321937 0.02142857142857143 0.05982905982905983
2 0.17232142857142857 0.7207977207977209 0.023214285714285715 0.05698005698005698
2 0.15357142857142855 0.707977207977208 0.017857142857142856 0.04843304843304844
2 0.14553571428571427 0.6923076923076923 0.019642857142857142 0.03418803418803419
2 0.19017857142857142 0.7307692307692308 0.012499999999999999 0.05413105413105413
2 0.19732142857142856 0.7193732193732194 0.019642857142857142 0.05413105413105413
2 0.20892857142857144 0.7122507122507122 0.014285714285714285 0.06267806267806268
2 0.23035714285714284 0.7165242165242166 0.014285714285714285 0.042735042735042736
2 0.24464285714285713 0.7279202279202279 0.017857142857142856 0.03703703703703704
2 0.2732142857142857 0.7236467236467237 0.014285714285714285 0.045584045584045586
2 0.2857142857142857 0.7193732193732194 0.017857142857142856 0.04843304843304844
2 0.30357142857142855 0.7364672364672366 0.017857142857142856 0.042735042735042736
2 0.34285714285714286 0.7336182336182336 0.017857142857142856 0.05413105413105413
2 0.36339285714285713 0.7336182336182336 0.019642857142857142 0.03703703703703704
2 0.3821428571428571 0.8205128205128206 0.039285714285714285 0.10826210826210826
2 0.3991071428571428 0.8162393162393162 0.030357142857142857 0.09401709401709402
2 0.39017857142857143 0.7635327635327636 0.026785714285714284 0.06267806267806268
2 0.44285714285714284 0.7606837606837608 0.02142857142857143 0.039886039886039885
2 0.5455357142857142 0.7692307692307693 0.023214285714285715 0.05698005698005698
2 0.5169642857142857 0.7492877492877493 0.026785714285714284 0.06267806267806268
2 0.66875 0.7905982905982907 0.023214285714285715 0.05982905982905983
2 0.7339285714285714 0.896011396011396 0.03571428571428571 0.08262108262108263
2 0.7883928571428571 0.878917378917379 0.0375 0.09971509971509972
2 0.42232142857142857 0.7606837606837608 0.019642857142857142 0.039886039886039885
