0 0.09583333333333334 0.8066666666666666 0.11166666666666668 0.3688888888888889
0 0.22 0.8244444444444444 0.10333333333333335 0.3377777777777778
0 0.26666666666666666 0.7744444444444445 0.07333333333333333 0.24222222222222223
0 0.33166666666666667 0.8177777777777778 0.10666666666666667 0.3466666666666667
0 0.47500000000000003 0.7044444444444444 0.043333333333333335 0.14222222222222222
0 0.5308333333333334 0.7255555555555555 0.05166666666666667 0.16666666666666666
0 0.5583333333333333 0.7011111111111111 0.03666666666666667 0.12666666666666668
0 0.5775 0.7 0.04166666666666667 0.13333333333333333
0 0.6133333333333334 0.7166666666666667 0.060000000000000005 0.19333333333333333
0 0.6525000000000001 0.7144444444444444 0.05166666666666667 0.17555555555555555
0 0.68 0.6911111111111111 0.03333333333333333 0.10666666666666666
2 0.15833333333333335 0.7655555555555555 0.08 0.17555555555555555
2 0.6325000000000001 0.6588888888888889 0.025 0.06444444444444444
2 0.5991666666666667 0.6544444444444445 0.021666666666666667 0.03777777777777778
2 0.665 0.6644444444444444 0.023333333333333334 0.07555555555555556
2 0.6958333333333334 0.6466666666666666 0.018333333333333333 0.044444444444444446
2 0.7075 0.68 0.03166666666666667 0.10222222222222223
2 0.7208333333333333 0.6511111111111111 0.015000000000000001 0.035555555555555556
2 0.7241666666666667 0.6144444444444445 0.015000000000000001 0.042222222222222223
2 0.41750000000000004 0.6166666666666667 0.015000000000000001 0.02
2 0.36583333333333334 0.6266666666666667 0.011666666666666667 0.022222222222222223
