0 0.029780564263322887 0.9500846023688663 0.024033437826541278 0.09644670050761421
0 0.007314524555903867 0.9424703891708968 0.014629049111807735 0.09813874788494077
0 0.07680250783699061 0.8815566835871405 0.05329153605015675 0.20981387478849406
0 0.13479623824451412 0.9187817258883249 0.03970741901776385 0.15905245346869712
0 0.25026123301985376 0.8096446700507614 0.09508881922675028 0.3739424703891709
0 0.29205851619644724 0.5803722504230118 0.20585161964472312 0.8189509306260575
0 0.5146290491118077 0.8375634517766497 0.07836990595611286 0.3147208121827411
0 0.47283176593521425 0.9450084602368866 0.024033437826541278 0.09983079526226735
0 0.44514106583072105 0.949238578680203 0.02089864158829676 0.08798646362098138
0 0.42371995820271685 0.9416243654822335 0.024033437826541278 0.09644670050761421
0 0.4096133751306166 0.9500846023688663 0.02089864158829676 0.08629441624365482
0 0.5642633228840126 0.9441624365482233 0.025078369905956115 0.10152284263959391
0 0.5830721003134797 0.8950930626057529 0.04597701149425288 0.18612521150592215
0 0.6603970741901777 0.877326565143824 0.05851619644723094 0.2318104906937394
0 0.687042842215256 0.7445008460236886 0.12643678160919541 0.5008460236886633
0 0.7053291536050157 0.9204737732656514 0.02925809822361547 0.12182741116751268
0 0.8108672936259144 0.9196277495769881 0.02716823406478579 0.10998307952622673
0 0.8693834900731453 0.7851099830795262 0.09613375130616511 0.3824027072758037
0 0.9676071055381401 0.8257191201353637 0.06269592476489029 0.2673434856175973
2 0.045454545454545456 0.9720812182741116 0.017763845350052248 0.04568527918781726
2 0.08254963427377221 0.9729272419627749 0.012539184952978058 0.03722504230118443
2 0.07210031347962383 0.9780033840947546 0.02298850574712644 0.0338409475465313
2 0.17084639498432602 0.9796954314720812 0.009404388714733543 0.03045685279187817
2 0.1776384535005225 0.9729272419627749 0.014629049111807735 0.02707275803722504
2 0.19017763845350055 0.9780033840947546 0.01671891327063741 0.023688663282571912
2 0.19801462904911182 0.9526226734348562 0.009404388714733543 0.0338409475465313
2 0.14472309299895508 0.9805414551607444 0.013584117032392895 0.018612521150592216
2 0.13636363636363638 0.9822335025380711 0.013584117032392895 0.011844331641285956
2 0.28474399164054337 0.9458544839255498 0.009404388714733543 0.04399323181049069
2 0.28996865203761757 0.9509306260575295 0.007314524555903867 0.0338409475465313
2 0.4592476489028214 0.9695431472081218 0.013584117032392895 0.04060913705583756
2 0.49425287356321845 0.9483925549915397 0.012539184952978058 0.06260575296108291
2 0.6233019853709509 0.904399323181049 0.021943573667711602 0.04230118443316413
2 0.6154649947753397 0.9263959390862944 0.014629049111807735 0.052453468697123515
2 0.5997910135841171 0.9272419627749576 0.01671891327063741 0.09475465313028765
2 0.7257053291536051 0.9500846023688663 0.015673981191222573 0.0829103214890017
2 0.7873563218390806 0.8959390862944162 0.026123301985370953 0.07614213197969542
2 0.8228840125391851 0.8959390862944162 0.024033437826541278 0.052453468697123515
2 0.881400208986416 0.8883248730964467 0.017763845350052248 0.05752961082910321
2 0.8918495297805643 0.904399323181049 0.019853709508881923 0.0727580372250423
2 0.9383490073145246 0.8536379018612521 0.012539184952978058 0.038917089678511
2 0.9733542319749218 0.9306260575296108 0.017763845350052248 0.050761421319796954
2 0.9764890282131662 0.937394247038917 0.03448275862068966 0.050761421319796954
2 0.9916405433646814 0.9407783417935702 0.008359456635318705 0.05414551607445008
2 0.8338557993730409 0.8409475465313029 0.018808777429467086 0.06091370558375634
