0 0.08083333333333334 0.6235955056179776 0.14166666666666666 0.47415730337078654
0 0.14833333333333334 0.6112359550561798 0.11 0.36404494382022473
0 0.24916666666666668 0.5797752808988764 0.09166666666666667 0.3056179775280899
0 0.28 0.5179775280898877 0.030000000000000002 0.09662921348314607
0 0.3716666666666667 0.4988764044943821 0.023333333333333334 0.0853932584269663
0 0.4033333333333334 0.5561797752808989 0.060000000000000005 0.20449438202247192
0 0.45 0.551685393258427 0.06333333333333334 0.21348314606741575
0 0.4633333333333334 0.6258426966292135 0.12333333333333334 0.4112359550561798
0 0.5616666666666666 0.5595505617977529 0.09333333333333334 0.31460674157303375
0 0.6258333333333334 0.5640449438202247 0.065 0.22022471910112362
0 0.6491666666666667 0.5280898876404495 0.05166666666666667 0.1707865168539326
0 0.7100000000000001 0.5370786516853933 0.04666666666666667 0.16179775280898878
0 0.7308333333333333 0.5797752808988764 0.07833333333333334 0.2606741573033708
0 0.8083333333333333 0.5483146067415731 0.07 0.22921348314606743
0 0.8633333333333334 0.602247191011236 0.10333333333333335 0.3460674157303371
0 0.9375000000000001 0.5730337078651686 0.085 0.2876404494382023
0 0.9550000000000001 0.5685393258426967 0.06666666666666667 0.22471910112359553
0 0.021666666666666667 0.48876404494382025 0.013333333333333334 0.04269662921348315
0 0.043333333333333335 0.48876404494382025 0.013333333333333334 0.04269662921348315
2 0.2891666666666667 0.502247191011236 0.011666666666666667 0.08764044943820226
2 0.6091666666666667 0.4955056179775281 0.055 0.10112359550561799
2 0.5725 0.5640449438202247 0.06833333333333334 0.31910112359550563
2 0.8208333333333334 0.5359550561797753 0.10166666666666667 0.1955056179775281
2 0.7266666666666667 0.5651685393258428 0.06666666666666667 0.2
4 0.2066666666666667 0.4719101123595506 0.07 0.02696629213483146
4 0.3225 0.4719101123595506 0.06833333333333334 0.022471910112359553
