0 0.05331991951710262 0.5015243902439025 0.07042253521126761 0.25914634146341464
0 0.10160965794768613 0.49847560975609756 0.07042253521126761 0.2652439024390244
0 0.13279678068410464 0.5091463414634146 0.06841046277665996 0.2621951219512195
0 0.20422535211267606 0.5106707317073171 0.06639839034205232 0.2530487804878049
0 0.24748490945674045 0.4954268292682927 0.06438631790744467 0.24085365853658539
0 0.3450704225352113 0.5045731707317074 0.0744466800804829 0.2835365853658537
0 0.4235412474849095 0.5091463414634146 0.06237424547283703 0.23170731707317074
0 0.5191146881287727 0.49390243902439024 0.06841046277665996 0.25609756097560976
0 0.8179074446680081 0.48475609756097565 0.06639839034205232 0.24390243902439024
0 0.7293762575452717 0.43140243902439024 0.15492957746478875 0.5823170731707318
0 0.7887323943661972 0.49390243902439024 0.05633802816901409 0.20731707317073172
0 0.9738430583501007 0.4786585365853659 0.048289738430583505 0.3170731707317073
0 0.8863179074446681 0.49847560975609756 0.06237424547283703 0.22865853658536586
0 0.6096579476861167 0.4207317073170732 0.15694164989939638 0.5914634146341463
2 0.031187122736418514 0.5823170731707318 0.05835010060362174 0.1402439024390244
2 0.07142857142857144 0.576219512195122 0.06639839034205232 0.16463414634146342
2 0.12273641851106641 0.5731707317073171 0.06438631790744467 0.1402439024390244
2 0.2625754527162978 0.5594512195121951 0.0824949698189135 0.15548780487804878
2 0.295774647887324 0.5274390243902439 0.03621730382293763 0.08536585365853659
2 0.3279678068410463 0.5442073170731707 0.052313883299798795 0.13109756097560976
2 0.39839034205231394 0.5731707317073171 0.06036217303822938 0.12195121951219512
2 0.46780684104627773 0.551829268292683 0.07847082494969819 0.13414634146341464
2 0.5191146881287727 0.5365853658536586 0.06841046277665996 0.12804878048780488
2 0.5633802816901409 0.7103658536585367 0.5472837022132797 0.24390243902439024
2 0.5503018108651911 0.649390243902439 0.4084507042253521 0.12804878048780488
2 0.8531187122736419 0.5335365853658537 0.06438631790744467 0.1524390243902439
2 0.8853118712273642 0.5701219512195123 0.052313883299798795 0.15853658536585366
2 0.9275653923541248 0.5548780487804879 0.048289738430583505 0.1524390243902439
2 0.960764587525151 0.5625 0.04225352112676057 0.17378048780487806
2 0.943661971830986 0.4253048780487805 0.06036217303822938 0.14329268292682928
2 0.9597585513078472 0.37652439024390244 0.048289738430583505 0.10670731707317073
