0 0.13055555555555556 0.3641666666666667 0.12333333333333334 0.4516666666666667
0 0.18222222222222223 0.3441666666666667 0.1111111111111111 0.4116666666666667
0 0.3661111111111111 0.3775 0.11222222222222222 0.41500000000000004
0 0.37833333333333335 0.3125 0.12111111111111111 0.445
0 0.4872222222222222 0.35583333333333333 0.13 0.47500000000000003
0 0.4738888888888889 0.6000000000000001 0.14555555555555555 0.5366666666666667
0 0.5011111111111111 0.7175 0.14888888888888888 0.545
0 0.6911111111111111 0.7208333333333333 0.1511111111111111 0.555
0 0.8016666666666666 0.7058333333333334 0.15 0.555
0 0.8833333333333333 0.6641666666666667 0.18222222222222223 0.6683333333333333
0 0.6438888888888888 0.27166666666666667 0.12777777777777777 0.4733333333333334
0 0.5666666666666667 0.29833333333333334 0.10444444444444445 0.3866666666666667
2 0.03111111111111111 0.1391666666666667 0.05555555555555555 0.275
2 0.058888888888888886 0.7316666666666667 0.11777777777777777 0.5233333333333333
2 0.05722222222222222 0.8591666666666667 0.11444444444444445 0.2516666666666667
2 0.2088888888888889 0.7708333333333334 0.1711111111111111 0.455
2 0.37833333333333335 0.8225 0.23444444444444446 0.30833333333333335
2 0.6877777777777778 0.08 0.07111111111111111 0.16
2 0.39111111111111113 0.02666666666666667 0.028888888888888888 0.05333333333333334
2 0.42666666666666664 0.023333333333333334 0.026666666666666665 0.04666666666666667
2 0.4533333333333333 0.02666666666666667 0.035555555555555556 0.05333333333333334
2 0.8861111111111111 0.395 0.15888888888888889 0.26666666666666666
3 0.18722222222222223 0.050833333333333335 0.058888888888888886 0.085
3 0.11944444444444445 0.10500000000000001 0.09444444444444444 0.19333333333333336
3 0.04888888888888889 0.4066666666666667 0.09777777777777778 0.25
3 0.25666666666666665 0.04 0.04 0.06333333333333334
3 0.32611111111111113 0.035 0.04777777777777778 0.05
3 0.6133333333333333 0.0425 0.04888888888888889 0.07833333333333334
3 0.5183333333333333 0.10666666666666667 0.06777777777777778 0.14333333333333334
3 0.4872222222222222 0.10250000000000001 0.06333333333333334 0.13166666666666668
3 0.4361111111111111 0.13833333333333334 0.056666666666666664 0.15666666666666668
3 0.4038888888888889 0.12416666666666668 0.04555555555555556 0.14500000000000002
3 0.7605555555555555 0.06416666666666668 0.06333333333333334 0.10166666666666667
3 0.7183333333333334 0.058333333333333334 0.05 0.10333333333333335
3 0.8483333333333334 0.06416666666666668 0.06777777777777778 0.115
3 0.9205555555555556 0.025 0.03 0.05
3 0.9677777777777777 0.0675 0.06222222222222222 0.125
