0 0.030405405405405407 0.34959349593495936 0.060810810810810814 0.23577235772357727
0 0.12635135135135137 0.3221544715447155 0.060810810810810814 0.2296747967479675
0 0.18445945945945946 0.30589430894308944 0.06351351351351352 0.233739837398374
0 0.25270270270270273 0.36280487804878053 0.06486486486486487 0.2378048780487805
0 0.2918918918918919 0.35162601626016265 0.07027027027027027 0.2642276422764228
0 0.32094594594594594 0.3739837398373984 0.05540540540540541 0.20731707317073172
0 0.34864864864864864 0.3658536585365854 0.05675675675675676 0.20731707317073172
0 0.3986486486486487 0.3465447154471545 0.06756756756756757 0.24593495934959353
0 0.42702702702702705 0.350609756097561 0.06756756756756757 0.24593495934959353
0 0.4641891891891892 0.3455284552845529 0.07432432432432433 0.2804878048780488
0 0.5324324324324324 0.35467479674796754 0.07297297297297298 0.27439024390243905
0 0.591891891891892 0.3922764227642277 0.0972972972972973 0.3617886178861789
0 0.6263513513513513 0.35975609756097565 0.07972972972972973 0.2967479674796748
0 0.675 0.36483739837398377 0.06351351351351352 0.233739837398374
0 0.7060810810810811 0.3373983739837399 0.09864864864864865 0.3617886178861789
0 0.7439189189189189 0.358739837398374 0.08513513513513514 0.3109756097560976
0 0.7864864864864866 0.33638211382113825 0.05405405405405406 0.20121951219512196
0 0.8310810810810811 0.3323170731707317 0.062162162162162166 0.2296747967479675
0 0.8790540540540541 0.34146341463414637 0.05810810810810811 0.21138211382113822
0 0.9087837837837839 0.3790650406504065 0.10945945945945947 0.4044715447154472
0 0.9493243243243243 0.358739837398374 0.08243243243243244 0.30284552845528456
2 0.012162162162162163 0.14939024390243905 0.024324324324324326 0.1402439024390244
2 0.07635135135135135 0.19207317073170735 0.07972972972972973 0.16869918699186995
2 0.06824324324324324 0.2957317073170732 0.08243243243243244 0.18089430894308944
2 0.225 0.24186991869918703 0.03918918918918919 0.0813008130081301
2 0.22364864864864867 0.30284552845528456 0.03918918918918919 0.12195121951219513
2 0.33310810810810815 0.24796747967479676 0.031081081081081083 0.06097560975609757
2 0.3871621621621622 0.3170731707317074 0.03918918918918919 0.15040650406504066
2 0.4864864864864865 0.2682926829268293 0.04864864864864865 0.1829268292682927
2 0.5 0.23475609756097562 0.024324324324324326 0.05081300813008131
2 0.6527027027027027 0.2530487804878049 0.05675675675675676 0.11178861788617887
2 0.7905405405405406 0.25101626016260165 0.04864864864864865 0.08333333333333334
2 0.9790540540540541 0.29369918699187 0.03918918918918919 0.2378048780487805
