0 0.1602941176470588 0.5531453362255966 0.08823529411764705 0.3210412147505423
0 0.22794117647058823 0.5748373101952278 0.08235294117647059 0.29501084598698485
0 0.2757352941176471 0.5574837310195228 0.09558823529411764 0.34273318872017355
0 0.36911764705882355 0.5553145336225597 0.08823529411764705 0.3167028199566161
0 0.42205882352941176 0.561822125813449 0.08235294117647059 0.2993492407809111
0 0.47352941176470587 0.5672451193058569 0.07941176470588235 0.2841648590021692
0 0.5294117647058824 0.5574837310195228 0.08235294117647059 0.2993492407809111
0 0.6088235294117647 0.5911062906724512 0.06470588235294117 0.24078091106290672
0 0.6558823529411765 0.5672451193058569 0.07352941176470588 0.27114967462039047
0 0.7066176470588236 0.5770065075921909 0.0661764705882353 0.24295010845986986
0 0.7654411764705882 0.5607375271149675 0.07794117647058824 0.279826464208243
