0 0.12 0.6786666666666666 0.14400000000000002 0.472
0 0.22 0.6226666666666666 0.108 0.35466666666666663
0 0.357 0.536 0.058 0.192
0 0.396 0.504 0.04 0.13866666666666666
0 0.41400000000000003 0.49066666666666664 0.036000000000000004 0.11733333333333333
0 0.422 0.49066666666666664 0.032 0.10666666666666666
0 0.507 0.536 0.07 0.23466666666666666
0 0.54 0.508 0.064 0.21066666666666667
0 0.5720000000000001 0.49466666666666664 0.032 0.10933333333333332
0 0.594 0.48666666666666664 0.028 0.09866666666666667
0 0.675 0.5213333333333333 0.05 0.16799999999999998
0 0.743 0.5466666666666666 0.066 0.21866666666666665
0 0.923 0.584 0.122 0.4053333333333333
0 0.632 0.4973333333333333 0.04 0.13066666666666665
0 0.461 0.496 0.026000000000000002 0.08533333333333333
0 0.44 0.49466666666666664 0.02 0.072
2 0.334 0.4973333333333333 0.028 0.08266666666666667
2 0.32 0.4746666666666666 0.02 0.07466666666666666
2 0.295 0.47733333333333333 0.018000000000000002 0.06933333333333333
2 0.363 0.48133333333333334 0.026000000000000002 0.056
2 0.385 0.476 0.022 0.072
2 0.784 0.5866666666666667 0.064 0.12266666666666666
2 0.677 0.5666666666666667 0.066 0.07733333333333334
2 0.65 0.45066666666666666 0.024 0.058666666666666666
