0 0.075 0.6373456790123456 0.134 0.5092592592592592
0 0.037 0.6049382716049383 0.074 0.38888888888888884
0 0.17 0.5709876543209876 0.07200000000000001 0.2777777777777778
0 0.28600000000000003 0.5524691358024691 0.044 0.16666666666666666
0 0.317 0.5771604938271605 0.046 0.17901234567901234
0 0.368 0.6219135802469136 0.108 0.40432098765432095
0 0.482 0.6358024691358024 0.112 0.43209876543209874
0 0.55 0.6018518518518519 0.12 0.4506172839506173
0 0.621 0.5586419753086419 0.07 0.26543209876543206
0 0.654 0.5771604938271605 0.052000000000000005 0.19753086419753085
0 0.709 0.5632716049382716 0.066 0.2561728395061728
0 0.75 0.5432098765432098 0.07200000000000001 0.2716049382716049
0 0.806 0.5679012345679012 0.1 0.3765432098765432
0 0.838 0.5694444444444444 0.08 0.3055555555555555
0 0.9470000000000001 0.5895061728395061 0.10200000000000001 0.4629629629629629
0 0.858 0.5787037037037037 0.07200000000000001 0.2685185185185185
0 0.906 0.5848765432098765 0.08 0.3117283950617284
2 0.043000000000000003 0.478395061728395 0.034 0.07407407407407407
2 0.107 0.4768518518518518 0.038 0.10185185185185185
2 0.139 0.4845679012345679 0.034 0.1111111111111111
2 0.192 0.5015432098765432 0.032 0.10802469135802469
2 0.20400000000000001 0.48148148148148145 0.028 0.09259259259259259
2 0.221 0.46141975308641975 0.026000000000000002 0.08333333333333333
2 0.23900000000000002 0.4552469135802469 0.034 0.05246913580246913
2 0.244 0.42592592592592593 0.04 0.06790123456790123
2 0.28500000000000003 0.45987654320987653 0.038 0.04938271604938271
2 0.329 0.5447530864197531 0.05 0.18209876543209874
2 0.654 0.4552469135802469 0.028 0.07098765432098765
2 0.595 0.4629629629629629 0.026000000000000002 0.09259259259259259
2 0.741 0.4629629629629629 0.042 0.08024691358024691
2 0.8230000000000001 0.4351851851851852 0.03 0.07407407407407407
2 0.893 0.470679012345679 0.034 0.08950617283950617
2 0.924 0.43209876543209874 0.032 0.08641975308641975
