0 0.03916666666666667 0.41125 0.07833333333333334 0.40750000000000003
0 0.11750000000000001 0.48125 0.11833333333333335 0.4425
0 0.17416666666666666 0.47250000000000003 0.1716666666666667 0.635
0 0.22166666666666668 0.39375 0.09333333333333334 0.34750000000000003
0 0.2758333333333334 0.3925 0.10166666666666667 0.37
0 0.3408333333333334 0.5225 0.20833333333333334 0.765
0 0.3841666666666667 0.46125 0.15833333333333335 0.5875
0 0.47500000000000003 0.45125 0.11666666666666667 0.4275
0 0.5850000000000001 0.44 0.14666666666666667 0.545
0 0.6408333333333334 0.44625000000000004 0.1716666666666667 0.6325000000000001
0 0.7325 0.3975 0.10166666666666667 0.37
0 0.8091666666666667 0.50375 0.16166666666666668 0.5925
0 0.8508333333333334 0.4375 0.14500000000000002 0.53
0 0.9333333333333333 0.44375000000000003 0.12666666666666668 0.4675
2 0.06916666666666667 0.335 0.058333333333333334 0.25
2 0.14083333333333334 0.24125 0.05166666666666667 0.0975
2 0.25916666666666666 0.2575 0.035 0.08
2 0.4316666666666667 0.28375 0.030000000000000002 0.0825
2 0.45333333333333337 0.25875 0.03666666666666667 0.0775
2 0.5091666666666667 0.28 0.045000000000000005 0.1
2 0.525 0.27625 0.03333333333333333 0.0925
2 0.7525000000000001 0.25875 0.021666666666666667 0.08750000000000001
2 0.7108333333333334 0.26125 0.021666666666666667 0.0525
2 0.7833333333333334 0.28500000000000003 0.043333333333333335 0.065
2 0.8958333333333334 0.26 0.05166666666666667 0.135
2 0.9766666666666667 0.26625 0.043333333333333335 0.1375
