0 0.08750000000000001 0.5213032581453634 0.15833333333333335 0.581453634085213
0 0.043333333333333335 0.5451127819548872 0.08666666666666667 0.40852130325814534
0 0.17916666666666667 0.5025062656641603 0.1716666666666667 0.6290726817042607
0 0.24250000000000002 0.5100250626566416 0.14833333333333334 0.5488721804511278
0 0.30083333333333334 0.5200501253132832 0.165 0.6090225563909775
0 0.40166666666666667 0.5350877192982456 0.11 0.40852130325814534
0 0.4566666666666667 0.537593984962406 0.15000000000000002 0.5588972431077694
0 0.5408333333333334 0.5526315789473684 0.16833333333333333 0.6240601503759398
0 0.6233333333333334 0.5300751879699248 0.15333333333333335 0.568922305764411
0 0.6883333333333334 0.5451127819548872 0.14333333333333334 0.5238095238095237
0 0.7683333333333334 0.5162907268170426 0.16333333333333333 0.606516290726817
0 0.8991666666666667 0.550125313283208 0.135 0.49373433583959897
0 0.9583333333333334 0.5513784461152882 0.08 0.47619047619047616
0 0.8316666666666667 0.6416040100250626 0.11 0.40601503759398494
0 0.7016666666666667 0.6278195488721804 0.14 0.518796992481203
2 0.3325 0.6591478696741855 0.08166666666666667 0.38596491228070173
2 0.18333333333333335 0.731829573934837 0.11 0.37593984962406013
