0 0.1289855072463768 0.7388781431334623 0.09855072463768116 0.32108317214700194
0 0.21521739130434783 0.7369439071566731 0.09420289855072464 0.31334622823984526
0 0.3050724637681159 0.7282398452611218 0.09710144927536232 0.3152804642166344
0 0.26231884057971017 0.6924564796905223 0.09855072463768116 0.32108317214700194
0 0.17971014492753623 0.6924564796905223 0.10144927536231885 0.33268858800773693
0 0.32971014492753625 0.6808510638297872 0.09710144927536232 0.32108317214700194
0 0.39057971014492754 0.7253384912959381 0.1 0.32495164410058025
0 0.4384057971014493 0.6731141199226306 0.09710144927536232 0.32108317214700194
0 0.48405797101449277 0.7021276595744681 0.09855072463768116 0.32108317214700194
0 0.5101449275362319 0.6653771760154739 0.09565217391304348 0.31334622823984526
0 0.5623188405797102 0.7059961315280464 0.09565217391304348 0.30947775628626695
0 0.5797101449275363 0.6692456479690523 0.10144927536231885 0.33268858800773693
0 0.6463768115942029 0.6895551257253385 0.10434782608695653 0.34622823984526113
0 0.7007246376811594 0.6634429400386848 0.1 0.33268858800773693
0 0.7528985507246377 0.6914893617021277 0.10869565217391304 0.3539651837524178
0 0.8144927536231884 0.6914893617021277 0.11014492753623188 0.3655705996131528
2 0.6456521739130435 0.5841392649903289 0.06521739130434782 0.20502901353965183
2 0.3782608695652174 0.5435203094777563 0.07536231884057971 0.10444874274661509
2 0.25434782608695655 0.5377176015473888 0.07971014492753624 0.13926499032882012
