0 0.09782608695652174 0.7993492407809111 0.07681159420289856 0.2841648590021692
0 0.12681159420289856 0.8394793926247289 0.07681159420289856 0.28633405639913234
0 0.15942028985507248 0.8188720173535792 0.0782608695652174 0.2928416485900217
0 0.23405797101449274 0.8394793926247289 0.07391304347826087 0.27765726681127983
0 0.2688405797101449 0.7505422993492408 0.04782608695652174 0.17787418655097614
0 0.4782608695652174 0.8459869848156183 0.07246376811594203 0.26898047722342733
0 0.5021739130434782 0.8394793926247289 0.07971014492753624 0.29501084598698485
0 0.41449275362318844 0.7223427331887202 0.04927536231884058 0.1822125813449024
0 0.43985507246376815 0.7364425162689805 0.042028985507246375 0.15835140997830804
0 0.5413043478260869 0.737527114967462 0.050724637681159424 0.18655097613882865
0 0.5789855072463769 0.737527114967462 0.042028985507246375 0.16052060737527116
0 0.6847826086956522 0.8253796095444685 0.06811594202898551 0.25379609544468545
0 0.7297101449275363 0.8600867678958786 0.07391304347826087 0.27114967462039047
0 0.7992753623188406 0.806941431670282 0.07971014492753624 0.29067245119305857
2 0.09130434782608696 0.6952277657266811 0.03768115942028986 0.10195227765726682
2 0.4601449275362319 0.6963123644251628 0.02463768115942029 0.07375271149674621
2 0.4971014492753623 0.6789587852494577 0.03188405797101449 0.07809110629067245
2 0.7326086956521739 0.6648590021691975 0.06521739130434782 0.08893709327548807
2 0.7760869565217391 0.6724511930585684 0.0391304347826087 0.10412147505422994
2 0.7572463768115942 0.7895878524945771 0.04782608695652174 0.18655097613882865
2 0.8246376811594203 0.8622559652928417 0.08405797101449275 0.25379609544468545
