0 0.12250000000000001 0.5716080402010051 0.08833333333333333 0.3241206030150754
0 0.19166666666666668 0.5741206030150754 0.09000000000000001 0.3391959798994975
0 0.27 0.5690954773869347 0.09000000000000001 0.32914572864321606
0 0.24833333333333335 0.5439698492462312 0.08333333333333334 0.30402010050251255
0 0.17250000000000001 0.5452261306532663 0.08166666666666667 0.30150753768844224
0 0.31 0.5414572864321608 0.08333333333333334 0.30904522613065327
0 0.34500000000000003 0.5728643216080402 0.09666666666666668 0.35678391959798994
0 0.38833333333333336 0.5376884422110553 0.08 0.30150753768844224
0 0.42250000000000004 0.5741206030150754 0.08833333333333333 0.3241206030150754
0 0.4516666666666667 0.5477386934673367 0.08666666666666667 0.3165829145728643
0 0.48833333333333334 0.5665829145728644 0.09000000000000001 0.3391959798994975
0 0.5158333333333334 0.5213567839195979 0.085 0.31909547738693467
0 0.5566666666666668 0.5728643216080402 0.08333333333333334 0.31155778894472363
0 0.5875 0.5439698492462312 0.085 0.314070351758794
0 0.6341666666666667 0.5603015075376885 0.09166666666666667 0.3417085427135678
0 0.6683333333333333 0.5414572864321608 0.08 0.29396984924623115
0 0.7133333333333334 0.5577889447236181 0.09000000000000001 0.3316582914572864
0 0.7741666666666667 0.5653266331658292 0.09166666666666667 0.3417085427135678
0 0.8358333333333334 0.5615577889447236 0.09166666666666667 0.3391959798994975
0 0.8550000000000001 0.5263819095477387 0.09000000000000001 0.32914572864321606
2 0.7408333333333333 0.43592964824120606 0.03833333333333334 0.08793969849246232
2 0.8016666666666667 0.41080402010050254 0.03666666666666667 0.08793969849246232
