0 0.09222222222222222 0.5016666666666667 0.18444444444444444 0.9566666666666668
0 0.20444444444444446 0.5333333333333333 0.24444444444444444 0.9066666666666667
0 0.3 0.535 0.24 0.89
0 0.3922222222222222 0.5666666666666667 0.2288888888888889 0.8466666666666667
0 0.4911111111111111 0.5916666666666667 0.21777777777777776 0.7966666666666667
0 0.5622222222222222 0.6000000000000001 0.20444444444444446 0.76
0 0.6644444444444444 0.6266666666666667 0.19555555555555557 0.7266666666666667
0 0.7911111111111111 0.5800000000000001 0.21333333333333332 0.78
0 0.8655555555555555 0.6416666666666667 0.18444444444444444 0.6833333333333333
0 0.9233333333333333 0.6483333333333334 0.14888888888888888 0.67
2 0.06222222222222222 0.49000000000000005 0.12444444444444444 0.9666666666666667
