0 0.57578125 0.33840749414519905 0.0421875 0.1522248243559719
2 0.15390625000000002 0.7002341920374707 0.26406250000000003 0.5667447306791569
2 0.2078125 0.5128805620608899 0.10625000000000001 0.27634660421545665
2 0.24375000000000002 0.5 0.05 0.21779859484777517
2 0.2734375 0.47540983606557374 0.06875 0.1451990632318501
2 0.25859375 0.4180327868852459 0.060937500000000006 0.13348946135831383
2 0.34218750000000003 0.5491803278688525 0.11875000000000001 0.297423887587822
2 0.421875 0.5187353629976581 0.115625 0.2505854800936768
2 0.46171875 0.6920374707259953 0.1765625 0.4894613583138173
2 0.5390625 0.4882903981264637 0.05625 0.18969555035128804
2 0.5890625 0.5608899297423887 0.084375 0.20374707259953162
2 0.7015625000000001 0.6147540983606558 0.140625 0.4098360655737705
2 0.76875 0.5585480093676815 0.09062500000000001 0.2786885245901639
2 0.9375 0.4648711943793911 0.10625000000000001 0.1756440281030445
2 0.9421875000000001 0.6686182669789227 0.1 0.22716627634660422
3 0.5125000000000001 0.24121779859484777 0.05 0.117096018735363
