0 0.16171875000000002 0.647196261682243 0.15156250000000002 0.5560747663551402
0 0.06796875000000001 0.6355140186915887 0.13593750000000002 0.5233644859813084
0 0.26875 0.647196261682243 0.14375000000000002 0.5233644859813084
0 0.33671875 0.6378504672897196 0.1484375 0.5420560747663551
0 0.42109375000000004 0.6448598130841121 0.1453125 0.5373831775700935
0 0.51875 0.6191588785046729 0.153125 0.5654205607476636
0 0.6140625000000001 0.6787383177570093 0.140625 0.5116822429906541
0 0.7312500000000001 0.6542056074766355 0.146875 0.5420560747663551
0 0.83359375 0.6507009345794392 0.1421875 0.5257009345794392
0 0.925 0.6343457943925234 0.146875 0.5490654205607476
2 0.11171875 0.18691588785046728 0.11406250000000001 0.24766355140186913
2 0.07968750000000001 0.33761682242990654 0.06875 0.23130841121495324
2 0.17265625 0.30957943925233644 0.1234375 0.2780373831775701
2 0.22421875000000002 0.18107476635514017 0.1046875 0.2780373831775701
2 0.325 0.1939252336448598 0.12187500000000001 0.26635514018691586
2 0.33515625000000004 0.33294392523364486 0.11406250000000001 0.23130841121495324
2 0.43593750000000003 0.30607476635514014 0.09062500000000001 0.26635514018691586
2 0.44843750000000004 0.1378504672897196 0.11875000000000001 0.17289719626168223
2 0.5320312500000001 0.13901869158878505 0.1265625 0.15186915887850466
2 0.54296875 0.2978971962616822 0.1046875 0.25934579439252337
2 0.6390625000000001 0.33411214953271023 0.115625 0.2803738317757009
2 0.64609375 0.18457943925233644 0.09531250000000001 0.2523364485981308
2 0.7406250000000001 0.1483644859813084 0.09375 0.23130841121495324
2 0.73984375 0.30140186915887845 0.09531250000000001 0.23831775700934577
2 0.828125 0.3130841121495327 0.109375 0.2616822429906542
2 0.8656250000000001 0.1553738317757009 0.07500000000000001 0.20794392523364486
2 0.91171875 0.330607476635514 0.0546875 0.1378504672897196
2 0.9203125000000001 0.16121495327102803 0.05 0.16822429906542055
3 0.08515625 0.6133177570093458 0.0421875 0.1144859813084112
3 0.17734375000000002 0.5735981308411214 0.0734375 0.10981308411214953
3 0.259375 0.5817757009345794 0.046875 0.10747663551401869
3 0.41875 0.5689252336448598 0.043750000000000004 0.11915887850467288
3 0.7359375 0.5922897196261682 0.043750000000000004 0.10046728971962617
3 0.83984375 0.5806074766355139 0.060937500000000006 0.09579439252336448
3 0.91171875 0.5630841121495327 0.051562500000000004 0.11214953271028036
