0 0.14333333333333334 0.5494071146245059 0.06888888888888889 0.30039525691699603
0 0.18222222222222223 0.4841897233201581 0.05333333333333333 0.24110671936758893
0 0.25555555555555554 0.5494071146245059 0.09333333333333334 0.40316205533596833
0 0.3055555555555556 0.4426877470355731 0.042222222222222223 0.1976284584980237
0 0.43777777777777777 0.4130434782608695 0.03111111111111111 0.13833992094861658
0 0.46111111111111114 0.3992094861660079 0.03333333333333333 0.14229249011857706
0 0.4711111111111111 0.37549407114624506 0.022222222222222223 0.10276679841897232
0 0.4855555555555556 0.39723320158102765 0.028888888888888888 0.12252964426877469
0 0.49444444444444446 0.38735177865612647 0.028888888888888888 0.12648221343873517
0 0.5066666666666667 0.3893280632411067 0.017777777777777778 0.08300395256916995
0 0.5655555555555556 0.3735177865612648 0.02 0.08300395256916995
0 0.6022222222222222 0.37549407114624506 0.022222222222222223 0.09486166007905138
0 0.6788888888888889 0.3893280632411067 0.024444444444444446 0.11462450592885375
0 0.7277777777777777 0.3893280632411067 0.03777777777777778 0.16205533596837943
0 0.8033333333333333 0.37549407114624506 0.03333333333333333 0.15810276679841895
0 0.9177777777777778 0.3438735177865612 0.017777777777777778 0.07905138339920947
0 0.9255555555555556 0.3458498023715415 0.015555555555555555 0.07509881422924901
0 0.9755555555555555 0.3577075098814229 0.026666666666666665 0.11462450592885375
0 0.9833333333333333 0.35968379446640314 0.015555555555555555 0.07905138339920947
2 0.5788888888888889 0.3636363636363636 0.015555555555555555 0.03952569169960474
2 0.14444444444444443 0.44071146245059284 0.06666666666666667 0.18577075098814227
4 0.6377777777777778 0.35968379446640314 0.05333333333333333 0.05533596837944664
4 0.71 0.33992094861660077 0.028888888888888888 0.03162055335968379
