0 0.04810996563573883 0.25358166189111747 0.07216494845360824 0.2951289398280802
0 0.07646048109965635 0.2492836676217765 0.070446735395189 0.2922636103151862
0 0.15463917525773196 0.25358166189111747 0.07560137457044673 0.30659025787965616
0 0.24398625429553264 0.24212034383954154 0.06872852233676977 0.28939828080229224
0 0.281786941580756 0.22636103151862463 0.07903780068728522 0.332378223495702
0 0.3487972508591065 0.2650429799426934 0.06872852233676977 0.2836676217765043
0 0.415807560137457 0.24212034383954154 0.07903780068728522 0.32378223495702
0 0.468213058419244 0.2320916905444126 0.07388316151202749 0.30945558739255014
0 0.5103092783505154 0.2507163323782235 0.07560137457044673 0.3123209169054441
0 0.5833333333333334 0.2607449856733524 0.05670103092783505 0.2349570200573066
0 0.6245704467353952 0.2464183381088825 0.0429553264604811 0.1833810888252149
0 0.686426116838488 0.20773638968481375 0.08762886597938144 0.3638968481375358
0 0.7508591065292096 0.24212034383954154 0.06872852233676977 0.2836676217765043
0 0.8264604810996563 0.2521489971346705 0.06529209621993128 0.27507163323782235
0 0.8625429553264604 0.2593123209169054 0.058419243986254296 0.24355300859598852
0 0.9596219931271478 0.21060171919770773 0.07731958762886598 0.34097421203438394
0 0.9209621993127147 0.2492836676217765 0.058419243986254296 0.24068767908309455
2 0.01804123711340206 0.21776504297994267 0.03608247422680412 0.1318051575931232
2 0.12285223367697594 0.2335243553008596 0.06357388316151202 0.2722063037249284
2 0.2156357388316151 0.23638968481375358 0.04982817869415807 0.20343839541547276
2 0.49140893470790376 0.1160458452722063 0.03436426116838488 0.0659025787965616
2 0.5541237113402062 0.2292263610315186 0.03951890034364261 0.1833810888252149
2 0.8041237113402062 0.22349570200573066 0.05154639175257732 0.15472779369627507
2 0.9012027491408935 0.22206303724928367 0.03608247422680412 0.18051575931232092
