0 0.04308510638297872 0.555952380952381 0.05638297872340425 0.3166666666666667
0 0.2 0.5321428571428571 0.06170212765957447 0.3404761904761905
0 0.31861702127659575 0.5178571428571429 0.06489361702127659 0.3547619047619048
0 0.45 0.5357142857142858 0.06595744680851064 0.3666666666666667
0 0.5542553191489362 0.4642857142857143 0.07446808510638298 0.4142857142857143
0 0.4856382978723404 0.5976190476190477 0.06063829787234043 0.3380952380952381
0 0.6090425531914894 0.6488095238095238 0.05851063829787234 0.3261904761904762
0 0.7510638297872341 0.5690476190476191 0.0723404255319149 0.4
0 0.8388297872340426 0.5726190476190477 0.07340425531914893 0.4023809523809524
0 0.950531914893617 0.5833333333333334 0.06914893617021277 0.37619047619047624
2 0.9127659574468086 0.7642857142857143 0.10425531914893617 0.30000000000000004
2 0.7728723404255319 0.7488095238095239 0.11595744680851064 0.2690476190476191
2 0.598404255319149 0.8273809523809524 0.18829787234042553 0.22619047619047622
2 0.48936170212765956 0.817857142857143 0.18723404255319148 0.33571428571428574
2 0.4015957446808511 0.730952380952381 0.10957446808510639 0.25238095238095243
2 0.3122340425531915 0.7297619047619048 0.12234042553191489 0.2547619047619048
2 0.22021276595744682 0.7130952380952381 0.09361702127659574 0.21190476190476193
2 0.09627659574468085 0.717857142857143 0.15851063829787235 0.29761904761904767
