0 0.217 0.644 0.138 0.45066666666666666
0 0.258 0.6053333333333333 0.152 0.496
0 0.32 0.6093333333333333 0.14400000000000002 0.472
0 0.381 0.5893333333333333 0.138 0.45866666666666667
0 0.437 0.564 0.138 0.45066666666666666
0 0.466 0.6053333333333333 0.128 0.42133333333333334
0 0.518 0.5906666666666667 0.128 0.41866666666666663
0 0.5760000000000001 0.596 0.124 0.408
0 0.643 0.5586666666666666 0.134 0.44
0 0.653 0.612 0.126 0.408
0 0.714 0.6133333333333333 0.124 0.4106666666666667
0 0.773 0.6146666666666667 0.134 0.4453333333333333
0 0.834 0.5066666666666666 0.048 0.15466666666666667
0 0.882 0.5066666666666666 0.048 0.16
0 0.988 0.46799999999999997 0.02 0.07733333333333334
0 0.966 0.4666666666666667 0.02 0.07466666666666666
0 0.9510000000000001 0.4693333333333333 0.022 0.07466666666666666
0 0.916 0.48 0.028 0.10133333333333333
0 0.853 0.496 0.038 0.128
4 0.901 0.4373333333333333 0.018000000000000002 0.03733333333333333
4 0.796 0.4413333333333333 0.032 0.034666666666666665
4 0.293 0.4093333333333333 0.034 0.04533333333333333
4 0.358 0.416 0.024 0.026666666666666665
4 0.212 0.39999999999999997 0.016 0.021333333333333333
4 0.23600000000000002 0.4053333333333333 0.016 0.021333333333333333
