0 0.06916666666666667 0.445 0.11166666666666668 0.41500000000000004
0 0.16583333333333333 0.6175 0.155 0.5650000000000001
0 0.15333333333333335 0.51625 0.14666666666666667 0.5425
0 0.2791666666666667 0.57625 0.14166666666666666 0.5275
0 0.2675 0.51375 0.14500000000000002 0.5375
0 0.3925 0.61875 0.155 0.5675
0 0.4783333333333334 0.6075 0.16 0.595
0 0.55 0.615 0.15333333333333335 0.5700000000000001
0 0.6516666666666667 0.61125 0.16 0.5925
0 0.6741666666666667 0.49625 0.13833333333333334 0.5075000000000001
0 0.7425 0.615 0.155 0.5700000000000001
0 0.7300000000000001 0.53625 0.14333333333333334 0.5325
0 0.8433333333333334 0.61125 0.15000000000000002 0.5575
0 0.9041666666666667 0.55375 0.15833333333333335 0.5775
2 0.21333333333333335 0.27125 0.04 0.0725
2 0.3166666666666667 0.28125 0.03666666666666667 0.0775
2 0.36083333333333334 0.265 0.03833333333333334 0.055
2 0.45833333333333337 0.28250000000000003 0.030000000000000002 0.1
2 0.48500000000000004 0.28625 0.02 0.0475
2 0.5133333333333334 0.2925 0.030000000000000002 0.09
2 0.5425 0.27 0.03166666666666667 0.085
2 0.5875 0.3 0.03833333333333334 0.105
2 0.6183333333333334 0.2925 0.02666666666666667 0.065
2 0.8400000000000001 0.2575 0.05 0.075
2 0.7908333333333334 0.3 0.045000000000000005 0.085
2 0.7541666666666668 0.2675 0.035 0.08
2 0.7008333333333334 0.29375 0.03166666666666667 0.10250000000000001
