0 0.052307692307692305 0.2704081632653061 0.03692307692307692 0.1530612244897959
0 0.13923076923076924 0.5395408163265306 0.1123076923076923 0.45663265306122447
0 0.3553846153846154 0.6007653061224489 0.11384615384615385 0.461734693877551
0 0.47307692307692306 0.6147959183673469 0.1123076923076923 0.4591836734693877
0 0.43923076923076926 0.6556122448979591 0.05692307692307692 0.22959183673469385
0 0.6084615384615385 0.6211734693877551 0.13384615384615384 0.548469387755102
0 0.7115384615384616 0.6645408163265306 0.14 0.5739795918367346
0 0.5853846153846154 0.5625 0.10615384615384615 0.4311224489795918
0 0.816923076923077 0.3329081632653061 0.04 0.16581632653061223
0 0.62 0.32653061224489793 0.043076923076923075 0.17857142857142855
0 0.64 0.32653061224489793 0.03692307692307692 0.15816326530612243
0 0.6761538461538461 0.25510204081632654 0.03230769230769231 0.13265306122448978
0 0.693076923076923 0.26913265306122447 0.02 0.08418367346938775
0 0.7215384615384616 0.2423469387755102 0.024615384615384615 0.10714285714285714
0 0.97 0.6632653061224489 0.05692307692307692 0.3061224489795918
0 0.19153846153846155 0.22066326530612243 0.016923076923076923 0.07397959183673469
0 0.29307692307692307 0.2474489795918367 0.026153846153846153 0.11224489795918366
0 0.04384615384615385 0.1568877551020408 0.010769230769230769 0.04336734693877551
0 0.11384615384615385 0.14540816326530612 0.015384615384615385 0.061224489795918366
0 0.4169230769230769 0.22959183673469385 0.012307692307692308 0.05612244897959183
0 0.4307692307692308 0.21683673469387754 0.015384615384615385 0.07142857142857142
0 0.7715384615384615 0.24617346938775508 0.023076923076923078 0.09438775510204081
0 0.8307692307692308 0.25510204081632654 0.027692307692307693 0.1173469387755102
2 0.33153846153846156 0.23341836734693874 0.023076923076923078 0.07397959183673469
2 0.3861538461538462 0.29081632653061223 0.027692307692307693 0.06632653061224489
2 0.4169230769230769 0.2946428571428571 0.03692307692307692 0.07908163265306122
2 0.46692307692307694 0.2971938775510204 0.03538461538461538 0.0586734693877551
2 0.5161538461538462 0.27933673469387754 0.03230769230769231 0.06377551020408163
2 0.5823076923076923 0.29974489795918363 0.03230769230769231 0.06377551020408163
2 0.6369230769230769 0.23852040816326528 0.024615384615384615 0.038265306122448974
4 0.15615384615384614 0.14285714285714285 0.010769230769230769 0.03571428571428571
4 0.2561538461538462 0.22448979591836732 0.016923076923076923 0.05612244897959183
