0 0.28303747534516766 0.5697368421052631 0.12426035502958581 0.4026315789473684
0 0.22781065088757396 0.5289473684210526 0.09270216962524655 0.30526315789473685
0 0.5256410256410257 0.656578947368421 0.1794871794871795 0.5868421052631578
0 0.1775147928994083 0.4921052631578947 0.07495069033530573 0.25263157894736843
0 0.13609467455621302 0.46710526315789475 0.0631163708086785 0.2131578947368421
0 0.11242603550295859 0.4513157894736842 0.05128205128205129 0.1763157894736842
0 0.08974358974358974 0.44342105263157894 0.045364891518737675 0.15
0 0.07297830374753451 0.4263157894736842 0.03944773175542406 0.13157894736842105
0 0.0581854043392505 0.42105263157894735 0.03353057199211046 0.11578947368421053
0 0.037475345167652864 0.40657894736842104 0.027613412228796846 0.09210526315789473
0 0.02366863905325444 0.4013157894736842 0.02366863905325444 0.08157894736842106
0 0.44280078895463515 0.4986842105263158 0.08481262327416174 0.28157894736842104
0 0.35700197238658776 0.46578947368421053 0.07495069033530573 0.24210526315789474
0 0.3136094674556213 0.40789473684210525 0.04733727810650888 0.15263157894736842
0 0.39250493096646943 0.39473684210526316 0.03944773175542406 0.13157894736842105
0 0.5680473372781065 0.41578947368421054 0.05128205128205129 0.17368421052631577
0 0.636094674556213 0.5144736842105263 0.09664694280078896 0.31842105263157894
0 0.611439842209073 0.48026315789473684 0.07889546351084813 0.26052631578947366
0 0.7938856015779093 0.44342105263157894 0.06903353057199212 0.22894736842105262
0 0.7445759368836292 0.425 0.05719921104536489 0.1868421052631579
0 0.6824457593688363 0.4342105263157895 0.0631163708086785 0.20526315789473684
0 0.6400394477317555 0.3526315789473684 0.025641025641025644 0.08421052631578947
0 0.8372781065088758 0.3868421052631579 0.05325443786982249 0.17894736842105263
0 0.9339250493096647 0.42105263157894735 0.06903353057199212 0.2263157894736842
0 0.9092702169625247 0.3907894736842105 0.0591715976331361 0.19210526315789472
0 0.878698224852071 0.3539473684210526 0.03353057199211046 0.1131578947368421
0 0.9861932938856016 0.35789473684210527 0.02366863905325444 0.12631578947368421
0 0.7514792899408285 0.3618421052631579 0.03550295857988166 0.1131578947368421
0 0.7317554240631164 0.40921052631578947 0.05522682445759369 0.18157894736842106
0 0.8599605522682446 0.3539473684210526 0.027613412228796846 0.09210526315789473
0 0.7159763313609467 0.3644736842105263 0.03944773175542406 0.13421052631578947
0 0.6942800788954635 0.3605263157894737 0.027613412228796846 0.09999999999999999
0 0.5927021696252466 0.34868421052631576 0.025641025641025644 0.08157894736842106
0 0.5325443786982249 0.38421052631578945 0.03550295857988166 0.12105263157894737
0 0.5443786982248521 0.3763157894736842 0.03550295857988166 0.11578947368421053
0 0.48816568047337283 0.38552631578947366 0.037475345167652864 0.12894736842105262
0 0.45660749506903353 0.38289473684210523 0.03353057199211046 0.11842105263157894
0 0.2465483234714004 0.4605263157894737 0.06706114398422092 0.2263157894736842
0 0.33530571992110453 0.3986842105263158 0.03944773175542406 0.12894736842105262
0 0.4191321499013807 0.4407894736842105 0.05325443786982249 0.18157894736842106
0 0.4714003944773176 0.3736842105263158 0.027613412228796846 0.09999999999999999
2 0.960552268244576 0.35657894736842105 0.027613412228796846 0.06578947368421052
2 0.9585798816568047 0.3092105263157895 0.03155818540433925 0.039473684210526314
2 0.014792899408284025 0.5881578947368421 0.02958579881656805 0.3078947368421053
3 0.8560157790927022 0.6171052631578947 0.2603550295857988 0.02368421052631579
3 0.7386587771203156 0.6118421052631579 0.0650887573964497 0.19736842105263158
3 0.6429980276134123 0.8157894736842105 0.08678500986193294 0.29473684210526313
3 0.44280078895463515 0.7776315789473685 0.05719921104536489 0.26052631578947366
3 0.3648915187376726 0.7052631578947368 0.05522682445759369 0.2263157894736842
3 0.2465483234714004 0.8394736842105263 0.06706114398422092 0.29473684210526313
3 0.1863905325443787 0.725 0.05325443786982249 0.20789473684210527
3 0.14497041420118345 0.6644736842105263 0.037475345167652864 0.1763157894736842
3 0.116370808678501 0.6328947368421053 0.027613412228796846 0.1763157894736842
3 0.09664694280078896 0.6039473684210526 0.03155818540433925 0.17105263157894737
3 0.03451676528599606 0.8644736842105263 0.06903353057199212 0.26052631578947366
3 0.39546351084812625 0.5368421052631579 0.037475345167652864 0.14210526315789473
3 0.054240631163708086 0.5486842105263158 0.04930966469428008 0.19736842105263158
3 0.8353057199211046 0.5157894736842105 0.037475345167652864 0.09473684210526316
3 0.8708086785009862 0.4697368421052632 0.04142011834319527 0.12368421052631579
4 0.11341222879684419 0.35 0.025641025641025644 0.03684210526315789
4 0.14990138067061146 0.35526315789473684 0.03550295857988166 0.05263157894736842
4 0.08086785009861934 0.34736842105263155 0.03944773175542406 0.02631578947368421
4 0.1814595660749507 0.3513157894736842 0.01972386587771203 0.02894736842105263
4 0.20019723865877714 0.3539473684210526 0.021696252465483234 0.034210526315789476
4 0.21992110453648916 0.34736842105263155 0.025641025641025644 0.03684210526315789
4 0.27317554240631164 0.34210526315789475 0.05719921104536489 0.03684210526315789
4 0.4161735700197239 0.33157894736842103 0.05128205128205129 0.031578947368421054
4 0.5157790927021697 0.3171052631578947 0.03353057199211046 0.039473684210526314
4 0.47534516765286 0.31184210526315786 0.04339250493096647 0.02894736842105263
4 0.6676528599605523 0.3131578947368421 0.05325443786982249 0.031578947368421054
4 0.7672583826429981 0.3223684210526316 0.027613412228796846 0.05526315789473684
4 0.8116370808678501 0.3092105263157895 0.02958579881656805 0.034210526315789476
