0 0.00859375 0.43440233236151604 0.0171875 0.1457725947521866
0 0.03359375 0.7857142857142857 0.0671875 0.39941690962099125
0 0.19765625 0.7638483965014577 0.07968750000000001 0.37317784256559766
0 0.05390625 0.673469387755102 0.06406250000000001 0.29737609329446063
0 0.07421875 0.6064139941690962 0.051562500000000004 0.24489795918367346
0 0.09140625000000001 0.5393586005830904 0.045312500000000006 0.20408163265306123
0 0.11406250000000001 0.4096209912536443 0.018750000000000003 0.09620991253644315
0 0.10703125000000001 0.4446064139941691 0.026562500000000003 0.119533527696793
0 0.19140625 0.6603498542274052 0.0671875 0.3119533527696793
0 0.17265625 0.60932944606414 0.060937500000000006 0.27988338192419826
0 0.240625 0.4096209912536443 0.025 0.119533527696793
0 0.25234375000000003 0.42565597667638483 0.026562500000000003 0.12244897959183673
0 0.27109375 0.4650145772594752 0.0328125 0.15451895043731778
0 0.27968750000000003 0.4970845481049563 0.037500000000000006 0.17784256559766765
0 0.30703125000000003 0.5379008746355685 0.045312500000000006 0.20699708454810495
0 0.3328125 0.5860058309037901 0.05 0.23323615160349853
0 0.359375 0.6370262390670554 0.059375000000000004 0.27113702623906705
0 0.3921875 0.7376093294460642 0.07187500000000001 0.33819241982507287
0 0.5281250000000001 0.717201166180758 0.07187500000000001 0.3323615160349854
0 0.4703125 0.6151603498542274 0.0625 0.2915451895043732
0 0.421875 0.5743440233236151 0.046875 0.2215743440233236
0 0.38671875 0.4897959183673469 0.029687500000000002 0.13994169096209913
0 0.35546875 0.4387755102040816 0.0203125 0.09037900874635568
0 0.33046875000000003 0.42128279883381925 0.0203125 0.09037900874635568
0 0.31328125 0.3965014577259475 0.0171875 0.07580174927113703
0 0.30078125 0.39067055393586003 0.0140625 0.0641399416909621
0 0.28984375 0.3892128279883382 0.0140625 0.0728862973760933
0 0.38125000000000003 0.41253644314868804 0.021875000000000002 0.10787172011661808
0 0.40078125000000003 0.4271137026239067 0.026562500000000003 0.13119533527696792
0 0.42265625 0.40233236151603496 0.0203125 0.09912536443148688
0 0.42890625000000004 0.4271137026239067 0.0171875 0.07871720116618075
0 0.45078125 0.4271137026239067 0.026562500000000003 0.13119533527696792
0 0.46718750000000003 0.4300291545189504 0.0125 0.0553935860058309
0 0.48671875000000003 0.45043731778425655 0.0328125 0.14868804664723032
0 0.51015625 0.4941690962099125 0.026562500000000003 0.12536443148688045
0 0.5281250000000001 0.4912536443148688 0.018750000000000003 0.09620991253644315
0 0.51953125 0.3848396501457726 0.0140625 0.06997084548104957
0 0.5453125 0.4227405247813411 0.021875000000000002 0.10495626822157435
0 0.5554687500000001 0.40233236151603496 0.0203125 0.09329446064139942
0 0.5515625000000001 0.5670553935860059 0.046875 0.21282798833819241
0 0.609375 0.6107871720116618 0.053125000000000006 0.2478134110787172
0 0.634375 0.5466472303206997 0.046875 0.21282798833819241
0 0.7039062500000001 0.6836734693877551 0.06406250000000001 0.2944606413994169
0 0.80078125 0.6559766763848396 0.06406250000000001 0.2915451895043732
0 0.7679687500000001 0.5408163265306123 0.0421875 0.20116618075801748
0 0.69296875 0.5874635568513119 0.0546875 0.2478134110787172
0 0.6515625 0.4708454810495627 0.028125 0.13702623906705538
0 0.6375000000000001 0.4008746355685131 0.0125 0.061224489795918366
0 0.59140625 0.4198250728862974 0.0234375 0.11661807580174927
0 0.58515625 0.5116618075801749 0.0390625 0.1836734693877551
0 0.6015625 0.3921282798833819 0.021875000000000002 0.10204081632653061
0 0.6828125 0.4110787172011662 0.021875000000000002 0.09912536443148688
0 0.734375 0.42419825072886297 0.025 0.119533527696793
0 0.73984375 0.4446064139941691 0.026562500000000003 0.13119533527696792
0 0.790625 0.45918367346938777 0.028125 0.13119533527696792
0 0.784375 0.42128279883381925 0.021875000000000002 0.10204081632653061
0 0.984375 0.6180758017492711 0.028125 0.22740524781341107
0 0.93671875 0.6326530612244898 0.0546875 0.2507288629737609
0 0.95625 0.5145772594752186 0.037500000000000006 0.17784256559766765
0 0.8421875000000001 0.5860058309037901 0.046875 0.2215743440233236
0 0.91171875 0.47667638483965014 0.026562500000000003 0.13119533527696792
0 0.8671875 0.47959183673469385 0.028125 0.13702623906705538
0 0.75546875 0.4941690962099125 0.035937500000000004 0.1661807580174927
0 0.6937500000000001 0.4620991253644315 0.018750000000000003 0.09620991253644315
0 0.8343750000000001 0.5306122448979592 0.040625 0.1924198250728863
2 0.0921875 0.42128279883381925 0.015625 0.037900874635568516
2 0.16171875000000002 0.3760932944606414 0.026562500000000003 0.04081632653061224
2 0.171875 0.4139941690962099 0.025 0.029154518950437316
2 0.18359375 0.44169096209912534 0.0234375 0.037900874635568516
