0 0.024375 0.3942307692307693 0.03125 0.14903846153846154
0 0.065 0.4903846153846154 0.04 0.19230769230769232
0 0.095625 0.46274038461538464 0.043750000000000004 0.2139423076923077
0 0.14 0.3245192307692308 0.0125 0.06730769230769232
0 0.138125 0.4723557692307693 0.043750000000000004 0.2043269230769231
0 0.163125 0.3737980769230769 0.01375 0.06971153846153846
0 0.213125 0.3870192307692308 0.01875 0.09615384615384616
0 0.17375000000000002 0.4723557692307693 0.045 0.2091346153846154
0 0.19625 0.48197115384615385 0.04 0.18990384615384617
0 0.22125 0.484375 0.0375 0.18509615384615385
0 0.24625 0.4759615384615385 0.0425 0.19711538461538464
0 0.27375 0.484375 0.0375 0.18509615384615385
0 0.27875 0.859375 0.05 0.24278846153846156
0 0.53 0.4651442307692308 0.045 0.2091346153846154
0 0.5856250000000001 0.45793269230769235 0.043750000000000004 0.2091346153846154
0 0.55875 0.4074519230769231 0.035 0.16586538461538464
0 0.513125 0.3930288461538462 0.02625 0.12259615384615385
0 0.6275000000000001 0.4711538461538462 0.04 0.1875
0 0.656875 0.45432692307692313 0.04625 0.22115384615384617
0 0.7312500000000001 0.4567307692307693 0.0425 0.20673076923076925
0 0.775625 0.4591346153846154 0.043750000000000004 0.21153846153846156
0 0.81375 0.4723557692307693 0.035 0.17067307692307693
0 0.841875 0.45793269230769235 0.043750000000000004 0.2091346153846154
0 0.886875 0.44711538461538464 0.043750000000000004 0.21153846153846156
0 0.9556250000000001 0.4723557692307693 0.043750000000000004 0.2043269230769231
0 0.905625 0.27884615384615385 0.02875 0.13942307692307693
0 0.87875 0.31009615384615385 0.025 0.11538461538461539
2 0.07062500000000001 0.3629807692307693 0.02125 0.04326923076923077
2 0.050625 0.3629807692307693 0.01875 0.057692307692307696
2 0.01125 0.32572115384615385 0.0175 0.05528846153846154
2 0.330625 0.5024038461538461 0.03375 0.15384615384615385
2 0.365 0.4987980769230769 0.03 0.1514423076923077
2 0.3975 0.49759615384615385 0.035 0.15865384615384617
2 0.4275 0.46274038461538464 0.025 0.06490384615384616
2 0.451875 0.46274038461538464 0.02375 0.06490384615384616
2 0.43375 0.4074519230769231 0.03 0.04567307692307693
2 0.28375 0.3425480769230769 0.025 0.08413461538461539
2 0.308125 0.34375 0.02375 0.07692307692307693
2 0.294375 0.39903846153846156 0.01625 0.028846153846153848
2 0.340625 0.2536057692307692 0.01625 0.03125
2 0.3275 0.40384615384615385 0.02 0.04807692307692308
2 0.34 0.3810096153846154 0.0125 0.040865384615384616
2 0.3575 0.3918269230769231 0.0175 0.05288461538461539
2 0.37625000000000003 0.37259615384615385 0.02 0.057692307692307696
2 0.401875 0.40384615384615385 0.02375 0.028846153846153848
2 0.403125 0.36899038461538464 0.01875 0.040865384615384616
2 0.440625 0.3425480769230769 0.02625 0.08413461538461539
2 0.47125 0.3401442307692308 0.0275 0.08413461538461539
2 0.526875 0.3161057692307693 0.02375 0.04567307692307693
2 0.548125 0.3137019230769231 0.01625 0.03125
2 0.72375 0.3197115384615385 0.0225 0.06730769230769232
2 0.7025 0.35336538461538464 0.02 0.125
2 0.68 0.3509615384615385 0.025 0.125
2 0.65125 0.31730769230769235 0.03 0.0625
2 0.79125 0.3425480769230769 0.03 0.10817307692307693
2 0.831875 0.3317307692307693 0.03125 0.04807692307692308
2 0.8925000000000001 0.3112980769230769 0.025 0.05048076923076923
2 0.9293750000000001 0.32091346153846156 0.02875 0.07932692307692309
2 0.9225 0.390625 0.0375 0.06490384615384616
2 0.9875 0.47836538461538464 0.0225 0.19711538461538464
2 0.745625 0.40625 0.01875 0.07692307692307693
4 0.23500000000000001 0.3858173076923077 0.02 0.04567307692307693
4 0.575625 0.34855769230769235 0.01375 0.04326923076923077
4 0.5375 0.3581730769230769 0.0125 0.03365384615384616
4 0.635625 0.375 0.01875 0.04807692307692308
