0 0.3654618473895582 0.6265060240963854 0.12048192771084336 0.3052208835341365
0 0.15662650602409636 0.6124497991967871 0.10441767068273092 0.25301204819277107
0 0.09236947791164658 0.5662650602409638 0.0642570281124498 0.1686746987951807
0 0.03413654618473895 0.5943775100401606 0.0682730923694779 0.2329317269076305
0 0.5763052208835341 0.5843373493975903 0.10843373493975902 0.2690763052208835
0 0.7369477911646586 0.646586345381526 0.14859437751004015 0.37751004016064255
0 0.9176706827309236 0.6044176706827309 0.11646586345381525 0.285140562248996
0 0.8092369477911646 0.5642570281124497 0.07630522088353413 0.18875502008032127
0 0.6586345381526104 0.5542168674698794 0.0642570281124498 0.1686746987951807
0 0.4839357429718875 0.5461847389558232 0.06024096385542168 0.15261044176706826
0 0.4156626506024096 0.5863453815261044 0.08433734939759036 0.21686746987951805
0 0.2570281124497992 0.570281124497992 0.0642570281124498 0.1686746987951807
0 0.5461847389558232 0.5662650602409638 0.08032128514056225 0.19277108433734938
