0 0.29130434782608694 0.6010869565217392 0.19710144927536233 0.7282608695652174
0 0.034782608695652174 0.44782608695652176 0.06956521739130435 0.30434782608695654
0 0.5884057971014492 0.5065217391304347 0.13333333333333333 0.48695652173913045
0 0.4579710144927536 0.5097826086956522 0.1246376811594203 0.45869565217391306
0 0.4072463768115942 0.5021739130434782 0.08695652173913043 0.32173913043478264
0 0.6847826086956522 0.4423913043478261 0.050724637681159424 0.1891304347826087
0 0.7992753623188406 0.5108695652173914 0.16086956521739132 0.5869565217391305
0 0.8601449275362318 0.5510869565217391 0.20724637681159422 0.7630434782608696
0 0.9282608695652174 0.5304347826086957 0.14057971014492754 0.9217391304347826
2 0.5166666666666667 0.4608695652173913 0.0536231884057971 0.26956521739130435
2 0.5471014492753623 0.4565217391304348 0.0391304347826087 0.26956521739130435
2 0.6420289855072464 0.4706521739130435 0.04057971014492753 0.15
2 0.722463768115942 0.4673913043478261 0.0391304347826087 0.16086956521739132
