0 0.10648148148148148 0.5322627314814814 0.16898148148148148 0.618923611111111
0 0.22366898148148148 0.5319733796296297 0.15605709876543208 0.5708912037037037
0 0.32175925925925924 0.5230034722222222 0.16010802469135801 0.5859375
0 0.4093364197530864 0.5422453703703703 0.14891975308641975 0.5457175925925926
0 0.5018325617283951 0.5160590277777778 0.15335648148148148 0.5616319444444444
0 0.5768711419753086 0.537037037037037 0.14641203703703703 0.5358796296296297
0 0.6513310185185185 0.5324074074074073 0.14949845679012344 0.5474537037037037
0 0.7265625 0.5311053240740741 0.1568287037037037 0.5737847222222222
0 0.8134645061728395 0.5141782407407407 0.1589506172839506 0.5821759259259259
2 0.7061149691358024 0.6527777777777778 0.12210648148148147 0.4351851851851852
2 0.5963541666666666 0.6465567129629629 0.11940586419753085 0.41232638888888884
2 0.41666666666666663 0.6524884259259259 0.13618827160493827 0.40509259259259256
2 0.2829861111111111 0.6506076388888888 0.12924382716049382 0.42853009259259256
