0 0.9511421319796953 0.49331550802139035 0.04441624365482233 0.23796791443850265
0 0.9073604060913705 0.49732620320855614 0.04314720812182741 0.2299465240641711
0 0.8388324873096447 0.49999999999999994 0.04568527918781726 0.24064171122994651
0 0.7360406091370558 0.5213903743315508 0.04568527918781726 0.24064171122994651
0 0.6389593908629441 0.5401069518716577 0.05456852791878172 0.27807486631016043
0 0.5571065989847716 0.5267379679144385 0.048223350253807105 0.2459893048128342
0 0.6814720812182741 0.5187165775401069 0.04314720812182741 0.2245989304812834
0 0.78997461928934 0.516042780748663 0.03680203045685279 0.1925133689839572
0 0.49873096446700504 0.5748663101604278 0.06345177664974619 0.3315508021390374
0 0.4168781725888325 0.5882352941176471 0.05456852791878172 0.27807486631016043
0 0.4473350253807106 0.56951871657754 0.04695431472081218 0.2459893048128342
0 0.3794416243654822 0.5588235294117647 0.048223350253807105 0.2566844919786096
0 0.32677664974619286 0.5895721925133689 0.06218274111675126 0.3181818181818182
0 0.25253807106598986 0.5989304812834224 0.053299492385786795 0.27807486631016043
0 0.1751269035532995 0.5935828877005347 0.050761421319796954 0.2620320855614973
0 0.10850253807106598 0.6216577540106951 0.04441624365482233 0.23796791443850265
0 0.12499999999999999 0.5828877005347594 0.049492385786802026 0.2566844919786096
0 0.08375634517766496 0.5909090909090908 0.03807106598984771 0.1978609625668449
0 0.05139593908629441 0.6029411764705882 0.04441624365482233 0.23262032085561496
0 0.017766497461928932 0.5601604278074866 0.025380710659898477 0.13101604278074866
0 0.1897208121827411 0.5882352941176471 0.04695431472081218 0.24064171122994651
0 0.157994923857868 0.5748663101604278 0.04187817258883248 0.2192513368983957
0 0.21573604060913704 0.56951871657754 0.04314720812182741 0.2192513368983957
0 0.23350253807106597 0.5828877005347594 0.04060913705583756 0.20855614973262032
0 0.2709390862944162 0.5855614973262032 0.04695431472081218 0.25133689839572193
0 0.2969543147208122 0.5561497326203209 0.04314720812182741 0.2192513368983957
0 0.47335025380710655 0.5494652406417112 0.04314720812182741 0.22192513368983957
0 0.5393401015228426 0.5227272727272727 0.03807106598984771 0.19518716577540104
0 0.6148477157360406 0.5374331550802138 0.04695431472081218 0.2459893048128342
0 0.5970812182741116 0.5294117647058824 0.03934010152284264 0.20855614973262032
0 0.6548223350253807 0.516042780748663 0.03807106598984771 0.2032085561497326
0 0.715736040609137 0.516042780748663 0.03807106598984771 0.2032085561497326
0 0.766497461928934 0.5066844919786095 0.032994923857868015 0.16844919786096255
0 0.8959390862944162 0.4959893048128342 0.032994923857868015 0.17914438502673796
2 0.4289340101522842 0.47192513368983957 0.017766497461928932 0.06684491978609625
2 0.5209390862944162 0.5080213903743315 0.013959390862944161 0.1925133689839572
4 0.6687817258883249 0.4478609625668449 0.02030456852791878 0.07219251336898395
4 0.7055837563451776 0.4331550802139037 0.02284263959390863 0.0481283422459893
4 0.7855329949238578 0.41978609625668445 0.07360406091370558 0.0374331550802139
4 0.8883248730964466 0.39304812834224595 0.053299492385786795 0.10695187165775401
4 0.9581218274111675 0.3689839572192513 0.06598984771573603 0.1336898395721925
4 0.5761421319796954 0.45053475935828874 0.03045685279187817 0.05614973262032085
