0 0.48171701112877585 0.5317460317460317 0.22575516693163752 0.9153439153439153
0 0.9276629570747218 0.5396825396825397 0.08744038155802862 0.36507936507936506
0 0.09141494435612084 0.49206349206349204 0.055643879173290944 0.2275132275132275
0 0.06756756756756757 0.4748677248677248 0.055643879173290944 0.23544973544973544
0 0.025437201907790145 0.4775132275132275 0.05087440381558029 0.21957671957671956
0 0.18203497615262323 0.4669312169312169 0.030206677265500796 0.12433862433862433
0 0.151033386327504 0.46428571428571425 0.028616852146263912 0.12433862433862433
0 0.11446740858505565 0.47619047619047616 0.044515103338632754 0.18518518518518517
0 0.6907790143084261 0.4431216931216931 0.03656597774244833 0.15079365079365079
0 0.6534181240063593 0.4365079365079365 0.03815580286168522 0.164021164021164
0 0.9634340222575517 0.5079365079365079 0.0699523052464229 0.3915343915343915
2 0.8640699523052465 0.37566137566137564 0.017488076311605726 0.037037037037037035
3 0.12162162162162163 0.15873015873015872 0.13195548489666137 0.20105820105820105
3 0.24324324324324326 0.11904761904761904 0.07313195548489666 0.23809523809523808
3 0.3767885532591415 0.10978835978835978 0.0985691573926868 0.21428571428571427
4 0.20826709062003182 0.4484126984126984 0.03497615262321145 0.10317460317460317
4 0.6303656597774245 0.4219576719576719 0.0397456279809221 0.082010582010582
