0 0.02125 0.8163265306122449 0.0425 0.19727891156462585
0 0.0375 0.8265306122448979 0.06 0.19727891156462585
0 0.085 0.8112244897959183 0.075 0.24829931972789115
0 0.11 0.7874149659863945 0.085 0.282312925170068
0 0.15125 0.7942176870748299 0.0825 0.2755102040816326
0 0.19 0.8197278911564626 0.06 0.19727891156462585
0 0.23500000000000001 0.8265306122448979 0.06 0.20408163265306123
0 0.275 0.8265306122448979 0.07 0.2312925170068027
0 0.30875 0.8350340136054422 0.0475 0.16666666666666666
0 0.34625 0.8299319727891156 0.0625 0.20408163265306123
0 0.37625000000000003 0.7857142857142857 0.10250000000000001 0.3401360544217687
0 0.46 0.8044217687074829 0.085 0.282312925170068
0 0.495 0.8265306122448979 0.07 0.23809523809523808
0 0.5225 0.70578231292517 0.04 0.13945578231292516
0 0.5475 0.7976190476190476 0.09 0.30272108843537415
0 0.625 0.8418367346938775 0.065 0.21428571428571427
0 0.67625 0.814625850340136 0.0775 0.2619047619047619
0 0.755 0.8112244897959183 0.08 0.2755102040816326
0 0.93375 0.8248299319727891 0.0675 0.2346938775510204
0 0.89 0.7346938775510203 0.03 0.10204081632653061
0 0.89125 0.8605442176870748 0.0525 0.18367346938775508
