0 0.053679131483715316 0.5611313868613138 0.1025331724969843 0.38503649635036497
0 0.12062726176115801 0.5510948905109488 0.08685162846803376 0.32116788321167883
0 0.18576598311218334 0.5091240875912408 0.060313630880579006 0.22262773722627738
0 0.24487334137515077 0.5574817518248175 0.07478890229191797 0.27919708029197077
0 0.32388419782870925 0.615875912408759 0.11700844390832327 0.4324817518248175
0 0.43425814234016885 0.6186131386861313 0.11821471652593485 0.44160583941605835
0 0.5512665862484921 0.6021897810218978 0.13027744270205066 0.4817518248175182
0 0.6537997587454765 0.6240875912408759 0.11821471652593485 0.437956204379562
0 0.7460796139927623 0.6222627737226277 0.11942098914354643 0.44160583941605835
0 0.8226779252110976 0.5611313868613138 0.08443908323281062 0.3156934306569343
0 0.890832328106152 0.5191605839416058 0.054282267792521106 0.20255474452554745
0 0.8661037394451145 0.5191605839416058 0.053075995174909525 0.19525547445255473
0 0.9185765983112183 0.5063868613138686 0.051869722557297944 0.19525547445255473
0 0.9656212303980699 0.5237226277372262 0.059107358262967424 0.218978102189781
0 0.1574185765983112 0.4917883211678832 0.047044632086851626 0.17335766423357662
2 0.22195416164053075 0.5346715328467153 0.02895054282267792 0.22627737226277372
2 0.7864897466827503 0.45711678832116787 0.033775633293124246 0.09306569343065693
2 0.6706875753920386 0.43613138686131386 0.019300361881785282 0.05474452554744525
2 0.6905910735826296 0.45985401459854014 0.047044632086851626 0.09854014598540145
2 0.7189384800965017 0.44525547445255476 0.02171290711700844 0.0364963503649635
2 0.25211097708082025 0.42244525547445255 0.02895054282267792 0.06386861313868612
4 0.2846803377563329 0.4397810218978102 0.05066344993968636 0.08029197080291971
4 0.37876960193003617 0.4981751824817518 0.0723763570566948 0.17883211678832117
4 0.496984318455971 0.4498175182481752 0.060313630880579006 0.06751824817518248
4 0.6188178528347406 0.46624087591240876 0.04825090470446321 0.08576642335766423
