0 0.6000000000000001 0.5476190476190476 0.19666666666666668 0.7293233082706767
0 0.48500000000000004 0.5288220551378446 0.2366666666666667 0.8671679197994987
0 0.2541666666666667 0.5325814536340852 0.10833333333333334 0.39849624060150374
0 0.16416666666666668 0.537593984962406 0.10500000000000001 0.38847117794486213
0 0.1 0.5200501253132832 0.06333333333333334 0.23308270676691728
0 0.04833333333333334 0.5200501253132832 0.07 0.2581453634085213
0 0.3408333333333334 0.5162907268170426 0.03833333333333334 0.14035087719298245
0 0.3191666666666667 0.5238095238095237 0.045000000000000005 0.16541353383458646
0 0.2816666666666667 0.5238095238095237 0.07333333333333333 0.2706766917293233
0 0.915 0.5463659147869674 0.02666666666666667 0.10526315789473684
0 0.81 0.5338345864661653 0.023333333333333334 0.09523809523809523
0 0.7316666666666667 0.5238095238095237 0.030000000000000002 0.11528822055137844
2 0.21250000000000002 0.5112781954887218 0.055 0.24060150375939848
4 0.67 0.5213032581453634 0.12666666666666668 0.11528822055137844
4 0.7766666666666667 0.5438596491228069 0.05 0.10526315789473684
4 0.8691666666666668 0.525062656641604 0.08166666666666667 0.09774436090225563
4 0.9591666666666667 0.537593984962406 0.04833333333333334 0.08771929824561403
