0 0.20941176470588233 0.22239583333333332 0.1364705882352941 0.146875
0 0.40352941176470586 0.24791666666666667 0.14823529411764705 0.16041666666666665
0 0.5694117647058823 0.23489583333333333 0.13176470588235292 0.14479166666666665
0 0.6517647058823529 0.25416666666666665 0.1364705882352941 0.14791666666666667
0 0.7447058823529411 0.20833333333333334 0.06823529411764705 0.07708333333333334
0 0.84 0.21875 0.07999999999999999 0.08958333333333333
0 0.8847058823529411 0.25104166666666666 0.1364705882352941 0.14791666666666667
0 0.936470588235294 0.23072916666666665 0.09411764705882353 0.103125
0 0.8094117647058823 0.18958333333333333 0.051764705882352935 0.058333333333333334
0 0.11529411764705881 0.5708333333333333 0.1411764705882353 0.15416666666666667
0 0.3529411764705882 0.5859375 0.1364705882352941 0.15104166666666666
0 0.5752941176470587 0.5864583333333333 0.1388235294117647 0.15
0 0.5117647058823529 0.5822916666666667 0.1341176470588235 0.14791666666666667
0 0.6541176470588235 0.5458333333333333 0.07058823529411765 0.07708333333333334
0 0.7141176470588234 0.5421875 0.07294117647058823 0.08020833333333333
0 0.7894117647058823 0.5875 0.12941176470588234 0.14166666666666666
0 0.8717647058823529 0.5619791666666667 0.09176470588235293 0.09895833333333333
0 0.7635294117647058 0.55 0.08235294117647059 0.09166666666666666
0 0.036470588235294116 0.8692708333333333 0.07294117647058823 0.14479166666666665
0 0.3129411764705882 0.8578125 0.12705882352941175 0.13645833333333332
0 0.41882352941176465 0.8765625 0.1176470588235294 0.13020833333333334
0 0.5529411764705882 0.8557291666666667 0.11294117647058823 0.12395833333333334
0 0.6729411764705882 0.8791666666666667 0.11294117647058823 0.125
0 0.6388235294117647 0.8244791666666667 0.06352941176470588 0.06979166666666667
0 0.5988235294117646 0.8166666666666667 0.06352941176470588 0.06875
0 0.6599999999999999 0.8213541666666666 0.06352941176470588 0.071875
0 0.7388235294117647 0.8338541666666667 0.08470588235294117 0.09479166666666666
0 0.7588235294117647 0.8630208333333333 0.11058823529411764 0.11979166666666667
0 0.8458823529411764 0.8401041666666667 0.08235294117647059 0.08854166666666667
2 0.8788235294117647 0.17864583333333334 0.03529411764705882 0.034375
2 0.6599999999999999 0.7828125 0.030588235294117645 0.02395833333333333
2 0.7011764705882352 0.8057291666666666 0.047058823529411764 0.04895833333333333
2 0.8035294117647058 0.8135416666666666 0.06352941176470588 0.0625
3 0.05647058823529411 0.14375 0.06117647058823529 0.035416666666666666
4 0.7164705882352941 0.1828125 0.15294117647058822 0.05520833333333333
4 0.6164705882352941 0.5104166666666666 0.1552941176470588 0.035416666666666666
4 0.5505882352941176 0.7901041666666666 0.08941176470588234 0.046875
