0 0.09823182711198428 0.6227642276422765 0.0667976424361493 0.13658536585365855
0 0.13163064833005894 0.6203252032520326 0.09037328094302553 0.183739837398374
0 0.18565815324165028 0.6439024390243903 0.11198428290766207 0.22764227642276422
0 0.24950884086444006 0.6186991869918699 0.08644400785854617 0.18048780487804877
0 0.32514734774066795 0.6300813008130082 0.11591355599214144 0.23902439024390243
0 0.3791748526522593 0.6121951219512195 0.09037328094302553 0.18699186991869918
0 0.8339882121807465 0.6276422764227643 0.05697445972495088 0.12032520325203253
0 0.8143418467583496 0.6203252032520326 0.045186640471512766 0.0959349593495935
0 0.7102161100196464 0.6276422764227643 0.06483300589390963 0.13008130081300812
0 0.6836935166994106 0.6333333333333333 0.03143418467583497 0.06341463414634146
3 0.06286836935166994 0.05365853658536585 0.08251473477406679 0.06829268292682927
3 0.6463654223968566 0.5398373983739837 0.027504911591355596 0.03577235772357724
4 0.05697445972495088 0.5886178861788618 0.058939096267190565 0.05203252032520325
4 0.5402750491159135 0.608130081300813 0.27504911591355596 0.08130081300813008
