0 0.038 0.7696428571428571 0.06 0.27499999999999997
0 0.076 0.7767857142857143 0.06 0.26785714285714285
0 0.121 0.7714285714285714 0.058 0.2571428571428571
0 0.14100000000000001 0.6642857142857143 0.046 0.20714285714285713
0 0.17400000000000002 0.7767857142857143 0.056 0.2464285714285714
0 0.196 0.7732142857142857 0.052000000000000005 0.23928571428571427
0 0.23500000000000001 0.7821428571428571 0.054 0.2357142857142857
0 0.266 0.775 0.052000000000000005 0.2357142857142857
0 0.304 0.7696428571428571 0.052000000000000005 0.23928571428571427
0 0.34400000000000003 0.7660714285714285 0.052000000000000005 0.23214285714285712
0 0.372 0.7589285714285714 0.048 0.21785714285714286
0 0.398 0.7464285714285714 0.052000000000000005 0.2357142857142857
0 0.583 0.7553571428571428 0.05 0.225
0 0.562 0.7482142857142857 0.052000000000000005 0.225
0 0.629 0.7607142857142857 0.058 0.25
0 0.646 0.7678571428571428 0.06 0.2642857142857143
0 0.669 0.7732142857142857 0.058 0.25357142857142856
0 0.708 0.7732142857142857 0.064 0.28214285714285714
0 0.753 0.7696428571428571 0.066 0.29642857142857143
0 0.782 0.7535714285714286 0.076 0.32857142857142857
0 0.836 0.7035714285714285 0.068 0.29285714285714287
0 0.795 0.7053571428571428 0.07 0.30357142857142855
0 0.971 0.7125 0.054 0.26071428571428573
2 0.227 0.6446428571428571 0.03 0.08214285714285714
2 0.256 0.6464285714285715 0.028 0.08571428571428572
2 0.29 0.6696428571428571 0.024 0.060714285714285714
2 0.292 0.6285714285714286 0.028 0.049999999999999996
2 0.311 0.65 0.022 0.05714285714285714
2 0.327 0.6446428571428571 0.022 0.075
2 0.34600000000000003 0.6428571428571428 0.02 0.04285714285714286
2 0.343 0.6089285714285714 0.014 0.039285714285714285
2 0.361 0.6392857142857142 0.03 0.06428571428571428
2 0.372 0.65 0.024 0.04285714285714286
2 0.514 0.7660714285714285 0.04 0.1607142857142857
2 0.505 0.6678571428571428 0.034 0.11428571428571428
2 0.528 0.6642857142857143 0.028 0.08571428571428572
2 0.543 0.7410714285714286 0.022 0.225
2 0.602 0.6482142857142857 0.032 0.05357142857142857
2 0.622 0.6428571428571428 0.02 0.06428571428571428
2 0.672 0.6392857142857142 0.032 0.07142857142857142
2 0.687 0.7678571428571428 0.034 0.2642857142857143
2 0.748 0.6178571428571429 0.024 0.04285714285714286
2 0.755 0.6071428571428571 0.022 0.10714285714285714
4 0.716 0.6178571428571429 0.044 0.09285714285714286
