0 0.051000000000000004 0.6508474576271186 0.10200000000000001 0.6440677966101694
0 0.091 0.6661016949152542 0.15 0.6203389830508474
0 0.161 0.6627118644067796 0.146 0.6135593220338983
0 0.23700000000000002 0.6474576271186441 0.158 0.6576271186440678
0 0.321 0.6559322033898305 0.15 0.6271186440677966
0 0.398 0.6644067796610169 0.148 0.623728813559322
0 0.491 0.6389830508474577 0.162 0.6745762711864407
0 0.561 0.6491525423728813 0.154 0.6406779661016949
0 0.655 0.6508474576271186 0.158 0.6508474576271186
0 0.733 0.6661016949152542 0.15 0.6203389830508474
0 0.809 0.6474576271186441 0.154 0.6440677966101694
0 0.918 0.6406779661016949 0.156 0.6508474576271186
