0 0.05166666666666667 0.5473815461346633 0.07666666666666667 0.286783042394015
0 0.13416666666666668 0.45885286783042395 0.03166666666666667 0.11471321695760599
0 0.25333333333333335 0.5448877805486284 0.06666666666666667 0.24688279301745636
0 0.2775 0.5922693266832918 0.10166666666666667 0.371571072319202
0 0.3916666666666667 0.6807980049875312 0.1366666666666667 0.5037406483790523
0 0.44333333333333336 0.5261845386533666 0.06333333333333334 0.22942643391521197
0 0.51 0.584788029925187 0.08333333333333334 0.3117206982543641
0 0.6525000000000001 0.5748129675810474 0.11166666666666668 0.4164588528678304
0 0.6666666666666667 0.5 0.03666666666666667 0.1371571072319202
0 0.8300000000000001 0.5748129675810474 0.09000000000000001 0.33665835411471323
0 0.9008333333333334 0.6172069825436409 0.11166666666666668 0.41147132169576056
2 0.36583333333333334 0.57356608478803 0.05166666666666667 0.35910224438902744
2 0.745 0.4713216957605985 0.04 0.05486284289276808
2 0.7808333333333334 0.48129675810473815 0.045000000000000005 0.05486284289276808
