0 0.8835937500000001 0.5444444444444445 0.1453125 0.6277777777777778
0 0.7484375000000001 0.6583333333333333 0.09375 0.40555555555555556
0 0.7953125000000001 0.6055555555555556 0.05625 0.24444444444444446
0 0.6507812500000001 0.6180555555555556 0.0484375 0.20833333333333334
0 0.59609375 0.5916666666666667 0.0703125 0.3111111111111111
0 0.54296875 0.6222222222222222 0.0484375 0.2111111111111111
0 0.44843750000000004 0.5805555555555556 0.08125 0.35000000000000003
0 0.3984375 0.5805555555555556 0.065625 0.2888888888888889
0 0.32734375000000004 0.6 0.0578125 0.2555555555555556
0 0.36484375 0.6138888888888889 0.0421875 0.18888888888888888
0 0.16015625 0.638888888888889 0.029687500000000002 0.1388888888888889
