0 0.132 0.7560240963855421 0.06933333333333333 0.25903614457831325
0 0.142 0.680722891566265 0.10533333333333333 0.393574297188755
0 0.28933333333333333 0.7580321285140561 0.11466666666666667 0.4236947791164658
0 0.36733333333333335 0.7991967871485943 0.06533333333333333 0.24096385542168672
0 0.35866666666666663 0.6987951807228915 0.112 0.41365461847389556
0 0.5673333333333334 0.5552208835341365 0.05733333333333333 0.2108433734939759
0 0.604 0.53714859437751 0.04533333333333333 0.16666666666666666
0 0.6446666666666666 0.5120481927710843 0.030666666666666665 0.11244979919678713
0 0.6613333333333333 0.539156626506024 0.018666666666666665 0.07429718875502007
0 0.7306666666666667 0.5622489959839357 0.048 0.17670682730923692
0 0.7653333333333333 0.5873493975903614 0.042666666666666665 0.16265060240963855
0 0.8059999999999999 0.5722891566265059 0.06 0.22088353413654616
0 0.654 0.4236947791164658 0.022666666666666665 0.08433734939759036
0 0.632 0.429718875502008 0.024 0.09236947791164658
0 0.6066666666666667 0.2931726907630522 0.018666666666666665 0.0682730923694779
0 0.8793333333333333 0.056224899598393566 0.009333333333333332 0.03614457831325301
4 0.6553333333333333 0.44879518072289154 0.16666666666666666 0.1827309236947791
