0 0.15816326530612246 0.7369230769230769 0.09183673469387756 0.3353846153846154
0 0.23367346938775513 0.7184615384615385 0.07551020408163266 0.28615384615384615
0 0.29183673469387755 0.7107692307692308 0.07346938775510205 0.27076923076923076
0 0.33877551020408164 0.7353846153846154 0.09387755102040818 0.3446153846153846
0 0.4 0.7184615384615385 0.0816326530612245 0.3046153846153846
0 0.44795918367346943 0.7107692307692308 0.07551020408163266 0.28307692307692306
0 0.48265306122448987 0.6815384615384615 0.05102040816326531 0.19384615384615383
0 0.5142857142857143 0.6738461538461539 0.0489795918367347 0.19076923076923077
0 0.5377551020408163 0.6815384615384615 0.05510204081632654 0.2123076923076923
0 0.5653061224489796 0.6753846153846154 0.05306122448979592 0.20615384615384616
0 0.5948979591836735 0.676923076923077 0.04693877551020409 0.17846153846153845
0 0.613265306122449 0.6738461538461539 0.04693877551020409 0.17846153846153845
0 0.6459183673469389 0.6846153846153846 0.06326530612244899 0.23076923076923078
0 0.09285714285714286 0.563076923076923 0.03469387755102041 0.13538461538461538
0 0.12244897959183675 0.56 0.036734693877551024 0.14153846153846153
0 0.7540816326530613 0.676923076923077 0.05918367346938776 0.22153846153846155
0 0.863265306122449 0.6723076923076923 0.05714285714285715 0.2123076923076923
0 0.953061224489796 0.6692307692307692 0.06122448979591837 0.2246153846153846
0 0.6693877551020408 0.6707692307692308 0.0489795918367347 0.17846153846153845
0 0.692857142857143 0.6707692307692308 0.04693877551020409 0.1723076923076923
4 0.11836734693877551 0.5307692307692308 0.23673469387755103 0.27384615384615385
4 0.6591836734693878 0.6584615384615384 0.5836734693877551 0.24
