0 0.911957950065703 0.6244939271255061 0.17345597897503284 0.7226720647773279
0 0.5900131406044679 0.6325910931174089 0.18396846254927726 0.6983805668016194
0 0.5170827858081471 0.652834008097166 0.11957950065703023 0.45546558704453444
0 0.48291721419185285 0.5688259109311741 0.13272010512483576 0.5020242914979757
0 0.3902759526938239 0.5799595141700405 0.1445466491458607 0.5445344129554656
0 0.2812089356110381 0.5880566801619433 0.1471747700394218 0.5607287449392713
0 0.2483574244415243 0.5354251012145749 0.1314060446780552 0.49190283400809715
0 0.17148488830486203 0.5880566801619433 0.14848883048620237 0.5647773279352227
0 0.025624178712220762 0.4402834008097166 0.051248357424441525 0.2165991902834008
0 0.6392904073587385 0.3815789473684211 0.030223390275952694 0.1194331983805668
0 0.6695137976346912 0.37550607287449395 0.02759526938239159 0.11133603238866396
2 0.07687253613666228 0.5273279352226721 0.09592641261498029 0.15587044534412955
2 0.09264126149802891 0.39473684210526316 0.061760840998685944 0.12955465587044535
2 0.19053876478318002 0.35627530364372473 0.03153745072273324 0.06072874493927126
2 0.7030223390275953 0.40789473684210525 0.03153745072273324 0.11133603238866396
2 0.7411300919842313 0.4048582995951417 0.03679369250985545 0.0931174089068826
2 0.6964520367936925 0.3269230769230769 0.02102496714848883 0.04251012145748988
2 0.7844940867279895 0.33299595141700405 0.02102496714848883 0.058704453441295545
2 0.8337713534822602 0.33299595141700405 0.022339027595269383 0.0708502024291498
2 0.8567674113009198 0.32388663967611336 0.02628120893561104 0.06882591093117409
2 0.8659658344283837 0.39878542510121456 0.02890932982917214 0.06477732793522267
2 0.7812089356110381 0.4119433198380567 0.04336399474375821 0.09109311740890688
