0 0.12000000000000001 0.29081632653061223 0.07333333333333333 0.28061224489795916
0 0.1975 0.3061224489795918 0.07166666666666667 0.26530612244897955
0 0.2516666666666667 0.30357142857142855 0.08666666666666667 0.32653061224489793
0 0.3716666666666667 0.39285714285714285 0.06333333333333334 0.24489795918367346
0 0.4166666666666667 0.39030612244897955 0.09000000000000001 0.34183673469387754
0 0.4691666666666667 0.3877551020408163 0.115 0.4387755102040816
0 0.5266666666666667 0.40178571428571425 0.11 0.4107142857142857
0 0.5908333333333333 0.4336734693877551 0.125 0.4744897959183673
0 0.6441666666666667 0.44897959183673464 0.13166666666666668 0.4948979591836734
0 0.7133333333333334 0.3086734693877551 0.04666666666666667 0.18367346938775508
0 0.7891666666666667 0.2780612244897959 0.03166666666666667 0.1173469387755102
0 0.8083333333333333 0.28061224489795916 0.030000000000000002 0.11224489795918366
0 0.8400000000000001 0.26403061224489793 0.030000000000000002 0.11989795918367346
0 0.8550000000000001 0.2589285714285714 0.030000000000000002 0.1096938775510204
0 0.8858333333333334 0.26658163265306123 0.025 0.09438775510204081
0 0.9016666666666667 0.26658163265306123 0.03333333333333333 0.12499999999999999
0 0.9158333333333334 0.29209183673469385 0.035 0.1301020408163265
0 0.9441666666666667 0.28061224489795916 0.025 0.09693877551020408
0 0.9783333333333334 0.26403061224489793 0.02 0.08418367346938775
2 0.32083333333333336 0.34183673469387754 0.05166666666666667 0.12244897959183673
2 0.56 0.21811224489795916 0.03333333333333333 0.09948979591836733
4 0.8775000000000001 0.16581632653061223 0.23833333333333334 0.32653061224489793
