0 0.9797101449275363 0.6677559912854031 0.03768115942028986 0.2505446623093682
0 0.9652173913043478 0.6623093681917211 0.06666666666666667 0.25272331154684097
0 0.9340579710144927 0.6557734204793029 0.06811594202898551 0.24836601307189546
0 0.9065217391304348 0.6459694989106755 0.06521739130434782 0.2461873638344227
0 0.7797101449275362 0.8082788671023966 0.08115942028985507 0.3050108932461874
0 0.7485507246376811 0.673202614379085 0.06231884057971015 0.2309368191721133
0 0.6971014492753623 0.6557734204793029 0.06376811594202898 0.23965141612200438
0 0.6731884057971015 0.6514161220043574 0.05652173913043478 0.21350762527233116
0 0.6333333333333333 0.6830065359477124 0.06086956521739131 0.224400871459695
0 0.6 0.659041394335512 0.06086956521739131 0.224400871459695
0 0.5601449275362319 0.7331154684095861 0.07681159420289856 0.289760348583878
0 0.5427536231884058 0.6459694989106755 0.059420289855072465 0.22004357298474947
0 0.5144927536231884 0.6840958605664489 0.057971014492753624 0.2178649237472767
0 0.486231884057971 0.6753812636165578 0.06231884057971015 0.2309368191721133
0 0.4594202898550725 0.664488017429194 0.06086956521739131 0.2309368191721133
0 0.43695652173913047 0.6503267973856209 0.05652173913043478 0.2113289760348584
0 0.3978260869565217 0.6960784313725491 0.06231884057971015 0.23311546840958608
0 0.3673913043478261 0.6819172113289761 0.06521739130434782 0.23965141612200438
0 0.34710144927536235 0.6633986928104576 0.06521739130434782 0.24183006535947715
0 0.31956521739130433 0.6535947712418301 0.06521739130434782 0.23965141612200438
0 0.28405797101449276 0.7004357298474946 0.06376811594202898 0.23747276688453162
0 0.25507246376811593 0.6960784313725491 0.06086956521739131 0.22875816993464054
0 0.20724637681159422 0.6666666666666667 0.06086956521739131 0.22657952069716777
0 0.17971014492753623 0.7222222222222223 0.06666666666666667 0.2461873638344227
0 0.1398550724637681 0.6960784313725491 0.06811594202898551 0.25490196078431376
0 0.11956521739130435 0.6830065359477124 0.06521739130434782 0.2461873638344227
0 0.09855072463768116 0.6688453159041395 0.06376811594202898 0.23965141612200438
0 0.06811594202898551 0.8779956427015252 0.06086956521739131 0.22222222222222224
0 0.2427536231884058 0.6753812636165578 0.06231884057971015 0.23529411764705885
2 0.02246376811594203 0.8812636165577343 0.0391304347826087 0.10675381263616558
2 0.17681159420289855 0.5348583877995643 0.03188405797101449 0.054466230936819175
2 0.2920289855072464 0.5403050108932462 0.03333333333333333 0.06100217864923748
2 0.4057971014492754 0.5315904139433552 0.034782608695652174 0.052287581699346414
2 0.5123188405797101 0.5370370370370371 0.030434782608695653 0.050108932461873645
2 0.5797101449275363 0.5577342047930284 0.02318840579710145 0.04357298474945534
2 0.6072463768115942 0.5305010893246188 0.026086956521739132 0.054466230936819175
2 0.6326086956521739 0.547930283224401 0.02753623188405797 0.04575163398692811
