0 0.13645833333333332 0.5819444444444445 0.01875 0.058333333333333334
0 0.16354166666666667 0.5819444444444445 0.01875 0.06944444444444445
0 0.209375 0.576388888888889 0.01875 0.058333333333333334
0 0.27708333333333335 0.6055555555555556 0.03333333333333333 0.11111111111111112
0 0.33541666666666664 0.6013888888888889 0.03333333333333333 0.11388888888888889
0 0.46875 0.5930555555555556 0.029166666666666667 0.09722222222222222
0 0.5 0.5902777777777778 0.020833333333333332 0.075
0 0.6333333333333333 0.6013888888888889 0.0375 0.13055555555555556
0 0.6677083333333333 0.6013888888888889 0.035416666666666666 0.125
0 0.7052083333333333 0.5916666666666667 0.022916666666666665 0.07222222222222223
0 0.8385416666666666 0.5861111111111111 0.027083333333333334 0.08888888888888889
