0 0.165 0.20333333333333334 0.05 0.2
0 0.292 0.21166666666666667 0.044 0.17666666666666667
0 0.41500000000000004 0.27166666666666667 0.058 0.2366666666666667
0 0.546 0.30833333333333335 0.064 0.26333333333333336
0 0.8310000000000001 0.335 0.074 0.31
0 0.924 0.2816666666666667 0.052000000000000005 0.21000000000000002
0 0.964 0.33666666666666667 0.068 0.2866666666666667
0 0.983 0.255 0.03 0.19666666666666668
0 0.584 0.12000000000000001 0.016 0.07333333333333333
0 0.684 0.1366666666666667 0.02 0.09333333333333334
0 0.779 0.16 0.026000000000000002 0.11333333333333334
0 0.793 0.16666666666666669 0.026000000000000002 0.11333333333333334
0 0.853 0.16166666666666668 0.03 0.12333333333333334
0 0.896 0.17333333333333334 0.028 0.12666666666666668
2 0.839 0.12000000000000001 0.022 0.07333333333333333
2 0.96 0.15833333333333335 0.02 0.05
2 0.977 0.14666666666666667 0.018000000000000002 0.04666666666666667
2 0.101 0.12666666666666668 0.022 0.08666666666666667
2 0.117 0.12000000000000001 0.022 0.060000000000000005
4 0.371 0.09166666666666667 0.682 0.16333333333333333
