0 0.8833333333333334 0.8337053571428571 0.1 0.328125
0 0.8341666666666667 0.828125 0.09833333333333334 0.32589285714285715
0 0.7875000000000001 0.6573660714285714 0.035 0.12276785714285714
0 0.7350000000000001 0.7723214285714285 0.05666666666666667 0.1919642857142857
0 0.7158333333333334 0.7276785714285714 0.045000000000000005 0.14732142857142858
0 0.6875 0.6897321428571428 0.03833333333333334 0.125
0 0.6208333333333333 0.8292410714285714 0.09833333333333334 0.32366071428571425
0 0.505 0.7745535714285714 0.060000000000000005 0.20089285714285712
0 0.5191666666666667 0.6629464285714285 0.025 0.08035714285714285
0 0.4591666666666667 0.8102678571428571 0.09166666666666667 0.30357142857142855
0 0.42750000000000005 0.8125 0.08166666666666667 0.27232142857142855
0 0.34750000000000003 0.6573660714285714 0.03166666666666667 0.109375
0 0.3416666666666667 0.8236607142857142 0.08 0.26785714285714285
0 0.275 0.8058035714285714 0.08 0.26785714285714285
0 0.1691666666666667 0.8337053571428571 0.09166666666666667 0.3013392857142857
0 0.04 0.8359375 0.08 0.2745535714285714
2 0.08333333333333334 0.7064732142857143 0.03333333333333333 0.078125
2 0.1125 0.765625 0.055 0.10267857142857142
2 0.44083333333333335 0.6261160714285714 0.035 0.05133928571428571
2 0.5533333333333333 0.7008928571428571 0.03333333333333333 0.08482142857142856
2 0.5483333333333333 0.8493303571428571 0.09333333333333334 0.19419642857142855
2 0.5891666666666667 0.6261160714285714 0.03833333333333334 0.06026785714285714
2 0.7200000000000001 0.6216517857142857 0.03666666666666667 0.06919642857142856
2 0.8175 0.6227678571428571 0.028333333333333335 0.06696428571428571
