0 0.18343815513626835 0.7682926829268293 0.12368972746331237 0.4451219512195122
0 0.48427672955974843 0.7652439024390244 0.12578616352201258 0.4573170731707317
0 0.42348008385744235 0.7240853658536586 0.10062893081761007 0.3628048780487805
0 0.39832285115303984 0.6814024390243902 0.08805031446540881 0.3201219512195122
0 0.3584905660377359 0.6448170731707318 0.07547169811320756 0.2774390243902439
0 0.3165618448637317 0.600609756097561 0.06708595387840671 0.2378048780487805
0 0.5209643605870021 0.6112804878048781 0.07337526205450734 0.25914634146341464
0 0.5765199161425577 0.6509146341463414 0.08385744234800839 0.29573170731707316
0 0.6142557651991615 0.6783536585365854 0.08385744234800839 0.3018292682926829
0 0.6865828092243187 0.7164634146341463 0.09853249475890986 0.3536585365853659
0 0.7756813417190777 0.7530487804878049 0.11740041928721175 0.4207317073170732
0 0.7222222222222222 0.6402439024390244 0.06918238993710692 0.24390243902439024
0 0.7976939203354299 0.663109756097561 0.07756813417190776 0.2774390243902439
0 0.9266247379454927 0.7164634146341463 0.09643605870020965 0.34146341463414637
0 0.9842767295597484 0.4786585365853659 0.02725366876310273 0.14634146341463417
4 0.49895178197064993 0.5274390243902439 0.8050314465408805 0.29878048780487804
