0 0.055 0.7694235588972431 0.11 0.45112781954887216
0 0.20500000000000002 0.7644110275689222 0.12333333333333334 0.45112781954887216
0 0.24583333333333335 0.6741854636591478 0.07833333333333334 0.2957393483709273
0 0.31833333333333336 0.7644110275689222 0.12000000000000001 0.44611528822055135
0 0.4741666666666667 0.7781954887218044 0.115 0.42355889724310775
0 0.5883333333333334 0.7619047619047619 0.12000000000000001 0.44611528822055135
0 0.6383333333333334 0.6904761904761905 0.08 0.2982456140350877
0 0.9258333333333334 0.7431077694235588 0.10500000000000001 0.39348370927318294
0 0.8025000000000001 0.7230576441102756 0.14500000000000002 0.5388471177944862
0 0.39666666666666667 0.6553884711779449 0.05 0.19298245614035087
2 0.5391666666666667 0.5839598997493733 0.03833333333333334 0.08521303258145363
2 0.68 0.5776942355889724 0.030000000000000002 0.07769423558897243
2 0.3641666666666667 0.5914786967418546 0.03166666666666667 0.06015037593984962
2 0.5091666666666667 0.5852130325814536 0.025 0.05764411027568922
2 0.4633333333333334 0.5513784461152882 0.03333333333333333 0.07518796992481203
2 0.6583333333333333 0.581453634085213 0.02666666666666667 0.05513784461152882
2 0.6075 0.5614035087719298 0.03166666666666667 0.06516290726817042
