0 0.7024048096192385 0.6631419939577039 0.08216432865731463 0.311178247734139
0 0.7885771543086172 0.6540785498489426 0.0781563126252505 0.2930513595166163
0 0.8507014028056111 0.675226586102719 0.09018036072144288 0.3413897280966767
0 0.9268537074148295 0.6540785498489426 0.09418837675350701 0.3474320241691843
0 0.6442885771543085 0.5936555891238671 0.026052104208416832 0.09969788519637462
0 0.597194388777555 0.5981873111782477 0.028056112224448895 0.10876132930513595
0 0.5480961923847695 0.6027190332326284 0.026052104208416832 0.09365558912386707
0 0.5150300601202404 0.6374622356495468 0.05611222444889779 0.2175226586102719
0 0.47695390781563124 0.6389728096676737 0.03607214428857715 0.1299093655589124
0 0.4488977955911823 0.6465256797583081 0.052104208416833664 0.1933534743202417
0 0.39378757515030055 0.6586102719033232 0.058116232464929855 0.22356495468277945
0 0.37074148296593185 0.622356495468278 0.03607214428857715 0.13897280966767372
0 0.3316633266533066 0.6329305135951662 0.06212424849699398 0.22658610271903323
0 0.2885771543086172 0.6193353474320241 0.052104208416833664 0.1933534743202417
0 0.16833667334669336 0.6283987915407855 0.044088176352705406 0.16314199395770393
0 0.1533066132264529 0.6299093655589124 0.05410821643286573 0.19637462235649547
0 0.13627254509018036 0.6419939577039275 0.05611222444889779 0.2084592145015106
0 0.022044088176352703 0.648036253776435 0.044088176352705406 0.2084592145015106
2 0.04208416833667334 0.3580060422960725 0.03206412825651302 0.0755287009063444
2 0.06513026052104208 0.37009063444108764 0.022044088176352703 0.05740181268882175
2 0.06312625250501001 0.4622356495468278 0.03006012024048096 0.06646525679758308
2 0.033066132264529056 0.4607250755287009 0.018036072144288574 0.0513595166163142
2 0.014028056112224447 0.4637462235649547 0.01603206412825651 0.0634441087613293
4 0.813627254509018 0.5906344410876133 0.20841683366733466 0.1661631419939577
