0 0.10166666666666667 0.49749373433583954 0.07333333333333333 0.2681704260651629
0 0.14083333333333334 0.518796992481203 0.07833333333333334 0.2907268170426065
0 0.17500000000000002 0.525062656641604 0.08666666666666667 0.3233082706766917
0 0.21416666666666667 0.5012531328320802 0.06833333333333334 0.2556390977443609
0 0.25 0.5714285714285714 0.1 0.3659147869674185
0 0.31 0.5213032581453634 0.08333333333333334 0.3107769423558897
0 0.3458333333333334 0.587719298245614 0.11833333333333335 0.43358395989974935
0 0.38 0.5426065162907268 0.09333333333333334 0.3433583959899749
0 0.43083333333333335 0.5050125313283208 0.07833333333333334 0.2882205513784461
0 0.48333333333333334 0.637844611528822 0.15000000000000002 0.5488721804511278
0 0.5258333333333334 0.512531328320802 0.08833333333333333 0.3283208020050125
0 0.6058333333333333 0.48245614035087714 0.07500000000000001 0.2781954887218045
0 0.6408333333333334 0.531328320802005 0.10166666666666667 0.37092731829573933
0 0.6708333333333334 0.6152882205513784 0.13166666666666668 0.48370927318295737
0 0.745 0.5263157894736842 0.09666666666666668 0.3609022556390977
0 0.8083333333333333 0.5676691729323308 0.11666666666666667 0.43358395989974935
0 0.925 0.5413533834586466 0.11333333333333334 0.42105263157894735
2 0.8475 0.38596491228070173 0.021666666666666667 0.05513784461152882
2 0.7825000000000001 0.37844611528822053 0.025 0.05513784461152882
2 0.5466666666666667 0.38596491228070173 0.03666666666666667 0.06516290726817042
2 0.455 0.38095238095238093 0.02666666666666667 0.05513784461152882
2 0.4133333333333334 0.3872180451127819 0.023333333333333334 0.05764411027568922
4 0.2733333333333334 0.38345864661654133 0.5433333333333333 0.3358395989974937
4 0.77 0.44862155388471175 0.45 0.37593984962406013
