0 0.03664921465968587 0.6803921568627451 0.06282722513089006 0.2392156862745098
0 0.11387434554973823 0.6450980392156863 0.11780104712041886 0.44313725490196076
0 0.20157068062827227 0.6372549019607843 0.12565445026178013 0.4588235294117647
0 0.2761780104712042 0.6372549019607843 0.12303664921465969 0.4588235294117647
0 0.36518324607329844 0.6509803921568628 0.11256544502617802 0.4156862745098039
0 0.42277486910994766 0.6333333333333333 0.11780104712041886 0.44313725490196076
0 0.4986910994764398 0.6549019607843137 0.11780104712041886 0.4392156862745098
0 0.5628272251308901 0.6529411764705882 0.12041884816753927 0.45098039215686275
0 0.6505235602094241 0.6568627450980392 0.11780104712041886 0.44313725490196076
0 0.7225130890052357 0.6588235294117647 0.12041884816753927 0.44705882352941173
0 0.793193717277487 0.6745098039215687 0.11518324607329844 0.4235294117647059
0 0.8651832460732984 0.6666666666666666 0.13350785340314136 0.48627450980392156
0 0.9057591623036649 0.6568627450980392 0.08376963350785341 0.3176470588235294
0 0.9738219895287958 0.6862745098039216 0.04712041884816754 0.27450980392156865
