0 0.051515151515151514 0.39650537634408606 0.07878787878787878 0.2553763440860215
0 0.08686868686868687 0.40725806451612906 0.052525252525252523 0.18010752688172044
0 0.15656565656565657 0.4059139784946237 0.05858585858585859 0.19892473118279572
0 0.20505050505050504 0.446236559139785 0.09494949494949495 0.3064516129032258
0 0.2404040404040404 0.3884408602150538 0.052525252525252523 0.18010752688172044
0 0.29797979797979796 0.3951612903225807 0.06666666666666667 0.21505376344086025
0 0.44646464646464645 0.6075268817204301 0.17777777777777778 0.5752688172043011
0 0.51010101010101 0.5725806451612904 0.21212121212121213 0.6881720430107527
0 0.33131313131313134 0.38037634408602156 0.06060606060606061 0.19623655913978497
0 0.36262626262626263 0.3951612903225807 0.050505050505050504 0.17204301075268819
0 0.40404040404040403 0.4099462365591398 0.06060606060606061 0.20161290322580647
0 0.5737373737373738 0.4206989247311828 0.0808080808080808 0.26075268817204306
0 0.6292929292929292 0.40860215053763443 0.050505050505050504 0.17204301075268819
0 0.7080808080808081 0.45967741935483875 0.09898989898989899 0.32258064516129037
0 0.7909090909090909 0.4112903225806452 0.05858585858585859 0.19354838709677422
0 0.8404040404040404 0.40188172043010756 0.052525252525252523 0.17473118279569894
0 0.9353535353535354 0.3629032258064516 0.028282828282828285 0.10215053763440861
0 0.9818181818181818 0.3991935483870968 0.03232323232323232 0.16935483870967744
0 0.9686868686868687 0.3655913978494624 0.026262626262626262 0.08602150537634409
0 0.7404040404040404 0.3790322580645162 0.03838383838383838 0.13440860215053765
