0 0.02 0.594047619047619 0.04 0.14047619047619048
0 0.0425 0.5904761904761905 0.03833333333333334 0.1380952380952381
0 0.18916666666666668 0.5523809523809524 0.021666666666666667 0.0761904761904762
0 0.21166666666666667 0.5523809523809524 0.02 0.0761904761904762
0 0.2225 0.5488095238095239 0.021666666666666667 0.07380952380952381
0 0.26416666666666666 0.555952380952381 0.028333333333333335 0.10714285714285715
0 0.2775 0.5452380952380953 0.021666666666666667 0.0761904761904762
0 0.3175 0.5261904761904762 0.011666666666666667 0.04285714285714286
0 0.325 0.5273809523809524 0.013333333333333334 0.05
0 0.7041666666666667 0.611904761904762 0.011666666666666667 0.04761904761904762
0 0.6716666666666667 0.6678571428571429 0.016666666666666666 0.05952380952380953
0 0.6925 0.6714285714285715 0.021666666666666667 0.0761904761904762
0 0.7191666666666667 0.6142857142857143 0.015000000000000001 0.05238095238095239
0 0.7283333333333334 0.6107142857142858 0.013333333333333334 0.05476190476190477
0 0.9241666666666667 0.6702380952380953 0.021666666666666667 0.07380952380952381
0 0.935 0.5726190476190477 0.013333333333333334 0.045238095238095244
0 0.7483333333333334 0.6095238095238096 0.013333333333333334 0.05238095238095239
1 0.17500000000000002 0.5761904761904763 0.016666666666666666 0.06666666666666668
2 0.7291666666666667 0.6202380952380953 0.011666666666666667 0.03571428571428572
2 0.7475 0.6190476190476191 0.018333333333333333 0.03333333333333334
2 0.8250000000000001 0.605952380952381 0.013333333333333334 0.030952380952380953
2 0.8316666666666667 0.6142857142857143 0.013333333333333334 0.04285714285714286
4 0.4058333333333334 0.5130952380952382 0.035 0.04047619047619048
4 0.44833333333333336 0.5071428571428572 0.03666666666666667 0.028571428571428574
4 0.5183333333333333 0.5357142857142858 0.09333333333333334 0.05238095238095239
4 0.6241666666666668 0.5738095238095239 0.018333333333333333 0.0380952380952381
4 0.645 0.5714285714285715 0.023333333333333334 0.05238095238095239
4 0.685 0.5547619047619048 0.04 0.03333333333333334
4 0.6141666666666667 0.536904761904762 0.018333333333333333 0.026190476190476195
4 0.9750000000000001 0.6476190476190476 0.02 0.04285714285714286
4 0.9825 0.6571428571428573 0.021666666666666667 0.04285714285714286
4 0.8616666666666667 0.5714285714285715 0.02 0.0380952380952381
4 0.7175 0.5440476190476191 0.021666666666666667 0.045238095238095244
