0 0.20800000000000002 0.36445783132530124 0.124 0.45783132530120485
0 0.171 0.23493975903614459 0.062 0.23493975903614459
0 0.139 0.24548192771084337 0.062 0.23795180722891568
0 0.148 0.23192771084337352 0.064 0.23493975903614459
0 0.117 0.23192771084337352 0.054 0.20481927710843376
0 0.049 0.2605421686746988 0.074 0.2740963855421687
0 0.073 0.24548192771084337 0.074 0.2740963855421687
0 0.092 0.2530120481927711 0.068 0.24698795180722893
0 0.027 0.23493975903614459 0.054 0.22891566265060243
0 0.269 0.23042168674698796 0.058 0.213855421686747
0 0.294 0.2740963855421687 0.068 0.2530120481927711
0 0.317 0.23644578313253015 0.062 0.22590361445783133
0 0.365 0.23343373493975905 0.058 0.213855421686747
0 0.381 0.25150602409638556 0.054 0.1957831325301205
0 0.452 0.24849397590361447 0.048 0.18373493975903615
0 0.486 0.2876506024096386 0.088 0.32228915662650603
0 0.522 0.24698795180722893 0.056 0.21686746987951808
0 0.546 0.26957831325301207 0.07200000000000001 0.2620481927710844
0 0.546 0.2424698795180723 0.064 0.23795180722891568
0 0.5670000000000001 0.24698795180722893 0.066 0.24698795180722893
0 0.58 0.25150602409638556 0.064 0.23795180722891568
0 0.606 0.2530120481927711 0.076 0.28313253012048195
0 0.626 0.26506024096385544 0.076 0.28313253012048195
0 0.646 0.24849397590361447 0.068 0.2560240963855422
0 0.708 0.24096385542168675 0.06 0.22891566265060243
0 0.718 0.25150602409638556 0.056 0.20783132530120482
0 0.747 0.2740963855421687 0.082 0.3072289156626506
0 0.23500000000000001 0.25 0.058 0.21084337349397592
0 0.77 0.2424698795180723 0.064 0.23795180722891568
0 0.78 0.24096385542168675 0.064 0.23493975903614459
0 0.8190000000000001 0.24849397590361447 0.066 0.24397590361445784
0 0.837 0.23192771084337352 0.062 0.23493975903614459
0 0.852 0.24849397590361447 0.07200000000000001 0.2740963855421687
0 0.877 0.24548192771084337 0.074 0.2740963855421687
0 0.888 0.25 0.068 0.24698795180722893
0 0.9440000000000001 0.25903614457831325 0.08 0.30120481927710846
0 0.9590000000000001 0.23042168674698796 0.062 0.22590361445783133
0 0.982 0.2243975903614458 0.032 0.21987951807228917
0 0.34500000000000003 0.1897590361445783 0.026000000000000002 0.0963855421686747
0 0.417 0.19126506024096387 0.022 0.08734939759036145
2 0.234 0.14759036144578314 0.04 0.0783132530120482
2 0.464 0.15963855421686748 0.028 0.05421686746987952
2 0.525 0.1280120481927711 0.022 0.02710843373493976
2 0.59 0.15813253012048192 0.016 0.03313253012048193
2 0.497 0.1536144578313253 0.034 0.0783132530120482
2 0.29 0.14156626506024098 0.028 0.042168674698795185
4 0.435 0.1957831325301205 0.014 0.0783132530120482
