0 0.07680000000000001 0.7031746031746031 0.08320000000000001 0.4031746031746032
0 0.10880000000000001 0.6603174603174603 0.08 0.39365079365079364
0 0.9248000000000001 0.7174603174603175 0.08320000000000001 0.4126984126984127
0 0.916 0.6682539682539682 0.0784 0.3904761904761905
0 0.8872 0.7126984126984127 0.0848 0.4095238095238095
0 0.1288 0.680952380952381 0.0848 0.4158730158730159
0 0.6496000000000001 0.6507936507936508 0.064 0.3111111111111111
2 0.14880000000000002 0.7619047619047619 0.0704 0.3746031746031746
2 0.2136 0.7555555555555555 0.0752 0.38095238095238093
2 0.276 0.7587301587301587 0.0592 0.3746031746031746
2 0.34 0.7603174603174603 0.07200000000000001 0.36507936507936506
2 0.4 0.7603174603174603 0.0864 0.37777777777777777
2 0.46880000000000005 0.7587301587301587 0.07680000000000001 0.3873015873015873
2 0.5376000000000001 0.7634920634920634 0.06720000000000001 0.37142857142857144
2 0.6072000000000001 0.7603174603174603 0.0784 0.37777777777777777
2 0.676 0.7603174603174603 0.062400000000000004 0.37777777777777777
2 0.7368 0.7587301587301587 0.0592 0.3682539682539683
2 0.8008000000000001 0.7714285714285715 0.0688 0.3619047619047619
2 0.8568 0.7571428571428571 0.0592 0.3904761904761905
2 0.1512 0.49523809523809526 0.0368 0.12063492063492064
2 0.1736 0.5111111111111111 0.0432 0.13333333333333333
2 0.1912 0.5936507936507937 0.0432 0.16507936507936508
2 0.8464 0.47619047619047616 0.038400000000000004 0.12063492063492064
2 0.8792000000000001 0.5079365079365079 0.020800000000000003 0.0380952380952381
2 0.8560000000000001 0.5698412698412698 0.0512 0.15555555555555556
2 0.8256 0.5031746031746032 0.0224 0.06031746031746032
2 0.8176 0.5746031746031746 0.038400000000000004 0.12063492063492064
2 0.7952 0.5396825396825397 0.028800000000000003 0.09523809523809523
2 0.7648 0.3904761904761905 0.032 0.10158730158730159
2 0.8 0.4650793650793651 0.0224 0.06666666666666667
2 0.7952 0.43333333333333335 0.0512 0.09841269841269841
2 0.7744000000000001 0.49523809523809526 0.0224 0.06349206349206349
2 0.21680000000000002 0.43174603174603177 0.020800000000000003 0.10793650793650794
2 0.224 0.5174603174603175 0.0352 0.09523809523809523
2 0.2328 0.45396825396825397 0.024 0.06349206349206349
2 0.24400000000000002 0.5888888888888889 0.0368 0.15555555555555556
2 0.25520000000000004 0.49206349206349204 0.024 0.06984126984126984
2 0.2544 0.4253968253968254 0.0256 0.08253968253968254
2 0.264 0.44285714285714284 0.019200000000000002 0.047619047619047616
2 0.2768 0.5142857142857142 0.0352 0.11428571428571428
2 0.2808 0.3952380952380952 0.020800000000000003 0.05396825396825397
2 0.2872 0.4523809523809524 0.027200000000000002 0.08571428571428572
2 0.312 0.40634920634920635 0.041600000000000005 0.0761904761904762
2 0.3032 0.5031746031746032 0.0304 0.14285714285714285
2 0.3224 0.49523809523809526 0.027200000000000002 0.08888888888888889
2 0.3168 0.5920634920634921 0.041600000000000005 0.1492063492063492
2 0.32880000000000004 0.3873015873015873 0.0304 0.08253968253968254
2 0.31920000000000004 0.43174603174603177 0.024 0.044444444444444446
2 0.33840000000000003 0.46825396825396826 0.024 0.07936507936507936
2 0.34800000000000003 0.40476190476190477 0.027200000000000002 0.07936507936507936
2 0.3512 0.46984126984126984 0.027200000000000002 0.06349206349206349
2 0.3552 0.5206349206349207 0.0352 0.11428571428571428
2 0.3688 0.44603174603174606 0.024 0.09206349206349207
2 0.38880000000000003 0.3825396825396825 0.032 0.09206349206349207
2 0.3856 0.4746031746031746 0.028800000000000003 0.09206349206349207
2 0.4016 0.4301587301587302 0.0224 0.08571428571428572
2 0.39440000000000003 0.5206349206349207 0.033600000000000005 0.11428571428571428
2 0.4248 0.38412698412698415 0.0304 0.0761904761904762
2 0.4272 0.4444444444444444 0.0256 0.08253968253968254
2 0.42160000000000003 0.4793650793650794 0.027200000000000002 0.06984126984126984
2 0.4152 0.5841269841269842 0.056 0.16507936507936508
2 0.4464 0.4507936507936508 0.019200000000000002 0.06349206349206349
2 0.44320000000000004 0.5301587301587302 0.0352 0.08888888888888889
2 0.46080000000000004 0.4873015873015873 0.019200000000000002 0.06031746031746032
2 0.45520000000000005 0.4 0.020800000000000003 0.06984126984126984
2 0.47200000000000003 0.38095238095238093 0.019200000000000002 0.05714285714285714
2 0.4656 0.43333333333333335 0.028800000000000003 0.07936507936507936
2 0.4864 0.47619047619047616 0.0352 0.13333333333333333
2 0.46080000000000004 0.5777777777777777 0.041600000000000005 0.1523809523809524
2 0.4872 0.553968253968254 0.0368 0.1492063492063492
2 0.49920000000000003 0.4015873015873016 0.0224 0.07301587301587302
2 0.5136000000000001 0.4777777777777778 0.0224 0.05396825396825397
2 0.5136000000000001 0.44603174603174606 0.038400000000000004 0.11746031746031746
2 0.5088 0.5841269841269842 0.0512 0.17777777777777778
2 0.5248 0.3952380952380952 0.0224 0.09206349206349207
2 0.5384 0.5301587301587302 0.033600000000000005 0.08888888888888889
2 0.5408000000000001 0.45714285714285713 0.0256 0.06984126984126984
2 0.5416000000000001 0.42063492063492064 0.033600000000000005 0.07301587301587302
2 0.5584 0.40476190476190477 0.019200000000000002 0.10476190476190476
2 0.5744 0.4 0.016 0.044444444444444446
2 0.5616 0.473015873015873 0.0224 0.044444444444444446
2 0.5752 0.4587301587301587 0.024 0.08571428571428572
2 0.5880000000000001 0.43333333333333335 0.024 0.09206349206349207
2 0.6008 0.4746031746031746 0.020800000000000003 0.06666666666666667
2 0.6128 0.4444444444444444 0.0224 0.06349206349206349
2 0.632 0.4365079365079365 0.0256 0.06666666666666667
2 0.6208 0.39206349206349206 0.019200000000000002 0.04126984126984127
2 0.5856 0.5222222222222223 0.0256 0.08571428571428572
2 0.6104 0.5857142857142857 0.04 0.14285714285714285
2 0.6256 0.5222222222222223 0.0352 0.1111111111111111
2 0.6408 0.49206349206349204 0.020800000000000003 0.08253968253968254
2 0.652 0.4 0.0304 0.11428571428571428
2 0.664 0.45555555555555555 0.0256 0.047619047619047616
2 0.676 0.4126984126984127 0.027200000000000002 0.08253968253968254
2 0.6512 0.4936507936507937 0.0224 0.02857142857142857
2 0.6776 0.5095238095238095 0.0304 0.11746031746031746
2 0.7008 0.5968253968253968 0.0448 0.17142857142857143
2 0.7120000000000001 0.5285714285714286 0.0352 0.10476190476190476
2 0.6992 0.4 0.032 0.09523809523809523
2 0.7032 0.43174603174603177 0.0304 0.08888888888888889
2 0.7072 0.46825396825396826 0.0352 0.07936507936507936
2 0.7248 0.49682539682539684 0.028800000000000003 0.07936507936507936
2 0.7424000000000001 0.5841269841269842 0.041600000000000005 0.15873015873015872
2 0.7496 0.526984126984127 0.027200000000000002 0.10158730158730159
2 0.7416 0.4222222222222222 0.033600000000000005 0.09523809523809523
2 0.7576 0.48253968253968255 0.024 0.11428571428571428
2 0.7752 0.5888888888888889 0.0304 0.14285714285714285
2 0.6648000000000001 0.5238095238095238 0.0304 0.11428571428571428
2 0.1912 0.4777777777777778 0.0432 0.09841269841269841
2 0.28 0.5761904761904761 0.0448 0.1365079365079365
2 0.36960000000000004 0.5841269841269842 0.038400000000000004 0.15873015873015872
