0 0.6558333333333334 0.8375 0.055 0.135
0 0.7566666666666667 0.8391666666666667 0.05666666666666667 0.13833333333333334
0 0.9550000000000001 0.8183333333333334 0.08666666666666667 0.26666666666666666
0 0.5891666666666667 0.8400000000000001 0.07500000000000001 0.18666666666666668
0 0.48583333333333334 0.8416666666666667 0.07833333333333334 0.19666666666666668
0 0.43583333333333335 0.8358333333333334 0.07500000000000001 0.18833333333333335
0 0.41583333333333333 0.8383333333333334 0.07833333333333334 0.19666666666666668
0 0.22 0.8725 0.07333333333333333 0.18166666666666667
0 0.19083333333333335 0.8583333333333334 0.06833333333333334 0.17
0 0.09916666666666667 0.8550000000000001 0.09166666666666667 0.22666666666666668
0 0.08750000000000001 0.8441666666666667 0.06833333333333334 0.16833333333333333
0 0.13833333333333334 0.8500000000000001 0.09333333333333334 0.23
0 0.3066666666666667 0.8408333333333334 0.06666666666666667 0.16166666666666668
0 0.2866666666666667 0.8550000000000001 0.07666666666666667 0.18666666666666668
0 0.28250000000000003 0.8575 0.065 0.16166666666666668
0 0.35500000000000004 0.8566666666666667 0.08333333333333334 0.20333333333333334
0 0.3666666666666667 0.8500000000000001 0.08 0.19666666666666668
2 0.3441666666666667 0.7633333333333334 0.028333333333333335 0.05666666666666667
2 0.3891666666666667 0.775 0.021666666666666667 0.03333333333333333
2 0.17500000000000002 0.7791666666666667 0.02666666666666667 0.025
2 0.013333333333333334 0.8650000000000001 0.02666666666666667 0.030000000000000002
2 0.5483333333333333 0.8508333333333334 0.03666666666666667 0.028333333333333335
3 0.41833333333333333 0.4516666666666667 0.18666666666666668 0.37333333333333335
4 0.7116666666666667 0.8491666666666667 0.09666666666666668 0.05166666666666667
