0 0.2826530612244898 0.6212534059945504 0.05510204081632654 0.17983651226158037
0 0.3816326530612245 0.6553133514986376 0.05714285714285715 0.19346049046321526
0 0.439795918367347 0.614441416893733 0.03469387755102041 0.12261580381471389
0 0.4602040816326531 0.6430517711171662 0.05510204081632654 0.17983651226158037
0 0.4948979591836735 0.6362397820163488 0.05510204081632654 0.18256130790190736
0 0.4714285714285715 0.6130790190735694 0.036734693877551024 0.12534059945504086
0 0.536734693877551 0.6267029972752043 0.05306122448979592 0.17983651226158037
0 0.5632653061224491 0.5967302452316076 0.028571428571428574 0.10354223433242507
0 0.553061224489796 0.6130790190735694 0.04081632653061225 0.1307901907356948
0 0.5887755102040817 0.6076294277929155 0.03469387755102041 0.11989100817438691
0 0.6081632653061225 0.5858310626702997 0.02448979591836735 0.08174386920980926
0 0.6224489795918368 0.614441416893733 0.04489795918367347 0.14986376021798364
0 0.6591836734693878 0.6253405994550408 0.04489795918367347 0.1444141689373297
0 0.666326530612245 0.6103542234332425 0.04285714285714286 0.14713896457765668
0 0.6816326530612246 0.6158038147138964 0.04081632653061225 0.1307901907356948
0 0.7112244897959185 0.611716621253406 0.03877551020408164 0.12806539509536785
0 0.7244897959183674 0.6021798365122616 0.0326530612244898 0.10899182561307902
0 0.7448979591836735 0.600817438692098 0.0326530612244898 0.10626702997275204
0 0.7591836734693879 0.5885558583106267 0.028571428571428574 0.10354223433242507
0 0.7806122448979592 0.5790190735694822 0.02653061224489796 0.08991825613079019
0 0.903061224489796 0.5504087193460491 0.018367346938775512 0.05994550408719346
0 0.6918367346938776 0.5926430517711171 0.0326530612244898 0.10626702997275204
0 0.8142857142857144 0.5613079019073569 0.020408163265306124 0.07084468664850135
4 0.6469387755102042 0.5912806539509536 0.036734693877551024 0.10899182561307902
4 0.7061224489795919 0.5504087193460491 0.07755102040816328 0.0326975476839237
4 0.7918367346938776 0.5694822888283378 0.0653061224489796 0.08719346049046321
