0 0.04384017758046615 0.7333333333333334 0.06770255271920089 0.25333333333333335
0 0.09433962264150944 0.7383333333333334 0.06881243063263041 0.2566666666666667
0 0.15760266370699225 0.7391666666666667 0.07103218645948946 0.265
0 0.20754716981132076 0.7383333333333334 0.0732519422863485 0.27
0 0.24805771365149834 0.5275000000000001 0.02330743618201998 0.09166666666666667
0 0.3362930077691454 0.6241666666666668 0.05549389567147614 0.2016666666666667
0 0.38290788013318533 0.6708333333333334 0.05771365149833518 0.21166666666666667
0 0.36736958934517205 0.6533333333333333 0.0532741398446171 0.19666666666666668
0 0.4100998890122087 0.6541666666666667 0.05438401775804662 0.20500000000000002
0 0.43174250832408434 0.6633333333333333 0.05771365149833518 0.21000000000000002
0 0.4944506104328524 0.6625000000000001 0.05660377358490566 0.21166666666666667
0 0.4772475027746948 0.6575000000000001 0.05549389567147614 0.20500000000000002
0 0.5155382907880133 0.655 0.05660377358490566 0.21000000000000002
0 0.5394006659267481 0.6666666666666667 0.05771365149833518 0.21000000000000002
0 0.5499445061043285 0.6441666666666667 0.05438401775804662 0.19833333333333333
0 0.5738068812430632 0.6608333333333334 0.05771365149833518 0.21166666666666667
0 0.6176470588235294 0.6575000000000001 0.061043285238623755 0.22833333333333336
0 0.6520532741398446 0.6275000000000001 0.05438401775804662 0.19833333333333333
0 0.7891231964483907 0.7308333333333333 0.06881243063263041 0.255
0 0.8634850166481687 0.7308333333333333 0.07103218645948946 0.265
0 0.9328523862375139 0.7366666666666667 0.07214206437291898 0.26666666666666666
0 0.9761376248612653 0.7383333333333334 0.04550499445061043 0.27
0 0.22475027746947837 0.5525 0.016648168701442843 0.06166666666666667
2 0.4833518312985572 0.545 0.04550499445061043 0.060000000000000005
4 0.23473917869034408 0.55 0.01220865704772475 0.043333333333333335
