0 0.170625 0.6581920903954802 0.10125 0.3747645951035781
0 0.23500000000000001 0.64030131826742 0.105 0.38418079096045193
0 0.294375 0.6629001883239171 0.10875 0.4030131826741996
0 0.33875 0.6525423728813559 0.1075 0.3973634651600753
0 0.390625 0.6591337099811676 0.10625 0.391713747645951
0 0.45 0.6544256120527306 0.1 0.3672316384180791
0 0.511875 0.6468926553672316 0.10375000000000001 0.3860640301318267
0 0.56625 0.6685499058380414 0.105 0.391713747645951
0 0.625 0.6638418079096045 0.1075 0.4011299435028248
0 0.673125 0.6657250470809792 0.10125 0.3747645951035781
0 0.718125 0.6685499058380414 0.10375000000000001 0.3804143126177024
0 0.765625 0.6713747645951036 0.10125 0.3747645951035781
0 0.816875 0.6779661016949152 0.09875 0.3691148775894538
0 0.8618750000000001 0.6741996233521657 0.09875 0.3653483992467043
