0 0.13 0.5535714285714286 0.12181818181818181 0.4478021978021978
0 0.27 0.598901098901099 0.21272727272727274 0.7912087912087913
0 0.39454545454545453 0.5233516483516484 0.10181818181818182 0.3818681318681319
0 0.6854545454545454 0.6208791208791209 0.1709090909090909 0.631868131868132
0 0.6181818181818182 0.506868131868132 0.10181818181818182 0.3763736263736264
0 0.889090909090909 0.5563186813186813 0.12727272727272726 0.4752747252747253
0 0.9581818181818181 0.4601648351648352 0.04727272727272727 0.18406593406593408
0 0.8181818181818182 0.46291208791208793 0.05818181818181818 0.21703296703296704
0 0.4590909090909091 0.5123626373626374 0.034545454545454546 0.12912087912087913
0 0.5509090909090909 0.4862637362637363 0.02909090909090909 0.11538461538461539
0 0.7763636363636364 0.4807692307692308 0.03272727272727273 0.1263736263736264
0 0.8327272727272728 0.42719780219780223 0.025454545454545455 0.10164835164835166
0 0.7963636363636364 0.4491758241758242 0.04 0.1565934065934066
2 0.042727272727272725 0.396978021978022 0.038181818181818185 0.06868131868131869
2 0.2190909090909091 0.3502747252747253 0.034545454545454546 0.0521978021978022
2 0.3 0.3708791208791209 0.014545454545454545 0.02197802197802198
2 0.3481818181818182 0.4010989010989011 0.023636363636363636 0.05494505494505495
2 0.36 0.3928571428571429 0.014545454545454545 0.03296703296703297
2 0.4118181818181818 0.3928571428571429 0.012727272727272728 0.02197802197802198
2 0.42454545454545456 0.39148351648351654 0.012727272727272728 0.03571428571428572
2 0.4445454545454545 0.38049450549450553 0.016363636363636365 0.030219780219780223
2 0.44181818181818183 0.5027472527472527 0.02909090909090909 0.13186813186813187
2 0.44363636363636366 0.41620879120879123 0.03636363636363636 0.07417582417582418
2 0.4772727272727273 0.4244505494505495 0.03090909090909091 0.07967032967032968
2 0.46545454545454545 0.396978021978022 0.014545454545454545 0.041208791208791215
2 0.5781818181818181 0.41071428571428575 0.025454545454545455 0.0631868131868132
2 0.5736363636363636 0.38461538461538464 0.016363636363636365 0.038461538461538464
2 0.5790909090909091 0.4807692307692308 0.034545454545454546 0.13736263736263737
2 0.4863636363636364 0.4972527472527473 0.034545454545454546 0.1263736263736264
2 0.5181818181818182 0.5302197802197802 0.025454545454545455 0.07142857142857144
2 0.49272727272727274 0.3942307692307693 0.014545454545454545 0.03571428571428572
2 0.5018181818181818 0.39972527472527475 0.01818181818181818 0.046703296703296704
2 0.5245454545454545 0.37912087912087916 0.02 0.04395604395604396
2 0.5272727272727272 0.47390109890109894 0.025454545454545455 0.0521978021978022
2 0.5109090909090909 0.42719780219780223 0.01818181818181818 0.07417582417582418
2 0.5209090909090909 0.45329670329670335 0.02727272727272727 0.07692307692307693
2 0.5309090909090909 0.4024725274725275 0.025454545454545455 0.0521978021978022
2 0.5518181818181818 0.41071428571428575 0.02727272727272727 0.07967032967032968
2 0.7145454545454546 0.42307692307692313 0.02909090909090909 0.08791208791208792
2 0.7536363636363637 0.5233516483516484 0.04181818181818182 0.07417582417582418
2 0.7581818181818182 0.4711538461538462 0.02909090909090909 0.0521978021978022
2 0.7436363636363637 0.4436813186813187 0.02909090909090909 0.06868131868131869
2 0.7372727272727273 0.4010989010989011 0.016363636363636365 0.05494505494505495
2 0.8527272727272728 0.3928571428571429 0.01818181818181818 0.03296703296703297
2 0.8681818181818182 0.3777472527472528 0.02 0.024725274725274728
2 0.019090909090909092 0.40659340659340665 0.03090909090909091 0.06593406593406594
2 0.006363636363636364 0.521978021978022 0.012727272727272728 0.15934065934065936
2 0.024545454545454544 0.521978021978022 0.034545454545454546 0.14835164835164835
2 0.046363636363636364 0.5054945054945056 0.04181818181818182 0.17032967032967034
2 0.07272727272727272 0.5096153846153847 0.04363636363636364 0.18956043956043958
4 0.7581818181818182 0.3983516483516484 0.03272727272727273 0.08241758241758243
4 0.7827272727272727 0.3928571428571429 0.02 0.04395604395604396
4 0.980909090909091 0.4560439560439561 0.034545454545454546 0.20329670329670332
4 0.9318181818181818 0.46291208791208793 0.038181818181818185 0.18406593406593408
