0 0.08227848101265822 0.6246851385390428 0.16455696202531644 0.5994962216624685
0 0.2088607594936709 0.5806045340050378 0.14285714285714285 0.491183879093199
0 0.4421338155515371 0.6070528967254408 0.17902350813743217 0.6146095717884131
0 0.530741410488246 0.579345088161209 0.12839059674502712 0.43828715365239296
0 0.6826401446654611 0.5730478589420654 0.16455696202531644 0.561712846347607
0 0.8173598553345388 0.5037783375314862 0.08318264014466546 0.28211586901763225
0 0.8978300180831826 0.5025188916876574 0.081374321880651 0.28463476070528965
0 0.9231464737793852 0.5050377833753148 0.08860759493670886 0.30982367758186397
0 0.9638336347197106 0.482367758186398 0.06871609403254973 0.30982367758186397
0 0.7694394213381555 0.5037783375314862 0.08499095840867993 0.2871536523929471
0 0.25949367088607594 0.49496221662468515 0.05605786618444846 0.198992443324937
0 0.0189873417721519 0.5025188916876574 0.0379746835443038 0.2040302267002519
0 0.03164556962025317 0.4937027707808564 0.059674502712477394 0.20151133501259444
2 0.9439421338155515 0.35642317380352645 0.028933092224231464 0.042821158690176324
2 0.8300180831826401 0.38287153652392947 0.0433996383363472 0.08060453400503778
2 0.7296564195298372 0.41561712846347604 0.04159132007233273 0.11083123425692695
2 0.7160940325497287 0.3224181360201511 0.05063291139240506 0.0906801007556675
2 0.6401446654611211 0.3778337531486146 0.028933092224231464 0.07556675062972291
2 0.620253164556962 0.37279596977329976 0.0216998191681736 0.05037783375314861
2 0.596745027124774 0.42191435768261965 0.04701627486437613 0.08816120906801007
2 0.5750452079566003 0.41561712846347604 0.039783001808318265 0.0906801007556675
2 0.6021699819168174 0.34760705289672544 0.0216998191681736 0.04030226700251889
2 0.5569620253164557 0.35894206549118385 0.0216998191681736 0.027707808564231738
2 0.4909584086799276 0.41309823677581864 0.019891500904159132 0.030226700251889168
2 0.46835443037974683 0.397984886649874 0.0216998191681736 0.03526448362720403
2 0.41500904159132007 0.389168765743073 0.012658227848101266 0.0327455919395466
2 0.33273056057866185 0.42317380352644834 0.0216998191681736 0.0654911838790932
2 0.34900542495479203 0.4181360201511335 0.028933092224231464 0.08060453400503778
2 0.2739602169981917 0.42065491183879095 0.019891500904159132 0.05037783375314861
2 0.2884267631103074 0.4256926952141058 0.027124773960216998 0.0654911838790932
2 0.31103074141048825 0.4017632241813602 0.0325497287522604 0.06297229219143577
2 0.3047016274864376 0.389168765743073 0.012658227848101266 0.0327455919395466
2 0.23779385171790235 0.397984886649874 0.0162748643761302 0.025188916876574305
2 0.24683544303797467 0.40680100755667503 0.0162748643761302 0.027707808564231738
2 0.1844484629294756 0.4030226700251889 0.014466546112115732 0.030226700251889168
2 0.162748643761302 0.4080604534005038 0.0325497287522604 0.030226700251889168
2 0.023508137432188065 0.41309823677581864 0.014466546112115732 0.04030226700251889
4 0.1274864376130199 0.43198992443324935 0.06690777576853527 0.06801007556675062
