0 0.04196428571428571 0.3758389261744966 0.08392857142857142 0.23355704697986576
0 0.25535714285714284 0.29261744966442954 0.04285714285714286 0.08053691275167785
0 0.2883928571428571 0.3 0.055357142857142855 0.10335570469798658
0 0.32767857142857143 0.3221476510067114 0.0625 0.11543624161073825
0 0.37857142857142856 0.32416107382550335 0.08571428571428572 0.15973154362416106
0 0.39285714285714285 0.3174496644295302 0.05357142857142857 0.10067114093959731
0 0.40982142857142856 0.2684563758389262 0.019642857142857142 0.040268456375838924
0 0.4392857142857143 0.28389261744966443 0.039285714285714285 0.07382550335570469
0 0.42857142857142855 0.28322147651006707 0.03214285714285714 0.05906040268456376
0 0.4517857142857143 0.2778523489932886 0.024999999999999998 0.04563758389261745
0 0.47232142857142856 0.3013422818791946 0.044642857142857144 0.08456375838926174
0 0.48660714285714285 0.323489932885906 0.06607142857142857 0.1261744966442953
0 0.55625 0.32953020134228184 0.08035714285714285 0.14630872483221477
0 0.5857142857142857 0.3214765100671141 0.06428571428571428 0.11946308724832214
0 0.5223214285714286 0.3758389261744966 0.13035714285714287 0.23892617449664427
0 0.6071428571428571 0.31140939597315437 0.05357142857142857 0.09932885906040267
0 0.6383928571428571 0.2912751677852349 0.044642857142857144 0.08322147651006712
0 0.6669642857142857 0.28993288590604027 0.0375 0.0697986577181208
0 0.69375 0.2919463087248322 0.0375 0.07114093959731543
0 0.7946428571428571 0.30604026845637583 0.049999999999999996 0.09664429530201342
0 0.8142857142857143 0.27382550335570466 0.03214285714285714 0.06174496644295302
0 0.6982142857142857 0.32550335570469796 0.09285714285714286 0.1704697986577181
0 0.7410714285714286 0.38993288590604025 0.12142857142857143 0.22416107382550335
0 0.8919642857142857 0.3013422818791946 0.06607142857142857 0.12483221476510066
0 0.9169642857142857 0.3013422818791946 0.0625 0.11677852348993288
0 0.9642857142857143 0.3087248322147651 0.06785714285714285 0.1261744966442953
0 0.85 0.2771812080536913 0.02857142857142857 0.0523489932885906
0 0.8669642857142856 0.2798657718120805 0.026785714285714284 0.0523489932885906
0 0.06964285714285715 0.823489932885906 0.1392857142857143 0.3449664429530201
0 0.24375 0.8033557046979866 0.2125 0.39060402684563755
0 0.16785714285714284 0.802013422818792 0.19999999999999998 0.36912751677852346
0 0.38482142857142854 0.7892617449664429 0.13392857142857142 0.24697986577181208
0 0.4392857142857143 0.77248322147651 0.12857142857142856 0.23758389261744964
0 0.5151785714285714 0.7570469798657717 0.09464285714285714 0.17718120805369125
0 0.48482142857142857 0.770469798657718 0.07321428571428572 0.1342281879194631
0 0.6089285714285714 0.7563758389261744 0.08928571428571429 0.16778523489932884
0 0.6607142857142857 0.7536912751677852 0.07857142857142857 0.148993288590604
0 0.7455357142857143 0.7778523489932886 0.2375 0.4389261744966443
2 0.13839285714285715 0.2765100671140939 0.012499999999999999 0.040268456375838924
2 0.30178571428571427 0.27114093959731544 0.02142857142857143 0.0348993288590604
2 0.6142857142857142 0.2651006711409396 0.02142857142857143 0.025503355704697986
2 0.7446428571428572 0.26174496644295303 0.024999999999999998 0.024161073825503355
2 0.90625 0.24228187919463087 0.019642857142857142 0.012080536912751677
2 0.9776785714285714 0.25906040268456376 0.01607142857142857 0.021476510067114093
2 0.9857142857142857 0.2651006711409396 0.014285714285714285 0.0174496644295302
2 0.8303571428571428 0.6543624161073825 0.03571428571428571 0.03355704697986577
4 0.5776785714285714 0.2671140939597315 0.044642857142857144 0.024161073825503355
4 0.8455357142857143 0.25503355704697983 0.05178571428571428 0.013422818791946308
