0 0.04916666666666667 0.425 0.07833333333333334 0.28500000000000003
0 0.02666666666666667 0.35625 0.043333333333333335 0.1675
0 0.09416666666666668 0.36125 0.05166666666666667 0.1875
0 0.08416666666666667 0.3575 0.04833333333333334 0.185
0 0.2016666666666667 0.35375 0.043333333333333335 0.1625
0 0.25 0.37625000000000003 0.05333333333333334 0.1975
0 0.52 0.48875 0.15666666666666668 0.5775
0 0.48000000000000004 0.30625 0.02 0.0775
0 0.6533333333333333 0.3025 0.023333333333333334 0.095
0 0.7058333333333334 0.3125 0.03166666666666667 0.125
0 0.8158333333333334 0.4025 0.085 0.31
0 0.8525 0.28875 0.021666666666666667 0.0775
0 0.8716666666666667 0.28625 0.02 0.0725
0 0.8916666666666667 0.28875 0.030000000000000002 0.1075
0 0.9508333333333334 0.3075 0.04166666666666667 0.15
2 0.8025000000000001 0.275 0.018333333333333333 0.055
2 0.6666666666666667 0.4275 0.08333333333333334 0.19
2 0.7841666666666667 0.31375000000000003 0.015000000000000001 0.0275
