0 0.03333333333333333 0.7957589285714285 0.060000000000000005 0.203125
0 0.095 0.8069196428571428 0.06666666666666667 0.22544642857142855
0 0.13416666666666668 0.8080357142857142 0.06166666666666667 0.20089285714285712
0 0.2 0.7678571428571428 0.04666666666666667 0.15625
0 0.22833333333333336 0.8270089285714285 0.08333333333333334 0.2745535714285714
0 0.24416666666666667 0.8738839285714285 0.06166666666666667 0.2075892857142857
0 0.275 0.8549107142857142 0.07333333333333333 0.24107142857142855
0 0.5766666666666667 0.8158482142857142 0.05666666666666667 0.18526785714285712
0 0.5641666666666667 0.78125 0.055 0.17857142857142855
0 0.29583333333333334 0.71875 0.04166666666666667 0.13839285714285712
0 0.2891666666666667 0.7845982142857142 0.045000000000000005 0.14955357142857142
0 0.33333333333333337 0.7265625 0.043333333333333335 0.14955357142857142
0 0.35500000000000004 0.6975446428571428 0.04 0.13616071428571427
0 0.36750000000000005 0.6953125 0.03833333333333334 0.13169642857142858
0 0.4033333333333334 0.6986607142857143 0.04 0.13839285714285712
0 0.4291666666666667 0.6964285714285714 0.045000000000000005 0.14732142857142858
0 0.4783333333333334 0.734375 0.03333333333333333 0.11607142857142856
0 0.5008333333333334 0.7053571428571428 0.03833333333333334 0.125
0 0.525 0.7589285714285714 0.043333333333333335 0.14732142857142858
0 0.535 0.7488839285714285 0.03666666666666667 0.12723214285714285
0 0.5508333333333334 0.7109375 0.035 0.12276785714285714
0 0.0125 0.7801339285714285 0.025 0.15401785714285712
2 0.14083333333333334 0.7087053571428571 0.028333333333333335 0.06026785714285714
2 0.19833333333333333 0.6953125 0.023333333333333334 0.06026785714285714
2 0.7225 0.9709821428571428 0.07500000000000001 0.05357142857142857
2 0.8216666666666668 0.9363839285714285 0.07 0.12276785714285714
2 0.5708333333333334 0.6819196428571428 0.028333333333333335 0.07366071428571429
2 0.5966666666666667 0.7053571428571428 0.03666666666666667 0.08482142857142856
2 0.6025 0.7388392857142857 0.021666666666666667 0.04464285714285714
2 0.5125000000000001 0.6551339285714285 0.015000000000000001 0.024553571428571428
2 0.5233333333333333 0.6729910714285714 0.013333333333333334 0.02901785714285714
2 0.29500000000000004 0.6584821428571428 0.030000000000000002 0.05357142857142857
2 0.5416666666666667 0.6674107142857143 0.023333333333333334 0.03571428571428571
