0 0.132 0.47808764940239046 0.12 0.5816733067729084
0 0.247 0.49800796812749004 0.106 0.5179282868525896
0 0.296 0.4681274900398406 0.116 0.5776892430278885
0 0.379 0.47011952191235057 0.11800000000000001 0.5737051792828685
0 0.449 0.4681274900398406 0.11 0.5378486055776892
0 0.521 0.4860557768924303 0.114 0.5577689243027888
0 0.611 0.4741035856573705 0.11800000000000001 0.5816733067729084
0 0.677 0.46613545816733065 0.126 0.6215139442231076
0 0.731 0.4820717131474104 0.122 0.5976095617529881
0 0.8150000000000001 0.4681274900398406 0.126 0.6175298804780877
0 0.895 0.49203187250996017 0.122 0.601593625498008
2 0.20800000000000002 0.599601593625498 0.112 0.41035856573705176
2 0.272 0.6274900398406374 0.092 0.36254980079681276
2 0.336 0.6075697211155379 0.096 0.3944223107569721
2 0.41600000000000004 0.601593625498008 0.084 0.40637450199203184
2 0.494 0.6055776892430279 0.096 0.4143426294820717
2 0.611 0.601593625498008 0.11800000000000001 0.42231075697211157
