0 0.08916666666666667 0.463254593175853 0.10500000000000001 0.4068241469816273
0 0.15416666666666667 0.400262467191601 0.058333333333333334 0.22834645669291337
0 0.26916666666666667 0.39763779527559057 0.07166666666666667 0.2755905511811024
0 0.33916666666666667 0.5643044619422573 0.15833333333333335 0.6089238845144357
0 0.39416666666666667 0.42913385826771655 0.08166666666666667 0.3123359580052493
0 0.43333333333333335 0.39370078740157477 0.06666666666666667 0.26246719160104987
0 0.4658333333333334 0.3438320209973753 0.04166666666666667 0.15748031496062992
0 0.6333333333333334 0.5551181102362205 0.22333333333333336 0.8582677165354331
0 0.7583333333333334 0.3963254593175853 0.06666666666666667 0.26246719160104987
0 0.8641666666666667 0.442257217847769 0.10500000000000001 0.4120734908136483
0 0.9741666666666667 0.3910761154855643 0.04833333333333334 0.27296587926509186
0 0.9583333333333334 0.5918635170603674 0.08 0.5748031496062992
0 0.7775000000000001 0.3438320209973753 0.045000000000000005 0.1784776902887139
0 0.7266666666666667 0.3648293963254593 0.05666666666666667 0.2204724409448819
0 0.5608333333333334 0.40288713910761154 0.07500000000000001 0.28608923884514437
0 0.8808333333333334 0.3858267716535433 0.06166666666666667 0.23622047244094488
2 0.6891666666666667 0.34908136482939633 0.07166666666666667 0.1994750656167979
2 0.5025000000000001 0.30577427821522307 0.04833333333333334 0.08661417322834646
2 0.36500000000000005 0.3136482939632546 0.023333333333333334 0.06561679790026247
