0 0.04888888888888889 0.6103678929765887 0.07555555555555556 0.27759197324414714
0 0.07222222222222222 0.6003344481605352 0.051111111111111114 0.19732441471571907
0 0.13555555555555557 0.6020066889632107 0.14222222222222222 0.5284280936454849
0 0.1711111111111111 0.5869565217391304 0.05333333333333333 0.19732441471571907
0 0.22 0.5819397993311036 0.08888888888888889 0.33444816053511706
0 0.28 0.5869565217391304 0.06666666666666667 0.24414715719063546
0 0.32666666666666666 0.5668896321070234 0.04888888888888889 0.18394648829431437
0 0.3488888888888889 0.5702341137123745 0.04888888888888889 0.17725752508361203
0 0.48333333333333334 0.6086956521739131 0.18888888888888888 0.6956521739130435
0 0.5611111111111111 0.5535117056856187 0.051111111111111114 0.19732441471571907
0 0.5933333333333334 0.5451505016722408 0.06666666666666667 0.24749163879598662
0 0.6922222222222222 0.5468227424749164 0.09111111111111111 0.3377926421404682
0 0.7111111111111111 0.5434782608695652 0.057777777777777775 0.21070234113712374
0 0.8377777777777777 0.5535117056856187 0.13333333333333333 0.4916387959866221
0 0.9366666666666666 0.5050167224080268 0.06444444444444444 0.24749163879598662
0 0.9755555555555555 0.5 0.044444444444444446 0.30434782608695654
0 0.4122222222222222 0.560200668896321 0.024444444444444446 0.0903010033444816
0 0.3933333333333333 0.5652173913043478 0.026666666666666665 0.10033444816053512
0 0.37777777777777777 0.5668896321070234 0.026666666666666665 0.09698996655518395
0 0.2388888888888889 0.5869565217391304 0.03333333333333333 0.12374581939799331
0 0.29333333333333333 0.5702341137123745 0.03111111111111111 0.11705685618729096
2 0.17777777777777778 0.5585284280936454 0.022222222222222223 0.06688963210702341
3 0.63 0.520066889632107 0.042222222222222223 0.11705685618729096
3 0.7455555555555555 0.5317725752508361 0.03333333333333333 0.10702341137123746
3 0.7644444444444445 0.5183946488294314 0.017777777777777778 0.06688963210702341
3 0.7788888888888889 0.5267558528428093 0.02 0.11705685618729096
3 0.9588888888888889 0.5016722408026756 0.024444444444444446 0.14046822742474915
3 0.8744444444444445 0.5050167224080268 0.051111111111111114 0.12709030100334448
