0 0.2898852971845673 0.6195312500000001 0.06047966631908238 0.2265625
0 0.35818561001042754 0.5554687500000001 0.021897810218978103 0.0859375
0 0.4640250260688217 0.58828125 0.035453597497393116 0.1328125
0 0.5359749739311783 0.603125 0.03128258602711158 0.115625
0 0.5198123044838373 0.54140625 0.01564129301355579 0.0578125
0 0.7935349322210636 0.6039062500000001 0.03336809176225235 0.1265625
0 0.7820646506777894 0.5921875 0.02085505735140772 0.078125
0 0.5020855057351408 0.53671875 0.013555787278415016 0.051562500000000004
0 0.7497393117831074 0.5476562500000001 0.01251303441084463 0.051562500000000004
0 0.7617309697601669 0.55 0.01564129301355579 0.05625
0 0.18873826903023982 0.55 0.016684045881126174 0.065625
0 0.16527632950990614 0.5515625000000001 0.01981230448383733 0.07500000000000001
0 0.13712200208550573 0.5398437500000001 0.017726798748696558 0.06406250000000001
0 0.12773722627737227 0.5476562500000001 0.017726798748696558 0.06406250000000001
0 0.1105318039624609 0.546875 0.018769551616266946 0.07187500000000001
0 0.07716371220020855 0.5320312500000001 0.01042752867570386 0.0421875
0 0.0662148070907195 0.5320312500000001 0.011470281543274244 0.0421875
0 0.06047966631908238 0.5453125 0.014598540145985401 0.05625
2 0.8326381647549531 0.58046875 0.01981230448383733 0.045312500000000006
2 0.9061522419186653 0.56484375 0.022940563086548488 0.0421875
4 0.03388946819603754 0.5265625 0.04275286757038582 0.034375
