0 0.9519392917369308 0.3692893401015228 0.042158516020236084 0.15989847715736039
0 0.8920741989881956 0.39340101522842635 0.06745362563237774 0.24873096446700504
0 0.8684654300168634 0.38832487309644664 0.06408094435075885 0.24365482233502536
0 0.6829679595278246 0.4035532994923858 0.02023608768971332 0.08121827411167512
0 0.6087689713322091 0.3959390862944162 0.03372681281618887 0.13197969543147206
0 0.49494097807757165 0.4098984771573604 0.042158516020236084 0.15989847715736039
0 0.4654300168634064 0.42005076142131975 0.03035413153456998 0.11421319796954314
0 0.5126475548060708 0.40862944162436543 0.03372681281618887 0.13197969543147206
0 0.5345699831365935 0.4048223350253807 0.03372681281618887 0.12944162436548223
0 0.5649241146711635 0.3959390862944162 0.03709949409780776 0.14213197969543145
0 0.5531197301854974 0.39974619289340096 0.03372681281618887 0.12436548223350252
0 0.21079258010118043 0.4479695431472081 0.050590219224283306 0.19035532994923857
0 0.14080944350758853 0.516497461928934 0.1163575042158516 0.4289340101522842
0 0.25379426644182124 0.4974619289340101 0.10961214165261382 0.40609137055837563
0 0.3456998313659359 0.5786802030456852 0.1989881956155143 0.7360406091370558
0 0.7984822934232715 0.39213197969543145 0.011804384485666104 0.04314720812182741
2 0.5446880269814502 0.3629441624365482 0.013490725126475547 0.03045685279187817
2 0.7782462057335582 0.47969543147208116 0.08600337268128161 0.12690355329949238
2 0.8338954468802697 0.4619289340101522 0.05227655986509275 0.11675126903553298
2 0.8608768971332209 0.4644670050761421 0.028667790893760536 0.11167512690355329
2 0.5269814502529511 0.5406091370558376 0.09612141652613827 0.14720812182741116
2 0.4384485666104553 0.5406091370558376 0.11129848229342326 0.16751269035532992
2 0.24620573355817874 0.41878172588832485 0.05733558178752107 0.15736040609137056
2 0.5632377740303541 0.765228426395939 0.23946037099494097 0.3477157360406091
2 0.021079258010118042 0.5050761421319797 0.042158516020236084 0.13705583756345177
2 0.03204047217537943 0.5063451776649746 0.047217537942664416 0.13959390862944163
2 0.18549747048903878 0.48477157360406087 0.05396290050590219 0.10659898477157359
2 0.6677908937605396 0.40736040609137053 0.03035413153456998 0.048223350253807105
2 0.9460370994940978 0.4098984771573604 0.023608768971332208 0.08375634517766496
2 0.9629005059021922 0.4225888324873096 0.03372681281618887 0.08375634517766496
4 0.4123102866779089 0.41878172588832485 0.09612141652613827 0.12182741116751268
4 0.6298482293423271 0.41370558375634514 0.021922428330522763 0.04568527918781726
4 0.751264755480607 0.4022842639593908 0.06913996627318718 0.048223350253807105
