0 0.1904761904761905 0.4685430463576159 0.20476190476190478 0.7052980132450332
0 0.330952380952381 0.44867549668874174 0.20952380952380956 0.7185430463576159
0 0.4357142857142858 0.46688741721854304 0.20476190476190478 0.695364238410596
0 0.5583333333333333 0.4619205298013245 0.20714285714285716 0.7119205298013245
0 0.6404761904761905 0.5033112582781457 0.18095238095238098 0.6225165562913907
0 0.7190476190476192 0.47516556291390727 0.18571428571428572 0.6390728476821192
0 0.9130952380952382 0.6225165562913907 0.08333333333333334 0.2847682119205298
0 0.8392857142857144 0.6192052980132451 0.09761904761904763 0.33112582781456956
0 0.8583333333333334 0.6158940397350994 0.0880952380952381 0.304635761589404
0 0.7809523809523811 0.6142384105960265 0.09047619047619049 0.3079470198675497
0 0.014285714285714287 0.6721854304635762 0.028571428571428574 0.11920529801324503
0 0.05238095238095239 0.6854304635761589 0.03333333333333334 0.11920529801324503
0 0.1761904761904762 0.695364238410596 0.03333333333333334 0.11920529801324503
0 0.2821428571428572 0.6920529801324503 0.030952380952380953 0.11258278145695365
0 0.29642857142857143 0.6970198675496688 0.030952380952380953 0.11589403973509933
0 0.32023809523809527 0.6903973509933775 0.030952380952380953 0.11589403973509933
0 0.41190476190476194 0.6920529801324503 0.03333333333333334 0.12582781456953643
0 0.9750000000000001 0.6506622516556292 0.045238095238095244 0.22185430463576158
0 0.14880952380952384 0.6986754966887417 0.026190476190476195 0.09271523178807947
