0 0.8573692551505547 0.609 0.18066561014263074 0.558
0 0.4342313787638669 0.5720000000000001 0.0919175911251981 0.28800000000000003
0 0.25752773375594296 0.58 0.11251980982567354 0.34800000000000003
0 0.748811410459588 0.537 0.07131537242472266 0.222
0 0.6537242472266245 0.495 0.039619651347068144 0.126
0 0.9801901743264659 0.486 0.0364500792393027 0.12
0 0.9659270998415215 0.48 0.04595879556259905 0.14
0 0.09270998415213946 0.517 0.030110935023771792 0.098
0 0.07606973058637084 0.511 0.03486529318541997 0.106
0 0.11489698890649763 0.516 0.030110935023771792 0.1
0 0.13787638668779714 0.504 0.028526148969889066 0.088
0 0.15372424722662442 0.502 0.028526148969889066 0.088
0 0.1774960380348653 0.5 0.028526148969889066 0.088
0 0.0427892234548336 0.508 0.022187004754358162 0.07200000000000001
0 0.029318541996830427 0.506 0.02377179080824089 0.08
2 0.9112519809825674 0.502 0.03169572107765452 0.112
4 0.9152139461172742 0.438 0.09667194928684628 0.08
4 0.3692551505546751 0.484 0.09508716323296355 0.084
4 0.5475435816164818 0.47600000000000003 0.1949286846275753 0.07200000000000001
4 0.7004754358161649 0.47300000000000003 0.06973058637083994 0.098
4 0.2876386687797147 0.485 0.030110935023771792 0.07
