0 0.5625 0.279874213836478 0.05555555555555556 0.20754716981132076
0 0.02013888888888889 0.6761006289308177 0.04027777777777778 0.2159329140461216
0 0.05555555555555556 0.6656184486373166 0.05555555555555556 0.21174004192872117
0 0.10972222222222222 0.7725366876310273 0.06666666666666667 0.24947589098532497
0 0.09375 0.6656184486373166 0.05416666666666667 0.19916142557651992
0 0.034722222222222224 0.5450733752620546 0.030555555555555558 0.11320754716981132
0 0.06458333333333334 0.5366876310272537 0.03194444444444445 0.11740041928721175
0 0.20069444444444445 0.8029350104821803 0.07083333333333333 0.26834381551362685
0 0.2777777777777778 0.7285115303983228 0.05555555555555556 0.20754716981132076
0 0.30972222222222223 0.7714884696016772 0.07222222222222223 0.2725366876310273
0 0.40347222222222223 0.850104821802935 0.07916666666666666 0.29140461215932917
0 0.45416666666666666 0.8280922431865828 0.08333333333333334 0.3144654088050315
0 0.5423611111111112 0.8270440251572327 0.06805555555555556 0.2536687631027254
0 0.5840277777777778 0.629979035639413 0.06805555555555556 0.24947589098532497
0 0.6152777777777778 0.5387840670859539 0.04722222222222222 0.17610062893081763
0 0.6756944444444445 0.7924528301886793 0.05694444444444444 0.2138364779874214
0 0.7465277777777778 0.7861635220125787 0.07361111111111111 0.2725366876310273
0 0.8055555555555556 0.8081761006289309 0.0638888888888889 0.24109014675052412
0 0.7930555555555556 0.709643605870021 0.05555555555555556 0.20754716981132076
0 0.8361111111111111 0.7201257861635221 0.044444444444444446 0.169811320754717
0 0.8881944444444445 0.6855345911949686 0.04861111111111111 0.18029350104821804
0 0.9208333333333334 0.6645702306079665 0.05277777777777778 0.1928721174004193
0 0.9340277777777778 0.6949685534591196 0.03194444444444445 0.12368972746331237
0 0.9673611111111111 0.6656184486373166 0.043055555555555555 0.16561844863731656
0 0.5798611111111112 0.5272536687631028 0.051388888888888894 0.1907756813417191
0 0.4798611111111111 0.5209643605870021 0.051388888888888894 0.1949685534591195
0 0.4604166666666667 0.5335429769392034 0.04861111111111111 0.17819706498951782
0 0.4236111111111111 0.59958071278826 0.05 0.18448637316561844
0 0.3854166666666667 0.6876310272536688 0.0375 0.13836477987421383
0 0.7048611111111112 0.6519916142557652 0.03194444444444445 0.11740041928721175
0 0.7215277777777778 0.6331236897274634 0.034722222222222224 0.12578616352201258
0 0.68125 0.6215932914046122 0.034722222222222224 0.1320754716981132
0 0.5090277777777777 0.5125786163522013 0.04583333333333334 0.169811320754717
2 0.5131944444444445 0.3008385744234801 0.051388888888888894 0.16142557651991615
2 0.011805555555555555 0.5262054507337527 0.020833333333333336 0.10062893081761007
2 0.03888888888888889 0.4675052410901468 0.025 0.050314465408805034
2 0.009722222222222222 0.4643605870020965 0.01388888888888889 0.052410901467505246
2 0.2013888888888889 0.6163522012578617 0.03333333333333333 0.06708595387840671
2 0.22291666666666668 0.6205450733752621 0.04027777777777778 0.08385744234800839
2 0.24861111111111112 0.5974842767295597 0.025 0.04612159329140461
2 0.2798611111111111 0.5859538784067087 0.029166666666666667 0.04821802935010482
2 0.3354166666666667 0.6949685534591196 0.043055555555555555 0.1488469601677149
2 0.982638888888889 0.70020964360587 0.029166666666666667 0.06708595387840671
2 0.9881944444444445 0.6530398322851153 0.020833333333333336 0.052410901467505246
