0 0.03263888888888889 0.7944444444444445 0.06527777777777778 0.3888888888888889
0 0.1625 0.8046296296296297 0.11388888888888889 0.37592592592592594
0 0.4548611111111111 0.787962962962963 0.12361111111111112 0.40185185185185185
0 0.7277777777777779 0.8064814814814815 0.10833333333333334 0.3574074074074074
0 0.052083333333333336 0.6435185185185185 0.0375 0.12407407407407407
0 0.09861111111111112 0.6342592592592593 0.036111111111111115 0.12037037037037038
0 0.07430555555555556 0.6175925925925926 0.034722222222222224 0.11666666666666667
0 0.1076388888888889 0.6222222222222222 0.034722222222222224 0.11111111111111112
0 0.025 0.6222222222222222 0.03333333333333333 0.10740740740740741
0 0.21180555555555555 0.6407407407407407 0.04027777777777778 0.12962962962962962
0 0.25972222222222224 0.6416666666666667 0.030555555555555558 0.10185185185185186
0 0.3027777777777778 0.6287037037037038 0.03333333333333333 0.11296296296296297
0 0.32083333333333336 0.6435185185185185 0.03333333333333333 0.10925925925925926
0 0.3576388888888889 0.638888888888889 0.034722222222222224 0.11111111111111112
0 0.5076388888888889 0.6370370370370371 0.02638888888888889 0.0925925925925926
0 0.22777777777777777 0.6148148148148148 0.030555555555555558 0.10370370370370371
0 0.5750000000000001 0.6342592592592593 0.030555555555555558 0.10555555555555556
0 0.6159722222222223 0.637962962962963 0.02638888888888889 0.09074074074074075
0 0.6680555555555556 0.6398148148148148 0.030555555555555558 0.10185185185185186
0 0.7569444444444444 0.6361111111111112 0.030555555555555558 0.09814814814814815
0 0.795138888888889 0.6351851851851852 0.03194444444444445 0.10370370370370371
0 0.8347222222222223 0.6342592592592593 0.02777777777777778 0.09444444444444444
0 0.8958333333333334 0.6324074074074074 0.02777777777777778 0.09074074074074075
0 0.9479166666666667 0.638888888888889 0.029166666666666667 0.0962962962962963
0 0.9840277777777778 0.638888888888889 0.02638888888888889 0.0925925925925926
0 0.8131944444444444 0.6240740740740741 0.02361111111111111 0.07777777777777778
0 0.8701388888888889 0.6148148148148148 0.018055555555555557 0.05925925925925926
2 0.14305555555555557 0.6 0.02777777777777778 0.05925925925925926
2 0.17222222222222222 0.5925925925925926 0.03333333333333333 0.06296296296296297
2 0.7152777777777778 0.6064814814814815 0.036111111111111115 0.05740740740740741
3 0.05486111111111111 0.7935185185185185 0.05694444444444444 0.1388888888888889
3 0.09236111111111112 0.7759259259259259 0.043055555555555555 0.12222222222222223
3 0.21180555555555555 0.762962962962963 0.043055555555555555 0.10370370370370371
3 0.2569444444444445 0.7685185185185186 0.03888888888888889 0.12222222222222223
3 0.3479166666666667 0.7583333333333334 0.03194444444444445 0.11296296296296297
3 0.5090277777777777 0.7555555555555555 0.04861111111111111 0.12592592592592594
3 0.5756944444444445 0.7518518518518519 0.03194444444444445 0.11481481481481481
3 0.6215277777777778 0.7527777777777778 0.029166666666666667 0.11296296296296297
3 0.6597222222222222 0.75 0.05 0.11851851851851852
3 0.7611111111111112 0.7481481481481482 0.025 0.0962962962962963
3 0.7965277777777778 0.7564814814814815 0.051388888888888894 0.12037037037037038
3 0.8340277777777778 0.7518518518518519 0.034722222222222224 0.12592592592592594
3 0.8923611111111112 0.7453703703703703 0.0375 0.1277777777777778
4 0.9159722222222223 0.6027777777777777 0.034722222222222224 0.05
4 0.9708333333333333 0.5972222222222222 0.025 0.05
