0 0.154375 0.5621468926553672 0.09125 0.3408662900188324
0 0.19187500000000002 0.571563088512241 0.09875 0.36346516007532953
0 0.2275 0.5903954802259886 0.1075 0.3935969868173258
0 0.268125 0.5725047080979284 0.09125 0.3389830508474576
0 0.305 0.5809792843691148 0.105 0.3860640301318267
0 0.34625 0.5583804143126176 0.065 0.24293785310734461
0 0.3875 0.5612052730696798 0.0775 0.2900188323917137
0 0.434375 0.576271186440678 0.08875 0.33145009416195853
0 0.405625 0.5894538606403013 0.11375 0.42184557438794723
0 0.47250000000000003 0.5847457627118644 0.0975 0.36346516007532953
0 0.499375 0.564030131826742 0.08375 0.3069679849340866
0 0.533125 0.5903954802259886 0.09125 0.3408662900188324
0 0.561875 0.571563088512241 0.07625 0.2806026365348399
0 0.58625 0.5856873822975518 0.08750000000000001 0.32015065913371
0 0.6375000000000001 0.5856873822975518 0.08750000000000001 0.327683615819209
0 0.6793750000000001 0.5856873822975518 0.07875 0.2900188323917137
0 0.7156250000000001 0.5687382297551788 0.08125 0.2975517890772128
0 0.755625 0.5725047080979284 0.07375 0.2711864406779661
0 0.775625 0.571563088512241 0.06375 0.2391713747645951
0 0.803125 0.5216572504708098 0.04125 0.1581920903954802
0 0.941875 0.6139359698681732 0.11375 0.4406779661016949
0 0.9575 0.6713747645951036 0.0825 0.559322033898305
0 0.60875 0.551789077212806 0.0725 0.2674199623352166
2 0.686875 0.4369114877589454 0.02625 0.07156308851224105
2 0.72875 0.43220338983050843 0.0175 0.06214689265536723
