0 0.023 0.5901639344262295 0.046 0.2540983606557377
0 0.046 0.6106557377049181 0.056 0.27868852459016397
0 0.082 0.6270491803278689 0.068 0.33606557377049184
0 0.11800000000000001 0.5655737704918034 0.048 0.2377049180327869
0 0.158 0.6331967213114754 0.08 0.4057377049180328
0 0.195 0.5881147540983607 0.05 0.2581967213114754
0 0.216 0.5348360655737705 0.032 0.1598360655737705
0 0.242 0.5963114754098361 0.06 0.29918032786885246
0 0.276 0.5532786885245902 0.044 0.2213114754098361
0 0.298 0.5389344262295083 0.032 0.16803278688524592
0 0.33 0.5983606557377049 0.068 0.3524590163934426
0 0.36 0.5655737704918034 0.052000000000000005 0.27049180327868855
0 0.382 0.5368852459016393 0.028 0.14754098360655737
0 0.40700000000000003 0.5614754098360656 0.038 0.20491803278688525
0 0.424 0.5409836065573771 0.028 0.14754098360655737
0 0.467 0.5778688524590164 0.062 0.3114754098360656
0 0.443 0.5307377049180328 0.026000000000000002 0.13524590163934427
0 0.492 0.5245901639344263 0.024 0.12295081967213116
0 0.521 0.5450819672131147 0.042 0.21311475409836067
0 0.5740000000000001 0.5635245901639344 0.052000000000000005 0.27459016393442626
0 0.595 0.5266393442622951 0.026000000000000002 0.13524590163934427
0 0.611 0.5307377049180328 0.034 0.16803278688524592
0 0.654 0.5532786885245902 0.04 0.21311475409836067
0 0.673 0.5266393442622951 0.03 0.1598360655737705
0 0.6990000000000001 0.5081967213114754 0.022 0.12295081967213116
0 0.724 0.5614754098360656 0.04 0.21311475409836067
0 0.75 0.5102459016393442 0.02 0.10245901639344263
0 0.771 0.5327868852459017 0.034 0.1721311475409836
0 0.797 0.5225409836065574 0.026000000000000002 0.12704918032786885
0 0.812 0.5430327868852459 0.032 0.16803278688524592
0 0.837 0.5225409836065574 0.026000000000000002 0.13524590163934427
0 0.85 0.5184426229508197 0.024 0.13524590163934427
0 0.872 0.5204918032786886 0.028 0.14754098360655737
0 0.898 0.5184426229508197 0.024 0.13524590163934427
0 0.92 0.5266393442622951 0.024 0.13524590163934427
0 0.935 0.5102459016393442 0.026000000000000002 0.13524590163934427
0 0.9590000000000001 0.5061475409836066 0.026000000000000002 0.12704918032786885
0 0.972 0.5204918032786886 0.02 0.09836065573770492
4 0.542 0.5225409836065574 0.04 0.13524590163934427
