0 0.81640625 0.4416666666666667 0.06406250000000001 0.2777777777777778
0 0.7578125 0.4361111111111111 0.0625 0.27222222222222225
0 0.72578125 0.4527777777777778 0.060937500000000006 0.26666666666666666
0 0.68359375 0.44027777777777777 0.0578125 0.25833333333333336
0 0.6453125000000001 0.45555555555555555 0.065625 0.29444444444444445
0 0.6078125000000001 0.44722222222222224 0.07187500000000001 0.31666666666666665
0 0.5476562500000001 0.45972222222222225 0.0703125 0.30833333333333335
0 0.49843750000000003 0.46111111111111114 0.06875 0.3
0 0.45546875000000003 0.48055555555555557 0.0671875 0.3
0 0.40703125 0.4791666666666667 0.0703125 0.30833333333333335
0 0.36171875000000003 0.47361111111111115 0.0765625 0.33611111111111114
0 0.3171875 0.4916666666666667 0.07187500000000001 0.32222222222222224
0 0.27734375 0.47500000000000003 0.07968750000000001 0.35000000000000003
0 0.23046875 0.4847222222222222 0.07968750000000001 0.3527777777777778
0 0.18984375 0.4763888888888889 0.09531250000000001 0.4138888888888889
0 0.1453125 0.49444444444444446 0.09375 0.40555555555555556
0 0.078125 0.48750000000000004 0.08750000000000001 0.3861111111111111
0 0.029687500000000002 0.5027777777777778 0.059375000000000004 0.41111111111111115
2 0.33125000000000004 0.3180555555555556 0.03125 0.08611111111111111
2 0.2390625 0.3138888888888889 0.021875000000000002 0.07222222222222223
2 0.56640625 0.33611111111111114 0.0328125 0.08888888888888889
2 0.58203125 0.3138888888888889 0.026562500000000003 0.061111111111111116
2 0.4765625 0.3375 0.043750000000000004 0.09166666666666667
