0 0.045 0.6887019230769231 0.06142857142857143 0.2572115384615385
0 0.02142857142857143 0.670673076923077 0.04285714285714286 0.21634615384615385
0 0.08 0.6947115384615385 0.05714285714285714 0.2403846153846154
0 0.11928571428571429 0.6911057692307693 0.05857142857142857 0.24278846153846156
0 0.1492857142857143 0.686298076923077 0.05857142857142857 0.24278846153846156
0 0.18428571428571427 0.6995192307692308 0.054285714285714284 0.23076923076923078
0 0.21214285714285713 0.701923076923077 0.055714285714285716 0.2355769230769231
0 0.24214285714285713 0.703125 0.05285714285714286 0.21875
0 0.26142857142857145 0.6983173076923077 0.05714285714285714 0.23798076923076925
0 0.29285714285714287 0.6995192307692308 0.06 0.25
0 0.32571428571428573 0.6983173076923077 0.05714285714285714 0.23317307692307693
0 0.3607142857142857 0.7079326923076924 0.055714285714285716 0.22836538461538464
0 0.38285714285714284 0.7067307692307693 0.05142857142857143 0.21153846153846156
0 0.4114285714285714 0.7127403846153847 0.054285714285714284 0.22355769230769232
0 0.445 0.7043269230769231 0.05285714285714286 0.21634615384615385
0 0.4785714285714286 0.7079326923076924 0.054285714285714284 0.22355769230769232
0 0.5064285714285715 0.7091346153846154 0.05285714285714286 0.22115384615384617
0 0.5392857142857143 0.6959134615384616 0.06428571428571428 0.2668269230769231
0 0.5692857142857143 0.7211538461538461 0.047142857142857146 0.19711538461538464
0 0.5978571428571429 0.7223557692307693 0.05 0.2139423076923077
0 0.6257142857142857 0.7211538461538461 0.05142857142857143 0.21634615384615385
0 0.6471428571428571 0.717548076923077 0.05142857142857143 0.2139423076923077
0 0.6792857142857143 0.7283653846153847 0.05285714285714286 0.21634615384615385
0 0.7071428571428572 0.7247596153846154 0.04857142857142857 0.19951923076923078
0 0.7385714285714285 0.7223557692307693 0.05142857142857143 0.2091346153846154
0 0.7621428571428571 0.7223557692307693 0.05 0.2043269230769231
0 0.7971428571428572 0.7271634615384616 0.045714285714285714 0.19471153846153846
0 0.8314285714285714 0.7247596153846154 0.05142857142857143 0.21875
0 0.8585714285714285 0.7223557692307693 0.05142857142857143 0.2091346153846154
0 0.9678571428571429 0.6670673076923077 0.06142857142857143 0.3581730769230769
0 0.9014285714285715 0.6983173076923077 0.05714285714285714 0.23798076923076925
0 0.925 0.6875 0.06142857142857143 0.25961538461538464
0 0.9592857142857143 0.7007211538461539 0.06428571428571428 0.2668269230769231
0 0.8121428571428572 0.5252403846153847 0.024285714285714285 0.10336538461538462
0 0.8328571428571429 0.5240384615384616 0.02857142857142857 0.11538461538461539
0 0.8464285714285714 0.53125 0.027142857142857142 0.11057692307692309
0 0.855 0.5288461538461539 0.02142857142857143 0.09615384615384616
2 0.09 0.5504807692307693 0.037142857142857144 0.08173076923076923
2 0.12857142857142856 0.5649038461538461 0.025714285714285714 0.06730769230769232
2 0.1957142857142857 0.5889423076923077 0.022857142857142857 0.0625
2 0.23 0.5793269230769231 0.02 0.057692307692307696
4 0.8857142857142857 0.5528846153846154 0.07428571428571429 0.09134615384615385
