0 0.12117647058823529 0.7107583774250441 0.0776470588235294 0.2857142857142857
0 0.21352941176470586 0.6887125220458553 0.07647058823529411 0.2839506172839506
0 0.2858823529411764 0.6834215167548501 0.08941176470588234 0.3298059964726631
0 0.3776470588235294 0.6825396825396826 0.08941176470588234 0.328042328042328
0 0.4376470588235294 0.6834215167548501 0.07529411764705882 0.2804232804232804
0 0.46882352941176464 0.6887125220458553 0.07411764705882352 0.2768959435626102
0 0.528235294117647 0.6754850088183422 0.07058823529411765 0.25749559082892415
0 0.5205882352941176 0.6322751322751322 0.06470588235294117 0.23809523809523808
0 0.6252941176470588 0.6860670194003526 0.08352941176470588 0.30687830687830686
0 0.6870588235294117 0.6710758377425043 0.07999999999999999 0.291005291005291
0 0.7811764705882352 0.6746031746031745 0.07294117647058823 0.26631393298059963
0 0.8617647058823529 0.6666666666666666 0.07411764705882352 0.2751322751322751
2 0.4729411764705882 0.5440917107583774 0.03294117647058823 0.06172839506172839
