0 0.9078125 0.60078125 0.18229166666666666 0.7203125
0 0.16458333333333333 0.4546875 0.11041666666666666 0.40625
0 0.06979166666666667 0.4109375 0.06666666666666667 0.246875
0 0.036458333333333336 0.40078125000000003 0.06458333333333333 0.2421875
0 0.022916666666666665 0.384375 0.04583333333333333 0.25
0 0.1 0.39609375 0.058333333333333334 0.2171875
0 0.24427083333333333 0.36484375 0.06145833333333333 0.2234375
0 0.28854166666666664 0.36562500000000003 0.04375 0.1625
0 0.2677083333333333 0.35625 0.03958333333333333 0.15000000000000002
0 0.365625 0.37031250000000004 0.04791666666666666 0.18125000000000002
0 0.3989583333333333 0.35703125 0.04583333333333333 0.16718750000000002
0 0.32708333333333334 0.325 0.014583333333333334 0.059375000000000004
0 0.3411458333333333 0.32343750000000004 0.011458333333333333 0.040625
0 0.45729166666666665 0.36328125 0.03958333333333333 0.1453125
0 0.5015625 0.37578125 0.051041666666666666 0.1921875
0 0.7635416666666667 0.35703125 0.035416666666666666 0.1296875
0 0.8166666666666667 0.34296875000000004 0.022916666666666665 0.08281250000000001
0 0.8390624999999999 0.33437500000000003 0.013541666666666667 0.05
0 0.8536458333333333 0.33828125000000003 0.015625 0.0578125
0 0.978125 0.35468750000000004 0.022916666666666665 0.084375
0 0.596875 0.3359375 0.016666666666666666 0.065625
0 0.6296875 0.328125 0.015625 0.05625
0 0.6375 0.3296875 0.014583333333333334 0.059375000000000004
0 0.6505208333333333 0.31640625 0.013541666666666667 0.0484375
0 0.6817708333333333 0.33046875000000003 0.013541666666666667 0.0484375
0 0.70625 0.33125000000000004 0.014583333333333334 0.059375000000000004
0 0.71875 0.33359375 0.014583333333333334 0.0578125
0 0.7317708333333334 0.33359375 0.015625 0.060937500000000006
0 0.7520833333333333 0.3296875 0.014583333333333334 0.053125000000000006
0 0.7854166666666667 0.3359375 0.01875 0.06875
0 0.6208333333333333 0.328125 0.014583333333333334 0.053125000000000006
0 0.60625 0.32890625 0.0125 0.0484375
0 0.5640625 0.32890625 0.013541666666666667 0.0546875
0 0.5765625 0.32109375 0.013541666666666667 0.0546875
0 0.5536458333333333 0.32265625000000003 0.013541666666666667 0.0484375
0 0.5458333333333333 0.328125 0.0125 0.05
0 0.5348958333333333 0.321875 0.011458333333333333 0.046875
0 0.5161458333333333 0.3296875 0.011458333333333333 0.046875
0 0.4869791666666667 0.32109375 0.009375 0.0328125
2 0.13229166666666667 0.29609375 0.0375 0.0890625
