0 0.17500000000000002 0.10303687635574837 0.016666666666666666 0.06724511930585683
0 0.34375 0.9273318872017354 0.02361111111111111 0.09327548806941433
0 0.35555555555555557 0.7223427331887202 0.02777777777777778 0.11279826464208244
0 0.31319444444444444 0.6507592190889371 0.02638888888888889 0.10845986984815618
0 0.25625000000000003 0.6420824295010846 0.020833333333333336 0.08676789587852494
0 0.22222222222222224 0.6399132321041215 0.019444444444444445 0.0824295010845987
0 0.28402777777777777 0.517353579175705 0.029166666666666667 0.11062906724511931
0 0.3340277777777778 0.5119305856832972 0.02638888888888889 0.10845986984815618
0 0.20069444444444445 0.5477223427331888 0.020833333333333336 0.08459869848156182
0 0.19791666666666669 0.5954446854663774 0.020833333333333336 0.08459869848156182
0 0.17430555555555557 0.5303687635574837 0.02638888888888889 0.10195227765726682
0 0.20486111111111113 0.5130151843817787 0.020833333333333336 0.08459869848156182
0 0.23819444444444446 0.4848156182212581 0.015277777777777779 0.06290672451193059
0 0.33611111111111114 0.472885032537961 0.025 0.09978308026030369
0 0.4201388888888889 0.6149674620390456 0.029166666666666667 0.11062906724511931
0 0.44236111111111115 0.6084598698481563 0.02638888888888889 0.10629067245119306
0 0.44722222222222224 0.5466377440347072 0.022222222222222223 0.0911062906724512
0 0.4548611111111111 0.4848156182212581 0.020833333333333336 0.08026030368763558
0 0.48680555555555555 0.4880694143167028 0.02638888888888889 0.09978308026030369
0 0.43819444444444444 0.4240780911062907 0.018055555555555557 0.06724511930585683
0 0.5263888888888889 0.4002169197396963 0.019444444444444445 0.08026030368763558
0 0.5090277777777777 0.3969631236442516 0.020833333333333336 0.0824295010845987
0 0.5458333333333334 0.32646420824295014 0.022222222222222223 0.08893709327548807
0 0.45 0.25488069414316705 0.025 0.09327548806941433
0 0.4236111111111111 0.25162689804772237 0.019444444444444445 0.07809110629067245
0 0.33194444444444443 0.26247288503253796 0.019444444444444445 0.07809110629067245
0 0.5395833333333333 0.5770065075921909 0.02638888888888889 0.09978308026030369
0 0.5236111111111111 0.53470715835141 0.025 0.09761388286334056
0 0.5638888888888889 0.7895878524945771 0.022222222222222223 0.0911062906724512
0 0.6805555555555556 0.8763557483731019 0.02777777777777778 0.11279826464208244
0 0.6472222222222223 0.5878524945770065 0.030555555555555558 0.12147505422993493
0 0.7111111111111111 0.588937093275488 0.030555555555555558 0.1193058568329718
0 0.7458333333333333 0.56941431670282 0.03333333333333333 0.1279826464208243
0 0.7666666666666667 0.579175704989154 0.030555555555555558 0.12147505422993493
0 0.8479166666666667 0.727765726681128 0.029166666666666667 0.11496746203904555
0 0.8326388888888889 0.9338394793926248 0.02361111111111111 0.09761388286334056
0 0.9125000000000001 0.8904555314533623 0.02777777777777778 0.10629067245119306
0 0.9833333333333334 0.6160520607375272 0.022222222222222223 0.08676789587852494
0 0.9583333333333334 0.3839479392624729 0.025 0.09978308026030369
0 0.9437500000000001 0.3383947939262473 0.018055555555555557 0.06941431670281996
2 0.3298611111111111 0.2885032537960954 0.02361111111111111 0.05639913232104122
2 0.3527777777777778 0.29718004338394793 0.022222222222222223 0.05639913232104122
2 0.3770833333333333 0.2928416485900217 0.02361111111111111 0.0650759219088937
2 0.39513888888888893 0.2885032537960954 0.02638888888888889 0.05639913232104122
2 0.851388888888889 0.9652928416485901 0.04722222222222222 0.05206073752711497
2 0.7958333333333334 0.9674620390455532 0.03333333333333333 0.04338394793926247
4 0.8180555555555555 0.1420824295010846 0.08333333333333334 0.10195227765726682
