0 0.06666666666666667 0.5130718954248367 0.0782608695652174 0.289760348583878
0 0.20072463768115942 0.5087145969498911 0.07101449275362319 0.2679738562091504
0 0.27753623188405796 0.5065359477124184 0.06521739130434782 0.23747276688453162
0 0.3869565217391304 0.4956427015250545 0.06666666666666667 0.2505446623093682
0 0.4282608695652174 0.47385620915032683 0.059420289855072465 0.224400871459695
0 0.5666666666666667 0.4923747276688454 0.0463768115942029 0.17429193899782136
0 0.6086956521739131 0.5 0.052173913043478265 0.19389978213507628
0 0.6347826086956522 0.47276688453159044 0.052173913043478265 0.1917211328976035
0 0.6971014492753623 0.44880174291939 0.04927536231884058 0.18736383442265797
0 0.7463768115942029 0.43464052287581706 0.03768115942028986 0.14161220043572986
0 0.8195652173913044 0.46623093681917216 0.036231884057971016 0.13507625272331156
0 0.8007246376811594 0.4302832244008715 0.03333333333333333 0.12418300653594773
0 0.8391304347826087 0.40849673202614384 0.034782608695652174 0.12854030501089325
