0 0.8847695390781563 0.5597014925373134 0.0501002004008016 0.23880597014925373
0 0.9388777555110219 0.7742537313432836 0.09418837675350701 0.4291044776119403
0 0.8557114228456913 0.789179104477612 0.08016032064128256 0.376865671641791
0 0.8036072144288576 0.789179104477612 0.08416833667334668 0.39179104477611937
0 0.7885771543086172 0.5317164179104478 0.07014028056112225 0.3171641791044776
0 0.8537074148296593 0.5522388059701493 0.04008016032064128 0.18656716417910446
0 0.8266533066132263 0.5578358208955224 0.04208416833667334 0.19029850746268656
0 0.7715430861723446 0.5541044776119403 0.052104208416833664 0.24253731343283583
0 0.7354709418837675 0.5671641791044776 0.044088176352705406 0.20149253731343283
0 0.7014028056112224 0.5597014925373134 0.044088176352705406 0.20149253731343283
0 0.6593186372745491 0.5578358208955224 0.04809619238476953 0.22761194029850745
0 0.6112224448897795 0.5541044776119403 0.05611222444889779 0.2574626865671642
0 0.628256513026052 0.5634328358208955 0.038076152304609215 0.17164179104477612
0 0.5771543086172344 0.7723880597014925 0.08016032064128256 0.3731343283582089
0 0.45290581162324645 0.7705223880597015 0.08817635270541081 0.39925373134328357
0 0.46492985971943884 0.5578358208955224 0.052104208416833664 0.25
0 0.5190380761523046 0.5559701492537313 0.044088176352705406 0.20149253731343283
0 0.5661322645290581 0.5522388059701493 0.038076152304609215 0.1791044776119403
0 0.35871743486973945 0.7761194029850746 0.08416833667334668 0.3880597014925373
0 0.24549098196392782 0.7649253731343283 0.08216432865731463 0.3731343283582089
0 0.18637274549098196 0.7481343283582089 0.0721442885771543 0.332089552238806
0 0.1653306613226453 0.7555970149253731 0.07414829659318636 0.33955223880597013
0 0.0971943887775551 0.7444029850746269 0.07014028056112225 0.3171641791044776
0 0.03206412825651302 0.7761194029850746 0.06412825651302605 0.34328358208955223
0 0.011022044088176352 0.5671641791044776 0.022044088176352703 0.14925373134328357
0 0.014028056112224447 0.5727611940298507 0.028056112224448895 0.16044776119402984
0 0.07114228456913826 0.5652985074626865 0.04208416833667334 0.19029850746268656
0 0.0781563126252505 0.5727611940298507 0.03607214428857715 0.17537313432835822
0 0.13026052104208416 0.5783582089552238 0.03206412825651302 0.15671641791044777
0 0.14829659318637273 0.5466417910447761 0.04008016032064128 0.1828358208955224
0 0.17334669338677353 0.5223880597014925 0.04609218436873747 0.21641791044776118
0 0.20140280561122242 0.5690298507462687 0.03006012024048096 0.1455223880597015
0 0.2224448897795591 0.5559701492537313 0.03607214428857715 0.17164179104477612
0 0.251503006012024 0.5466417910447761 0.058116232464929855 0.26492537313432835
0 0.2725450901803607 0.5690298507462687 0.03607214428857715 0.16044776119402984
0 0.2885771543086172 0.5690298507462687 0.03607214428857715 0.16044776119402984
0 0.32064128256513025 0.5634328358208955 0.044088176352705406 0.20149253731343283
0 0.34368737474949895 0.5447761194029851 0.0501002004008016 0.23134328358208955
0 0.38476953907815625 0.5671641791044776 0.04008016032064128 0.18656716417910446
0 0.4188376753507014 0.5615671641791045 0.044088176352705406 0.19776119402985073
