0 0.7100000000000001 0.6074168797953965 0.14666666666666667 0.5498721227621484
0 0.7833333333333334 0.5319693094629157 0.09000000000000001 0.3375959079283888
0 0.023333333333333334 0.5460358056265985 0.04666666666666667 0.27877237851662406
0 0.018333333333333333 0.5191815856777494 0.03666666666666667 0.1687979539641944
0 0.10250000000000001 0.5166240409207161 0.04833333333333334 0.1790281329923274
0 0.12083333333333333 0.5294117647058824 0.03833333333333334 0.14322250639386191
0 0.16166666666666668 0.5089514066496164 0.04666666666666667 0.1790281329923274
0 0.1975 0.5089514066496164 0.04833333333333334 0.18414322250639387
0 0.24416666666666667 0.5127877237851662 0.04833333333333334 0.18670076726342713
0 0.21583333333333335 0.5063938618925832 0.03166666666666667 0.12276214833759591
0 0.2841666666666667 0.5230179028132993 0.021666666666666667 0.0895140664961637
0 0.30833333333333335 0.5025575447570333 0.04 0.15089514066496165
0 0.34750000000000003 0.49104859335038364 0.021666666666666667 0.08695652173913045
0 0.39416666666666667 0.4769820971867008 0.021666666666666667 0.0895140664961637
0 0.445 0.4782608695652174 0.02 0.08184143222506395
0 0.465 0.47953964194373405 0.016666666666666666 0.0639386189258312
0 0.49083333333333334 0.48976982097186705 0.028333333333333335 0.10485933503836319
0 0.5183333333333333 0.4808184143222507 0.023333333333333334 0.08695652173913045
0 0.53 0.46803069053708446 0.02 0.07672634271099744
0 0.5475 0.4705882352941177 0.018333333333333333 0.06649616368286446
0 0.5741666666666667 0.4667519181585678 0.021666666666666667 0.0895140664961637
0 0.5925 0.46930946291560105 0.021666666666666667 0.0792838874680307
0 0.6141666666666667 0.4718670076726343 0.021666666666666667 0.0895140664961637
0 0.63 0.4808184143222507 0.02666666666666667 0.10741687979539642
0 0.7683333333333334 0.4667519181585678 0.030000000000000002 0.12020460358056267
0 0.7533333333333334 0.46163682864450134 0.030000000000000002 0.10997442455242967
