0 0.009785353535353534 0.6575126262626263 0.01957070707070707 0.08775252525252526
0 0.03609006734006734 0.648358585858586 0.03514309764309764 0.12941919191919193
0 0.0554503367003367 0.647253787878788 0.036826599326599326 0.13478535353535354
0 0.06870791245791245 0.6516729797979799 0.04061447811447811 0.14867424242424243
0 0.09764309764309764 0.6494633838383839 0.050505050505050504 0.18592171717171718
0 0.12058080808080808 0.6433080808080809 0.05597643097643097 0.2051767676767677
0 0.17603114478114476 0.6418876262626263 0.07133838383838384 0.26104797979797983
0 0.2128577441077441 0.6346275252525253 0.08228114478114477 0.3014520202020202
0 0.23484848484848483 0.6325757575757577 0.09090909090909091 0.33333333333333337
0 0.2596801346801347 0.6426767676767677 0.09595959595959595 0.3522727272727273
0 0.3171296296296296 0.6519886363636365 0.10774410774410774 0.39488636363636365
0 0.47327441077441074 0.6518308080808082 0.14898989898989898 0.5460858585858587
0 0.5499789562289562 0.6470959595959597 0.13446969696969696 0.4924242424242425
0 0.7953493265993266 0.5969065656565657 0.21906565656565655 0.8017676767676768
0 0.9575968013468013 0.6800820707070707 0.08438552188552188 0.5975378787878788
2 0.08101851851851852 0.5844381313131314 0.018518518518518517 0.0331439393939394
2 0.16456228956228955 0.5400883838383839 0.01515151515151515 0.03598484848484849
