0 0.07318840579710145 0.5849673202614379 0.1463768115942029 0.8257080610021788
0 0.2833333333333333 0.46623093681917216 0.14057971014492754 0.5228758169934641
0 0.36594202898550726 0.4586056644880175 0.1318840579710145 0.4814814814814815
0 0.532608695652174 0.6111111111111112 0.13768115942028986 0.5076252723311547
0 0.5021739130434782 0.5882352941176471 0.1318840579710145 0.4836601307189543
0 0.7123188405797102 0.5675381263616558 0.1144927536231884 0.42047930283224405
0 0.7398550724637681 0.49891067538126366 0.12608695652173912 0.4705882352941177
0 0.7586956521739131 0.5359477124183007 0.10869565217391304 0.4052287581699347
0 0.8173913043478261 0.45315904139433555 0.09855072463768116 0.36601307189542487
0 0.8905797101449275 0.48692810457516345 0.10289855072463769 0.38562091503267976
0 0.5847826086956521 0.4379084967320262 0.05652173913043478 0.20915032679738566
0 0.42971014492753623 0.6034858387799565 0.12318840579710146 0.45315904139433555
0 0.6934782608695652 0.4139433551198258 0.042028985507246375 0.15686274509803924
0 0.9688405797101449 0.4455337690631809 0.059420289855072465 0.3028322440087146
0 0.9398550724637681 0.4248366013071896 0.07391304347826087 0.2788671023965142
0 0.8420289855072464 0.39433551198257083 0.04927536231884058 0.18300653594771243
2 0.2528985507246377 0.8137254901960785 0.1289855072463768 0.26361655773420484
2 0.286231884057971 0.6753812636165578 0.09130434782608696 0.2570806100217865
2 0.3695652173913044 0.6612200435729848 0.10434782608695653 0.1851851851851852
2 0.3536231884057971 0.8213507625272332 0.10144927536231885 0.27450980392156865
2 0.41884057971014493 0.809368191721133 0.08405797101449275 0.224400871459695
2 0.4601449275362319 0.766884531590414 0.06811594202898551 0.19607843137254904
2 0.41956521739130437 0.33442265795206977 0.07971014492753624 0.16339869281045752
2 0.8601449275362318 0.556644880174292 0.06231884057971015 0.15468409586056647
2 0.7847826086956522 0.4596949891067539 0.0391304347826087 0.09586056644880175
2 0.8572463768115942 0.4705882352941177 0.050724637681159424 0.10457516339869283
2 0.9391304347826087 0.27668845315904145 0.06086956521739131 0.11764705882352942
