0 0.14466666666666667 0.5916370106761566 0.17466666666666666 0.5747330960854092
0 0.27999999999999997 0.5204626334519573 0.10666666666666666 0.3469750889679715
0 0.176 0.4225978647686833 0.013333333333333332 0.04448398576512455
0 0.206 0.41903914590747326 0.009333333333333332 0.03380782918149466
0 0.22 0.43149466192170816 0.016 0.05871886120996441
0 0.23266666666666666 0.42170818505338076 0.017333333333333333 0.060498220640569395
0 0.328 0.4270462633451957 0.018666666666666665 0.06761565836298931
0 0.34933333333333333 0.43238434163701067 0.018666666666666665 0.06405693950177936
0 0.36333333333333334 0.42882562277580066 0.017333333333333333 0.060498220640569395
0 0.3913333333333333 0.4225978647686833 0.017333333333333333 0.055160142348754444
0 0.43 0.5044483985765125 0.07066666666666667 0.23309608540925267
0 0.47533333333333333 0.5062277580071174 0.06799999999999999 0.22597864768683273
0 0.5113333333333333 0.5516014234875445 0.11066666666666666 0.3665480427046263
0 0.5459999999999999 0.5195729537366548 0.06799999999999999 0.22419928825622776
0 0.5993333333333333 0.5222419928825622 0.076 0.2473309608540925
0 0.6393333333333333 0.5133451957295373 0.06533333333333333 0.21530249110320285
0 0.6606666666666666 0.5249110320284697 0.076 0.25266903914590744
0 0.7053333333333333 0.5142348754448398 0.06933333333333333 0.23131672597864766
0 0.7353333333333333 0.5338078291814946 0.08133333333333333 0.2669039145907473
0 0.766 0.5133451957295373 0.076 0.2473309608540925
0 0.8046666666666666 0.4991103202846975 0.07333333333333333 0.24377224199288255
0 0.8466666666666667 0.49021352313167255 0.056 0.1868327402135231
2 0.628 0.41370106761565834 0.034666666666666665 0.051601423487544484
2 0.576 0.41903914590747326 0.024 0.04804270462633452
