0 0.06666666666666667 0.701067615658363 0.13333333333333333 0.5088967971530249
0 0.03333333333333333 0.6476868327402134 0.06666666666666667 0.3274021352313167
0 0.14066666666666666 0.6049822064056939 0.05733333333333333 0.18505338078291814
0 0.20133333333333334 0.6209964412811387 0.072 0.2384341637010676
0 0.286 0.6521352313167259 0.10266666666666667 0.33274021352313166
0 0.34933333333333333 0.5916370106761566 0.058666666666666666 0.19750889679715303
0 0.31 0.6049822064056939 0.08666666666666667 0.2846975088967971
0 0.3953333333333333 0.5738434163701067 0.04933333333333333 0.16192170818505336
0 0.42666666666666664 0.5676156583629893 0.03733333333333333 0.12811387900355872
0 0.4553333333333333 0.5444839857651246 0.030666666666666665 0.10320284697508897
0 0.51 0.6788256227758007 0.188 0.6103202846975089
0 0.6026666666666667 0.6423487544483986 0.112 0.3701067615658363
0 0.6766666666666666 0.5729537366548042 0.08399999999999999 0.27402135231316727
0 0.7313333333333333 0.552491103202847 0.052 0.17259786476868327
0 0.826 0.6610320284697508 0.17466666666666666 0.5711743772241993
0 0.6393333333333333 0.5311387900355872 0.025333333333333333 0.08718861209964412
0 0.6566666666666666 0.5578291814946619 0.052 0.17259786476868327
0 0.974 0.550711743772242 0.04933333333333333 0.25444839857651247
0 0.8826666666666666 0.5160142348754448 0.03733333333333333 0.12099644128113879
0 0.8946666666666666 0.5160142348754448 0.03733333333333333 0.12099644128113879
0 0.9113333333333333 0.5062277580071174 0.036 0.1192170818505338
0 0.9266666666666666 0.5088967971530249 0.03733333333333333 0.12099644128113879
0 0.9486666666666667 0.5311387900355872 0.04666666666666666 0.15480427046263345
0 0.22133333333333333 0.5738434163701067 0.034666666666666665 0.11565836298932383
0 0.258 0.5720640569395018 0.028 0.09786476868327401
