0 0.2637474541751527 0.7280966767371602 0.07942973523421588 0.29607250755287007
0 0.36150712830957227 0.729607250755287 0.0875763747454175 0.31722054380664655
0 0.7443991853360488 0.6465256797583081 0.18126272912423624 0.6586102719033232
0 0.8472505091649694 0.6510574018126888 0.14663951120162932 0.5347432024169184
0 0.3136456211812627 0.2311178247734139 0.052953156822810585 0.1903323262839879
0 0.2892057026476578 0.22356495468277945 0.06109979633401221 0.22356495468277945
0 0.34928716904276985 0.22356495468277945 0.06313645621181262 0.229607250755287
2 0.03665987780040733 0.18580060422960726 0.07331975560081466 0.16012084592145015
2 0.10488798370672096 0.2039274924471299 0.05498981670061099 0.10574018126888217
2 0.09266802443991852 0.13444108761329304 0.04684317718940936 0.08157099697885196
2 0.13543788187372707 0.10120845921450151 0.05906313645621181 0.1299093655589124
2 0.17413441955193482 0.0755287009063444 0.04276985743380855 0.09063444108761329
2 0.2046843177189409 0.14652567975830816 0.07128309572301425 0.1299093655589124
2 0.21283095723014256 0.20241691842900303 0.06720977596741344 0.09063444108761329
2 0.3940936863543788 0.18277945619335348 0.04276985743380855 0.06948640483383686
2 0.4266802443991853 0.15709969788519637 0.03462321792260692 0.09063444108761329
2 0.44704684317718935 0.1797583081570997 0.026476578411405292 0.045317220543806644
2 0.47148676171079423 0.0891238670694864 0.05091649694501018 0.10574018126888217
2 0.4297352342158859 0.07250755287009064 0.04480651731160896 0.10876132930513595
2 0.36048879837067205 0.09969788519637462 0.048879837067209775 0.06646525679758308
2 0.30142566191446024 0.07854984894259819 0.04480651731160896 0.08459214501510574
2 0.5448065173116089 0.17069486404833836 0.04276985743380855 0.0755287009063444
2 0.5733197556008146 0.14954682779456194 0.05091649694501018 0.09365558912386707
2 0.6008146639511202 0.14350453172205438 0.03665987780040733 0.13595166163141995
2 0.6140529531568227 0.07854984894259819 0.04276985743380855 0.06646525679758308
2 0.6415478615071283 0.08006042296072508 0.03665987780040733 0.09365558912386707
2 0.6822810590631364 0.08006042296072508 0.04073319755600814 0.08761329305135952
2 0.6985743380855397 0.13293051359516617 0.04480651731160896 0.1027190332326284
2 0.7311608961303462 0.07401812688821752 0.03665987780040733 0.0634441087613293
2 0.7881873727087576 0.1042296072507553 0.0285132382892057 0.09365558912386707
2 0.8360488798370671 0.09818731117824774 0.038696537678207736 0.09365558912386707
2 0.780040733197556 0.028700906344410877 0.032586558044806514 0.05740181268882175
2 0.9012219959266802 0.1933534743202417 0.06313645621181262 0.14501510574018128
2 0.9185336048879836 0.09063444108761329 0.04480651731160896 0.09667673716012085
2 0.970468431771894 0.06948640483383686 0.038696537678207736 0.1148036253776435
2 0.5203665987780041 0.06646525679758308 0.05906313645621181 0.09667673716012085
