0 0.07500000000000001 0.3597222222222222 0.043333333333333335 0.17500000000000002
0 0.11666666666666667 0.3180555555555556 0.03333333333333333 0.14166666666666666
0 0.14833333333333334 0.32916666666666666 0.04 0.16944444444444445
0 0.195 0.35833333333333334 0.043333333333333335 0.18333333333333335
0 0.05583333333333334 0.2972222222222222 0.021666666666666667 0.08888888888888889
0 0.3191666666666667 0.3527777777777778 0.04833333333333334 0.19444444444444445
0 0.3441666666666667 0.33472222222222225 0.03833333333333334 0.15833333333333333
0 0.3616666666666667 0.3138888888888889 0.030000000000000002 0.1277777777777778
0 0.38333333333333336 0.3138888888888889 0.02666666666666667 0.11111111111111112
0 0.3975 0.29583333333333334 0.03166666666666667 0.13611111111111113
0 0.43250000000000005 0.3666666666666667 0.045000000000000005 0.18333333333333335
0 0.5683333333333334 0.34305555555555556 0.030000000000000002 0.125
0 0.6816666666666668 0.3388888888888889 0.02666666666666667 0.11111111111111112
0 0.7258333333333333 0.35833333333333334 0.025 0.11111111111111112
0 0.8208333333333334 0.33055555555555555 0.021666666666666667 0.08888888888888889
0 0.8808333333333334 0.3625 0.028333333333333335 0.11388888888888889
0 0.9466666666666668 0.34444444444444444 0.023333333333333334 0.1
0 0.04916666666666667 0.8319444444444445 0.028333333333333335 0.125
0 0.1125 0.8583333333333334 0.04166666666666667 0.17777777777777778
0 0.1525 0.8222222222222223 0.03166666666666667 0.1388888888888889
0 0.2516666666666667 0.8430555555555556 0.043333333333333335 0.17500000000000002
0 0.2675 0.8250000000000001 0.035 0.14444444444444446
0 0.335 0.8194444444444445 0.03666666666666667 0.15
0 0.4066666666666667 0.8194444444444445 0.03333333333333333 0.13333333333333333
0 0.42250000000000004 0.8472222222222222 0.04166666666666667 0.17222222222222222
0 0.4591666666666667 0.8125 0.035 0.14722222222222223
0 0.5533333333333333 0.8805555555555555 0.03333333333333333 0.1388888888888889
0 0.5941666666666667 0.8527777777777779 0.03166666666666667 0.13333333333333333
0 0.6183333333333334 0.8416666666666667 0.030000000000000002 0.1277777777777778
0 0.6333333333333334 0.826388888888889 0.02 0.08611111111111111
0 0.6441666666666667 0.8236111111111112 0.021666666666666667 0.09722222222222222
0 0.6950000000000001 0.826388888888889 0.02 0.08611111111111111
0 0.7141666666666667 0.8347222222222223 0.025 0.10833333333333334
0 0.7508333333333334 0.85 0.03166666666666667 0.1277777777777778
0 0.7758333333333334 0.8402777777777778 0.028333333333333335 0.11388888888888889
0 0.8083333333333333 0.8222222222222223 0.023333333333333334 0.09444444444444444
0 0.8500000000000001 0.8194444444444445 0.02 0.08888888888888889
0 0.8633333333333334 0.8277777777777778 0.023333333333333334 0.10555555555555556
0 0.8866666666666667 0.8388888888888889 0.02666666666666667 0.11666666666666667
0 0.9091666666666667 0.85 0.03166666666666667 0.1277777777777778
0 0.9516666666666668 0.8722222222222222 0.04 0.16111111111111112
4 0.025 0.28750000000000003 0.05 0.125
4 0.09083333333333334 0.27222222222222225 0.04166666666666667 0.08333333333333334
4 0.24083333333333334 0.25833333333333336 0.155 0.07777777777777778
4 0.4525 0.26944444444444443 0.09833333333333334 0.11666666666666667
4 0.5391666666666667 0.275 0.05166666666666667 0.07222222222222223
4 0.6058333333333333 0.2833333333333333 0.045000000000000005 0.07222222222222223
4 0.7908333333333334 0.26944444444444443 0.20833333333333334 0.05555555555555556
4 0.9750000000000001 0.29444444444444445 0.043333333333333335 0.08888888888888889
4 0.023333333333333334 0.7916666666666667 0.04666666666666667 0.10555555555555556
4 0.07833333333333334 0.7805555555555556 0.03666666666666667 0.07777777777777778
4 0.20750000000000002 0.7847222222222222 0.07500000000000001 0.10277777777777779
4 0.3741666666666667 0.7777777777777778 0.06833333333333334 0.11111111111111112
4 0.48250000000000004 0.8013888888888889 0.035 0.075
4 0.5358333333333334 0.8041666666666667 0.06833333333333334 0.08055555555555556
4 0.9500000000000001 0.7916666666666667 0.07666666666666667 0.09444444444444444
4 0.665 0.7902777777777779 0.030000000000000002 0.0638888888888889
4 0.7908333333333334 0.7847222222222222 0.028333333333333335 0.058333333333333334
