0 0.21158854166666666 0.5578703703703703 0.061197916666666664 0.2638888888888889
0 0.271484375 0.5787037037037037 0.02734375 0.12037037037037036
0 0.5794270833333333 0.5706018518518519 0.03125 0.1412037037037037
0 0.607421875 0.5902777777777778 0.05598958333333333 0.24074074074074073
0 0.6848958333333333 0.579861111111111 0.0390625 0.1736111111111111
0 0.71484375 0.5775462962962963 0.046875 0.20138888888888887
0 0.7330729166666666 0.579861111111111 0.028645833333333332 0.1273148148148148
0 0.787109375 0.5752314814814814 0.037760416666666664 0.16898148148148148
0 0.8600260416666666 0.5868055555555555 0.02734375 0.1273148148148148
0 0.87890625 0.5879629629629629 0.03645833333333333 0.15740740740740738
2 0.240234375 0.611111111111111 0.03255208333333333 0.10648148148148148
2 0.30338541666666663 0.5856481481481481 0.028645833333333332 0.11574074074074073
2 0.3509114583333333 0.6215277777777778 0.03515625 0.09027777777777778
2 0.681640625 0.7094907407407407 0.10807291666666666 0.24305555555555555
