0 0.09490196078431372 0.6817567567567568 0.1349019607843137 0.5662162162162162
0 0.2011764705882353 0.6621621621621622 0.07607843137254902 0.32162162162162167
0 0.3176470588235294 0.7094594594594595 0.13647058823529412 0.5783783783783785
0 0.41411764705882353 0.6324324324324324 0.10823529411764705 0.4594594594594595
0 0.4615686274509804 0.6804054054054054 0.12627450980392158 0.5337837837837838
0 0.5298039215686274 0.6162162162162163 0.10274509803921568 0.43243243243243246
0 0.6031372549019608 0.6513513513513514 0.10823529411764705 0.45675675675675675
0 0.6690196078431372 0.6135135135135136 0.09098039215686274 0.3837837837837838
0 0.7498039215686274 0.6398648648648649 0.10352941176470588 0.4337837837837838
0 0.8031372549019608 0.6054054054054054 0.08156862745098038 0.3432432432432433
0 0.8862745098039215 0.6398648648648649 0.09568627450980392 0.4040540540540541
0 0.9662745098039215 0.6371621621621621 0.06588235294117646 0.3472972972972973
