0 0.06 0.5650000000000001 0.12 0.49333333333333335
0 0.089375 0.5516666666666667 0.13625 0.4466666666666667
0 0.181875 0.5525 0.17875 0.5850000000000001
0 0.318125 0.55 0.18875 0.6166666666666667
0 0.86 0.5075000000000001 0.22 0.7183333333333334
0 0.7731250000000001 0.5133333333333334 0.17875 0.5833333333333334
0 0.43125 0.5333333333333333 0.155 0.51
0 0.6687500000000001 0.5175000000000001 0.1575 0.5183333333333333
0 0.950625 0.5408333333333334 0.09625 0.5783333333333334
0 0.93 0.545 0.1375 0.5
2 0.366875 0.3383333333333334 0.08125 0.18333333333333335
2 0.23 0.685 0.14 0.44
2 0.333125 0.68 0.10875 0.5033333333333334
2 0.49375 0.665 0.115 0.5133333333333334
2 0.595 0.67 0.1375 0.5
2 0.726875 0.67 0.15375 0.4633333333333334
2 0.511875 0.3916666666666667 0.07125000000000001 0.21333333333333335
2 0.584375 0.3725 0.10875 0.27166666666666667
