0 0.052662037037037035 0.7169625246548323 0.10532407407407407 0.5424063116370809
0 0.10995370370370369 0.7218934911242604 0.13194444444444445 0.5522682445759369
0 0.16550925925925924 0.7120315581854044 0.13657407407407407 0.571992110453649
0 0.24537037037037035 0.7090729783037476 0.13657407407407407 0.5739644970414202
0 0.3055555555555555 0.6873767258382644 0.14583333333333331 0.6134122287968442
0 0.43576388888888884 0.6972386587771203 0.13541666666666666 0.5700197238658777
0 0.5480324074074073 0.7189349112426036 0.1261574074074074 0.5305719921104537
0 0.6122685185185185 0.6982248520710059 0.14351851851851852 0.5956607495069034
0 0.677662037037037 0.708086785009862 0.13773148148148148 0.5798816568047338
0 0.7581018518518519 0.6834319526627219 0.14583333333333331 0.6134122287968442
0 0.8356481481481481 0.7189349112426036 0.12962962962962962 0.5384615384615384
0 0.9386574074074073 0.7100591715976332 0.12037037037037036 0.5522682445759369
2 0.016203703703703703 0.4743589743589744 0.027777777777777776 0.15187376725838264
2 0.05671296296296296 0.4546351084812624 0.046296296296296294 0.116370808678501
2 0.4890046296296296 0.47830374753451677 0.0636574074074074 0.12820512820512822
2 0.38425925925925924 0.47928994082840237 0.03009259259259259 0.09072978303747535
2 0.35590277777777773 0.45364891518737677 0.03587962962962963 0.0631163708086785
2 0.22743055555555555 0.4003944773175543 0.04050925925925926 0.08284023668639054
2 0.40104166666666663 0.45660749506903353 0.03125 0.09270216962524655
2 0.579861111111111 0.40532544378698226 0.03009259259259259 0.08481262327416174
2 0.5596064814814814 0.4299802761341223 0.04050925925925926 0.07889546351084813
2 0.517361111111111 0.44181459566074954 0.037037037037037035 0.08284023668639054
2 0.8796296296296295 0.44378698224852076 0.04398148148148148 0.11045364891518739
2 0.9809027777777777 0.46942800788954636 0.03587962962962963 0.126232741617357
2 0.8009259259259259 0.4240631163708087 0.032407407407407406 0.09467455621301776
2 0.8130787037037036 0.47041420118343197 0.03125 0.116370808678501
4 0.4542824074074074 0.32840236686390534 0.8159722222222222 0.08086785009861934
4 0.5127314814814814 0.24852071005917162 0.18055555555555555 0.0631163708086785
