0 0.03117647058823529 0.5672566371681416 0.06235294117647058 0.3769911504424779
0 0.06588235294117646 0.547787610619469 0.13176470588235292 0.49734513274336284
0 0.15588235294117644 0.6141592920353982 0.16117647058823528 0.5946902654867257
0 0.2188235294117647 0.6442477876106194 0.17411764705882352 0.6371681415929203
0 0.31235294117647056 0.5610619469026549 0.1376470588235294 0.5097345132743363
0 0.3664705882352941 0.5893805309734513 0.14941176470588233 0.552212389380531
0 0.40764705882352936 0.6168141592920354 0.14470588235294116 0.5327433628318584
0 0.5229411764705882 0.6230088495575221 0.16823529411764704 0.615929203539823
0 0.6358823529411765 0.6442477876106194 0.18705882352941175 0.6867256637168142
0 0.7570588235294117 0.6247787610619469 0.16117647058823528 0.5911504424778761
0 0.8164705882352941 0.5654867256637168 0.12235294117647058 0.45486725663716815
0 0.9158823529411764 0.6044247787610619 0.1376470588235294 0.504424778761062
2 0.10588235294117646 0.4097345132743363 0.06352941176470588 0.2778761061946903
2 0.8294117647058823 0.42035398230088494 0.042352941176470586 0.09734513274336283
2 0.9147058823529411 0.34424778761061947 0.05294117647058823 0.07964601769911504
2 0.4517647058823529 0.39823008849557523 0.025882352941176467 0.08495575221238938
2 0.4876470588235294 0.3787610619469026 0.041176470588235294 0.15221238938053097
2 0.5811764705882353 0.3743362831858407 0.0588235294117647 0.12920353982300886
2 0.6599999999999999 0.3858407079646018 0.025882352941176467 0.07787610619469026
2 0.6994117647058823 0.3601769911504425 0.02941176470588235 0.11150442477876106
2 0.26588235294117646 0.3805309734513274 0.030588235294117645 0.07787610619469026
2 0.2852941176470588 0.3787610619469026 0.0388235294117647 0.06371681415929203
2 0.19470588235294117 0.4008849557522124 0.024705882352941175 0.047787610619469026
2 0.18705882352941175 0.3513274336283186 0.021176470588235293 0.0584070796460177
2 0.03117647058823529 0.3672566371681416 0.03176470588235294 0.061946902654867256
2 0.948235294117647 0.4345132743362832 0.018823529411764704 0.0831858407079646
2 0.8611764705882352 0.41061946902654867 0.018823529411764704 0.07079646017699115
4 0.9641176470588234 0.3911504424778761 0.057647058823529405 0.0920353982300885
