0 0.09004934210526315 0.3841374269005848 0.1800986842105263 0.7624269005847952
0 0.06510416666666666 0.5111476608187134 0.13020833333333331 0.6955409356725146
0 0.14528508771929824 0.28307748538011696 0.1370614035087719 0.4462719298245614
0 0.23930921052631576 0.329312865497076 0.14418859649122806 0.4685672514619883
0 0.3993969298245614 0.38888888888888884 0.1699561403508772 0.5533625730994152
0 0.28878837719298245 0.1779970760233918 0.058936403508771926 0.1915204678362573
0 0.4851973684210526 0.3249269005847953 0.15789473684210525 0.513157894736842
0 0.3262061403508772 0.21527777777777776 0.07291666666666666 0.23684210526315788
0 0.3118146929824561 0.1911549707602339 0.054002192982456135 0.17616959064327484
0 0.545641447368421 0.3508771929824561 0.17351973684210525 0.5650584795321637
0 0.6662554824561403 0.3826754385964912 0.1663925438596491 0.5409356725146198
0 0.8382675438596491 0.529422514619883 0.11787280701754385 0.3841374269005848
0 0.9354440789473684 0.5244883040935672 0.12856359649122806 0.4758771929824561
0 0.9344846491228069 0.40040204678362573 0.13048245614035087 0.6158625730994152
2 0.15899122807017543 0.46655701754385964 0.1425438596491228 0.1736111111111111
2 0.2147752192982456 0.6158625730994152 0.21902412280701752 0.3516081871345029
2 0.19161184210526314 0.08114035087719298 0.04769736842105263 0.059941520467836254
2 0.3933662280701754 0.09155701754385964 0.02357456140350877 0.04568713450292397
2 0.4120065789473684 0.10434941520467836 0.020833333333333332 0.03179824561403509
2 0.3684210526315789 0.15442251461988304 0.05043859649122807 0.14802631578947367
2 0.2512335526315789 0.13559941520467836 0.07209429824561403 0.12207602339181287
2 0.5504385964912281 0.6154970760233918 0.19298245614035087 0.37280701754385964
2 0.7601425438596491 0.47697368421052627 0.10526315789473684 0.3194444444444444
2 0.8560855263157894 0.24269005847953215 0.09868421052631579 0.32675438596491224
2 0.805235745614035 0.1471125730994152 0.02933114035087719 0.07711988304093567
2 0.7387609649122807 0.11257309941520467 0.06853070175438596 0.10453216374269006
2 0.6521381578947368 0.12719298245614036 0.046052631578947366 0.15789473684210525
2 0.6126644736842105 0.15314327485380116 0.0712719298245614 0.1388888888888889
2 0.9263980263157894 0.164656432748538 0.05290570175438596 0.11001461988304093
