0 0.31640625 0.5863192182410424 0.1546875 0.5233441910966341
0 0.3796875 0.47448425624321394 0.05625 0.19326818675352878
0 0.7289062500000001 0.6862106406080348 0.1328125 0.44951140065146583
0 0.98359375 0.28501628664495116 0.03125 0.1444082519001086
0 0.860546875 0.26601520086862107 0.04453125 0.15418023887079263
0 0.716015625 0.2681867535287731 0.03828125 0.13029315960912052
0 0.76484375 0.24484256243213898 0.051562500000000004 0.1748099891422367
0 0.710546875 0.19109663409337677 0.03671875 0.1237785016286645
0 0.5984375000000001 0.247557003257329 0.046875 0.16286644951140067
0 0.496875 0.19001085776330076 0.0328125 0.11292073832790446
0 0.7878906250000001 0.20846905537459284 0.025781250000000002 0.08903365906623235
2 0.33906250000000004 0.20358306188925082 0.040625 0.08577633007600435
2 0.142578125 0.2198697068403909 0.04296875 0.08577633007600435
2 0.19921875 0.15092290988056462 0.0328125 0.06731813246471227
2 0.0921875 0.23507057546145496 0.053125000000000006 0.0988056460369164
2 0.028125 0.251900108577633 0.05625 0.08686210640608036
2 0.055468750000000004 0.1693811074918567 0.05 0.06731813246471227
2 0.025 0.1248642779587405 0.0390625 0.05863192182410424
