0 0.40063593004769477 0.5406698564593301 0.23529411764705885 0.8708133971291866
0 0.018282988871224166 0.36602870813397126 0.03656597774244833 0.15311004784688995
0 0.05802861685214627 0.3600478468899521 0.04292527821939587 0.16507177033492823
0 0.0906200317965024 0.3409090909090909 0.01907790143084261 0.07894736842105263
0 0.12241653418124007 0.3600478468899521 0.031796502384737683 0.12200956937799043
0 0.22337042925278222 0.36483253588516745 0.02702702702702703 0.10765550239234449
0 0.24880763116057236 0.36483253588516745 0.02384737678855326 0.09330143540669857
0 0.6025437201907791 0.3971291866028708 0.06359300476947537 0.23923444976076555
0 0.7329093799682035 0.41626794258373206 0.06359300476947537 0.23444976076555024
0 0.7798092209856916 0.43301435406698563 0.06200317965023848 0.23444976076555024
0 0.8330683624801273 0.4222488038277512 0.06041335453100159 0.22248803827751196
0 0.814785373608903 0.4031100478468899 0.0492845786963434 0.18421052631578946
0 0.8656597774244834 0.4102870813397129 0.0492845786963434 0.18899521531100477
0 0.8942766295707473 0.4043062200956938 0.06518282988871224 0.24401913875598086
0 0.9427662957074723 0.3755980861244019 0.041335453100158986 0.15311004784688995
0 0.9737678855325915 0.46291866028708134 0.0492845786963434 0.3038277511961722
2 0.5643879173290939 0.3409090909090909 0.044515103338632754 0.09808612440191387
4 0.6677265500794913 0.3588516746411483 0.08267090620031797 0.11961722488038277
