0 0.07448979591836735 0.43460490463215257 0.12448979591836735 0.41144414168937327
0 0.07857142857142858 0.2779291553133515 0.1326530612244898 0.44141689373297
0 0.15612244897959185 0.2833787465940054 0.13673469387755102 0.44686648501362397
0 0.2959183673469388 0.32697547683923706 0.14285714285714288 0.46866485013623976
0 0.47346938775510206 0.332425068119891 0.14285714285714288 0.4632152588555858
0 0.3989795918367347 0.5640326975476839 0.15714285714285717 0.5122615803814714
0 0.439795918367347 0.5258855585831063 0.13673469387755102 0.44686648501362397
0 0.5602040816326531 0.555858310626703 0.14489795918367349 0.47956403269754766
0 0.6173469387755103 0.547683923705722 0.13673469387755102 0.4523160762942779
0 0.65 0.6689373297002724 0.14489795918367349 0.4768392370572207
0 0.7275510204081633 0.6553133514986376 0.14081632653061227 0.4659400544959128
0 0.8204081632653062 0.3446866485013624 0.1306122448979592 0.42779291553133514
0 0.7867346938775511 0.36103542234332425 0.13673469387755102 0.4550408719346049
0 0.6959183673469388 0.35831062670299724 0.11836734693877551 0.38419618528610355
2 0.6795918367346939 0.1539509536784741 0.11020408163265308 0.1335149863760218
