0 0.05666666666666667 0.68875 0.11333333333333334 0.4525
0 0.10166666666666667 0.7175 0.1366666666666667 0.505
0 0.13333333333333333 0.6587500000000001 0.10666666666666667 0.3975
0 0.20583333333333334 0.6825 0.13166666666666668 0.48
0 0.2866666666666667 0.6775 0.1 0.37
0 0.35833333333333334 0.66 0.1 0.375
0 0.4658333333333334 0.71625 0.135 0.4975
0 0.5408333333333334 0.6575 0.08833333333333333 0.325
0 0.6016666666666667 0.7225 0.13 0.48
0 0.7050000000000001 0.7375 0.12666666666666668 0.47000000000000003
0 0.7858333333333334 0.6675 0.12833333333333335 0.47000000000000003
0 0.8083333333333333 0.7375 0.14 0.52
0 0.9025000000000001 0.7025 0.14500000000000002 0.535
0 0.5700000000000001 0.6675 0.12666666666666668 0.47000000000000003
2 0.29750000000000004 0.50125 0.065 0.11750000000000001
2 0.5008333333333334 0.50625 0.05166666666666667 0.1125
