0 0.07083333333333333 0.75 0.10500000000000001 0.475609756097561
0 0.12583333333333335 0.7347560975609756 0.11166666666666668 0.5
0 0.17916666666666667 0.7423780487804879 0.10833333333333334 0.48475609756097565
0 0.23333333333333334 0.7362804878048781 0.10333333333333335 0.47256097560975613
0 0.31083333333333335 0.725609756097561 0.10833333333333334 0.49390243902439024
0 0.375 0.7210365853658537 0.12000000000000001 0.5396341463414634
0 0.4591666666666667 0.7149390243902439 0.11166666666666668 0.5091463414634146
0 0.5241666666666667 0.7195121951219512 0.10500000000000001 0.46951219512195125
0 0.5808333333333334 0.7057926829268293 0.10833333333333334 0.48475609756097565
0 0.6416666666666667 0.7332317073170732 0.10333333333333335 0.46646341463414637
0 0.7133333333333334 0.7179878048780488 0.11 0.49085365853658536
0 0.7825000000000001 0.7210365853658537 0.10500000000000001 0.4786585365853659
0 0.8625 0.711890243902439 0.11833333333333335 0.5335365853658537
0 0.9066666666666667 0.6615853658536586 0.10666666666666667 0.48170731707317077
2 0.2 0.5076219512195123 0.04666666666666667 0.09451219512195122
2 0.3375 0.5060975609756098 0.03166666666666667 0.10365853658536586
2 0.41750000000000004 0.5121951219512195 0.04833333333333334 0.11585365853658537
2 0.4866666666666667 0.5045731707317074 0.04 0.11280487804878049
2 0.5533333333333333 0.5076219512195123 0.030000000000000002 0.09451219512195122
2 0.6141666666666667 0.5106707317073171 0.045000000000000005 0.125
2 0.6708333333333334 0.49390243902439024 0.04166666666666667 0.14634146341463417
2 0.7425 0.4862804878048781 0.045000000000000005 0.13719512195121952
2 0.8183333333333334 0.4878048780487805 0.043333333333333335 0.11585365853658537
