0 0.10466666666666666 0.5129224652087475 0.08933333333333333 0.32604373757455263
0 0.20333333333333334 0.5188866799204771 0.06799999999999999 0.24652087475149104
0 0.26 0.525844930417495 0.05333333333333333 0.19284294234592445
0 0.33399999999999996 0.5069582504970178 0.092 0.33399602385685884
0 0.38 0.510934393638171 0.06933333333333333 0.2544731610337972
0 0.5506666666666666 0.5079522862823062 0.096 0.3479125248508946
0 0.6546666666666666 0.5178926441351888 0.050666666666666665 0.18886679920477134
0 0.694 0.503976143141153 0.06799999999999999 0.2524850894632206
0 0.7473333333333333 0.514910536779324 0.08666666666666667 0.32206759443339955
0 0.7859999999999999 0.5159045725646123 0.05733333333333333 0.20874751491053675
0 0.8306666666666667 0.5069582504970178 0.064 0.23459244532803178
0 0.9259999999999999 0.5009940357852882 0.08666666666666667 0.32206759443339955
3 0.8186666666666667 0.3817097415506958 0.09333333333333332 0.09542743538767395
3 0.88 0.45626242544731604 0.05333333333333333 0.12127236580516898
