0 0.22211538461538463 0.5304449648711944 0.15576923076923077 0.46604215456674475
0 0.3355769230769231 0.47892271662763464 0.10961538461538461 0.33021077283372363
0 0.48942307692307696 0.5433255269320844 0.15192307692307694 0.4496487119437939
0 0.43846153846153846 0.48360655737704916 0.11153846153846154 0.33489461358313816
0 0.5451923076923078 0.4918032786885246 0.11730769230769231 0.3559718969555035
0 0.5778846153846154 0.5163934426229508 0.11346153846153847 0.33489461358313816
0 0.6326923076923078 0.5257611241217799 0.16923076923076924 0.5081967213114754
0 0.7125 0.5281030444964872 0.14807692307692308 0.4379391100702576
0 0.7875000000000001 0.5468384074941453 0.14423076923076925 0.42857142857142855
0 0.8923076923076924 0.49063231850117095 0.1 0.297423887587822
0 0.1355769230769231 0.3957845433255269 0.06346153846153846 0.1920374707259953
0 0.15673076923076923 0.3864168618266979 0.06730769230769232 0.20608899297423888
0 0.35000000000000003 0.2786885245901639 0.038461538461538464 0.11241217798594848
0 0.3788461538461539 0.2786885245901639 0.038461538461538464 0.12177985948477751
0 0.45480769230769236 0.2505854800936768 0.028846153846153848 0.09367681498829039
2 0.12211538461538463 0.24824355971896955 0.04038461538461539 0.08899297423887588
2 0.16442307692307692 0.24473067915690866 0.03653846153846154 0.09601873536299765
2 0.2173076923076923 0.25995316159250587 0.03076923076923077 0.06088992974238876
2 0.24230769230769234 0.25995316159250587 0.026923076923076925 0.06557377049180328
2 0.25673076923076926 0.23302107728337237 0.028846153846153848 0.04449648711943794
2 0.2951923076923077 0.28454332552693207 0.028846153846153848 0.07728337236533958
2 0.32884615384615384 0.2786885245901639 0.03076923076923077 0.0702576112412178
2 0.4028846153846154 0.2997658079625293 0.025 0.09836065573770492
2 0.4346153846153846 0.2892271662763466 0.03076923076923077 0.06791569086651054
2 0.4653846153846154 0.28805620608899296 0.019230769230769232 0.05620608899297424
2 0.12211538461538463 0.16744730679156908 0.04038461538461539 0.06791569086651054
2 0.15384615384615385 0.16159250585480095 0.026923076923076925 0.03747072599531616
2 0.19903846153846155 0.1686182669789227 0.032692307692307694 0.04215456674473068
2 0.18173076923076925 0.148711943793911 0.021153846153846155 0.04918032786885246
2 0.2355769230769231 0.14402810304449648 0.032692307692307694 0.07259953161592506
2 0.27019230769230773 0.14402810304449648 0.028846153846153848 0.06791569086651054
2 0.29615384615384616 0.15807962529274006 0.023076923076923078 0.06323185011709602
2 0.28750000000000003 0.2154566744730679 0.025 0.046838407494145196
2 0.3384615384615385 0.20608899297423888 0.03461538461538462 0.05152224824355972
2 0.3509615384615385 0.16510538641686182 0.028846153846153848 0.04449648711943794
2 0.37115384615384617 0.1756440281030445 0.023076923076923078 0.046838407494145196
2 0.3875 0.16042154566744732 0.021153846153846155 0.03044496487119438
2 0.40673076923076923 0.18032786885245902 0.021153846153846155 0.046838407494145196
4 0.7278846153846155 0.2224824355971897 0.4134615384615385 0.26697892271662765
