0 0.37 0.6548042704626335 0.212 0.6868327402135231
0 0.5873333333333333 0.7064056939501779 0.17733333333333332 0.5836298932384342
0 0.7326666666666667 0.6948398576512456 0.15866666666666665 0.5213523131672597
0 0.6913333333333334 0.6281138790035586 0.124 0.40925266903914587
0 0.84 0.6396797153024911 0.10933333333333332 0.3612099644128114
0 0.8793333333333333 0.6254448398576512 0.11066666666666666 0.3612099644128114
0 0.03 0.6094306049822064 0.04666666666666666 0.15480427046263345
0 0.12466666666666666 0.5987544483985765 0.04133333333333333 0.13701067615658363
0 0.15333333333333332 0.6040925266903914 0.04 0.13345195729537365
0 0.18 0.6023131672597865 0.042666666666666665 0.14412811387900354
0 0.20533333333333334 0.6040925266903914 0.050666666666666665 0.16548042704626334
0 0.2633333333333333 0.5969750889679715 0.07066666666666667 0.23309608540925267
0 0.47333333333333333 0.6156583629893239 0.07466666666666666 0.24199288256227758
0 0.43466666666666665 0.6681494661921707 0.10933333333333332 0.3576512455516014
