0 0.38623188405797104 0.4320388349514563 0.0536231884057971 0.18058252427184465
0 0.03260869565217391 0.36213592233009706 0.03333333333333333 0.1145631067961165
0 0.06521739130434782 0.3592233009708738 0.03768115942028986 0.12815533980582525
0 0.10362318840579711 0.34757281553398056 0.036231884057971016 0.1203883495145631
0 0.1318840579710145 0.3466019417475728 0.03188405797101449 0.10679611650485436
0 0.1536231884057971 0.34271844660194173 0.034782608695652174 0.1145631067961165
0 0.1826086956521739 0.329126213592233 0.03768115942028986 0.12233009708737863
0 0.20217391304347826 0.329126213592233 0.030434782608695653 0.1029126213592233
0 0.21956521739130436 0.3320388349514563 0.03333333333333333 0.1087378640776699
0 0.25144927536231887 0.32233009708737864 0.03333333333333333 0.11262135922330097
0 0.2797101449275362 0.3262135922330097 0.03188405797101449 0.1087378640776699
0 0.3144927536231884 0.2902912621359223 0.03768115942028986 0.1262135922330097
0 0.341304347826087 0.30097087378640774 0.03333333333333333 0.1087378640776699
0 0.36884057971014494 0.29514563106796116 0.036231884057971016 0.11650485436893203
0 0.3869565217391304 0.30388349514563107 0.03188405797101449 0.1029126213592233
0 0.4043478260869565 0.29902912621359223 0.034782608695652174 0.1203883495145631
0 0.4340579710144928 0.3048543689320388 0.0391304347826087 0.1320388349514563
0 0.4702898550724638 0.316504854368932 0.04492753623188406 0.14757281553398058
0 0.636231884057971 0.341747572815534 0.04927536231884058 0.15922330097087378
0 0.6710144927536232 0.3407766990291262 0.04057971014492753 0.13398058252427184
0 0.6876811594202898 0.3378640776699029 0.042028985507246375 0.13592233009708737
0 0.7123188405797102 0.34271844660194173 0.04492753623188406 0.14563106796116504
0 0.7376811594202899 0.3359223300970874 0.0463768115942029 0.1553398058252427
0 0.7536231884057971 0.3378640776699029 0.043478260869565216 0.14757281553398058
0 0.7804347826086957 0.3378640776699029 0.04782608695652174 0.15922330097087378
0 0.8195652173913044 0.3466019417475728 0.04782608695652174 0.15728155339805824
0 0.855072463768116 0.34951456310679613 0.04927536231884058 0.1669902912621359
0 0.8971014492753623 0.35436893203883496 0.052173913043478265 0.16893203883495145
0 0.9202898550724637 0.3553398058252427 0.0463768115942029 0.15145631067961166
0 0.9586956521739131 0.36601941747572814 0.050724637681159424 0.17281553398058253
0 0.9797101449275363 0.4077669902912621 0.03768115942028986 0.1553398058252427
2 0.5166666666666667 0.34563106796116505 0.036231884057971016 0.06990291262135923
2 0.5507246376811594 0.35339805825242715 0.03188405797101449 0.0970873786407767
2 0.5797101449275363 0.3592233009708738 0.028985507246376812 0.07766990291262135
2 0.6072463768115942 0.47378640776699027 0.06956521739130435 0.11262135922330097
2 0.6782608695652174 0.41067961165048544 0.06376811594202898 0.09902912621359222
2 0.717391304347826 0.49514563106796117 0.06086956521739131 0.1320388349514563
2 0.7811594202898551 0.41650485436893203 0.06376811594202898 0.1378640776699029
2 0.5152173913043478 0.4611650485436893 0.06231884057971015 0.1029126213592233
2 0.4905797101449275 0.3883495145631068 0.04782608695652174 0.09320388349514563
2 0.30289855072463767 0.358252427184466 0.04927536231884058 0.08737864077669903
2 0.3427536231884058 0.358252427184466 0.04492753623188406 0.11844660194174757
2 0.30869565217391304 0.42427184466019413 0.052173913043478265 0.0912621359223301
2 0.23478260869565218 0.4009708737864078 0.07536231884057971 0.10679611650485436
2 0.13623188405797101 0.3941747572815534 0.06086956521739131 0.0854368932038835
2 0.4036231884057971 0.603883495145631 0.10579710144927536 0.21359223300970873
2 0.7572463768115942 0.7097087378640776 0.11739130434782609 0.258252427184466
4 0.1818840579710145 0.2029126213592233 0.35797101449275365 0.07961165048543689
4 0.45869565217391306 0.22135922330097085 0.1782608695652174 0.058252427184466014
4 0.8601449275362318 0.2436893203883495 0.26521739130434785 0.10679611650485436
