0 0.17421875 0.57981220657277 0.1546875 0.568075117370892
0 0.234375 0.5704225352112676 0.1625 0.6009389671361502
0 0.2984375 0.5962441314553991 0.14375000000000002 0.5352112676056339
0 0.42578125 0.5997652582159625 0.1484375 0.5422535211267606
0 0.39140625 0.5528169014084507 0.1546875 0.5657276995305165
0 0.49375 0.5892018779342724 0.1375 0.5023474178403756
0 0.525 0.5575117370892019 0.15625 0.5751173708920188
0 0.59765625 0.6103286384976526 0.13593750000000002 0.5023474178403756
0 0.7273437500000001 0.5915492957746479 0.1390625 0.511737089201878
0 0.8031250000000001 0.5669014084507042 0.140625 0.5234741784037559
0 0.6609375000000001 0.5633802816901409 0.14375000000000002 0.5258215962441315
0 0.8562500000000001 0.6091549295774648 0.059375000000000004 0.2183098591549296
0 0.89453125 0.6068075117370892 0.0546875 0.20422535211267606
0 0.93359375 0.5962441314553991 0.0578125 0.22065727699530516
0 0.97421875 0.607981220657277 0.0484375 0.2112676056338028
2 0.9046875000000001 0.5011737089201878 0.021875000000000002 0.06338028169014084
2 0.875 0.5176056338028169 0.021875000000000002 0.04460093896713615
2 0.95859375 0.511737089201878 0.0171875 0.04225352112676056
