0 0.24083333333333334 0.7025 0.15833333333333335 0.585
0 0.10666666666666667 0.4525 0.05333333333333334 0.195
0 0.04833333333333334 0.4575 0.05333333333333334 0.195
0 0.4675 0.645 0.19166666666666668 0.7000000000000001
0 0.5616666666666666 0.63125 0.19666666666666668 0.7275
0 0.6533333333333333 0.42 0.04666666666666667 0.18
0 0.7775000000000001 0.6587500000000001 0.18166666666666667 0.6675
0 0.8358333333333334 0.65625 0.17833333333333334 0.6575
0 0.8816666666666667 0.67 0.17333333333333334 0.64
0 0.9675 0.40875 0.04166666666666667 0.1575
0 0.7208333333333333 0.42125 0.05166666666666667 0.1925
0 0.7100000000000001 0.42 0.05 0.19
2 0.14916666666666667 0.47625 0.05166666666666667 0.14250000000000002
2 0.18416666666666667 0.47250000000000003 0.03166666666666667 0.15
2 0.21000000000000002 0.47000000000000003 0.023333333333333334 0.13
2 0.15666666666666668 0.39 0.030000000000000002 0.045
2 0.19333333333333336 0.3825 0.030000000000000002 0.045
2 0.23750000000000002 0.39 0.03166666666666667 0.06
2 0.39333333333333337 0.4525 0.04 0.14
2 0.36250000000000004 0.455 0.04833333333333334 0.14
2 0.33 0.46125 0.03666666666666667 0.14250000000000002
2 0.6000000000000001 0.44375000000000003 0.03666666666666667 0.1275
2 0.6766666666666667 0.435 0.02666666666666667 0.155
