0 0.132 0.521021021021021 0.06 0.23123123123123124
0 0.241 0.45495495495495497 0.022 0.08108108108108109
0 0.385 0.5345345345345345 0.062 0.23423423423423423
0 0.453 0.45795795795795796 0.026000000000000002 0.09309309309309309
0 0.527 0.49099099099099097 0.042 0.15315315315315314
0 0.55 0.484984984984985 0.036000000000000004 0.13513513513513514
0 0.615 0.4984984984984985 0.042 0.16216216216216217
0 0.644 0.4924924924924925 0.024 0.0960960960960961
0 0.7000000000000001 0.5165165165165165 0.044 0.16816816816816815
0 0.745 0.509009009009009 0.046 0.17117117117117117
0 0.763 0.49399399399399396 0.042 0.16516516516516516
0 0.794 0.503003003003003 0.036000000000000004 0.14114114114114115
0 0.878 0.5615615615615616 0.10400000000000001 0.3783783783783784
0 0.9580000000000001 0.5375375375375375 0.08 0.3123123123123123
0 0.971 0.527027027027027 0.054 0.2852852852852853
