0 0.047 0.5557228915662651 0.094 0.4427710843373494
0 0.161 0.569277108433735 0.126 0.46385542168674704
0 0.28 0.5542168674698795 0.132 0.4879518072289157
0 0.362 0.5948795180722892 0.096 0.35843373493975905
0 0.5 0.5707831325301205 0.124 0.4548192771084338
0 0.597 0.5753012048192772 0.122 0.44578313253012053
0 0.626 0.5828313253012049 0.1 0.37650602409638556
0 0.747 0.5978915662650602 0.11800000000000001 0.4307228915662651
0 0.834 0.6069277108433735 0.092 0.34036144578313254
0 0.879 0.572289156626506 0.122 0.45180722891566266
0 0.928 0.5948795180722892 0.092 0.34638554216867473
