0 0.065 0.6253731343283582 0.05 0.18208955223880596
0 0.11900000000000001 0.6208955223880597 0.054 0.19701492537313434
0 0.163 0.6283582089552239 0.05 0.1880597014925373
0 0.203 0.6358208955223881 0.05 0.1791044776119403
0 0.23800000000000002 0.6343283582089553 0.048 0.17611940298507464
0 0.277 0.6253731343283582 0.05 0.1880597014925373
0 0.311 0.6283582089552239 0.05 0.1880597014925373
0 0.35100000000000003 0.6268656716417911 0.054 0.19701492537313434
0 0.398 0.6313432835820896 0.048 0.18208955223880596
0 0.44 0.6313432835820896 0.052000000000000005 0.1880597014925373
0 0.492 0.6268656716417911 0.052000000000000005 0.191044776119403
0 0.539 0.6253731343283582 0.05 0.1880597014925373
0 0.59 0.6253731343283582 0.052000000000000005 0.1880597014925373
0 0.633 0.6298507462686567 0.05 0.18507462686567164
0 0.673 0.6283582089552239 0.05 0.18208955223880596
0 0.714 0.6253731343283582 0.048 0.18208955223880596
0 0.751 0.6328358208955224 0.05 0.1791044776119403
0 0.788 0.6223880597014926 0.048 0.18208955223880596
0 0.8260000000000001 0.6238805970149254 0.048 0.18507462686567164
0 0.86 0.6223880597014926 0.052000000000000005 0.1880597014925373
0 0.89 0.5955223880597015 0.04 0.15223880597014924
0 0.914 0.5955223880597015 0.04 0.15223880597014924
0 0.937 0.5925373134328358 0.042 0.15223880597014924
0 0.961 0.5985074626865672 0.034 0.13432835820895522
0 0.98 0.5970149253731344 0.036000000000000004 0.14328358208955225
4 0.51 0.5238805970149254 0.736 0.05074626865671642
