0 0.10250000000000001 0.5934393638170974 0.095 0.37574552683896617
0 0.248125 0.540755467196819 0.058750000000000004 0.23459244532803178
0 0.296875 0.6491053677932405 0.11125 0.4314115308151093
0 0.41000000000000003 0.5049701789264412 0.0525 0.20278330019880714
0 0.4375 0.46322067594433397 0.04 0.15904572564612324
0 0.47750000000000004 0.48409542743538764 0.0375 0.15308151093439362
0 0.591875 0.5467196819085487 0.07625 0.2982107355864811
0 0.54 0.4443339960238568 0.02 0.07753479125248508
0 0.55125 0.4483101391650099 0.0175 0.06958250497017891
0 0.6375000000000001 0.529821073558648 0.065 0.2524850894632206
0 0.5750000000000001 0.4602385685884691 0.04 0.16103379721669978
0 0.666875 0.4681908548707753 0.04875 0.19284294234592445
0 0.68875 0.48409542743538764 0.0525 0.20477137176938368
0 0.738125 0.6053677932405566 0.09875 0.3876739562624254
0 0.77125 0.6739562624254473 0.1475 0.5765407554671967
0 0.81125 0.5864811133200795 0.11 0.43339960238568587
0 0.875625 0.5278330019880715 0.04625 0.18489065606361826
0 0.935625 0.6699801192842941 0.12625 0.6481113320079522
2 0.725625 0.43737574552683894 0.02375 0.05168986083499005
2 0.878125 0.4214711729622266 0.02125 0.04373757455268389
