1 0.039 0.5 0.078 0.43209876543209874
1 0.14200000000000002 0.5432098765432098 0.136 0.5123456790123456
1 0.222 0.5709876543209876 0.148 0.5679012345679012
1 0.331 0.5354938271604938 0.114 0.4290123456790123
1 0.492 0.5802469135802468 0.14400000000000002 0.5432098765432098
1 0.599 0.5416666666666666 0.122 0.46604938271604934
1 0.648 0.5154320987654321 0.116 0.43827160493827155
1 0.718 0.5709876543209876 0.136 0.5185185185185185
1 0.785 0.5108024691358024 0.10200000000000001 0.38580246913580246
1 0.836 0.537037037037037 0.12 0.4506172839506173
1 0.9410000000000001 0.5709876543209876 0.114 0.4691358024691358
