0 0.0525 0.55 0.09 0.30000000000000004
0 0.08375 0.49000000000000005 0.0625 0.2066666666666667
0 0.16375 0.5183333333333333 0.0725 0.2366666666666667
0 0.23750000000000002 0.4866666666666667 0.055 0.18666666666666668
0 0.28750000000000003 0.5 0.06 0.19333333333333336
0 0.31875000000000003 0.5566666666666668 0.0825 0.26666666666666666
0 0.36625 0.525 0.0675 0.22333333333333336
0 0.41875 0.5083333333333334 0.0475 0.15666666666666668
0 0.44125000000000003 0.5416666666666667 0.0775 0.26333333333333336
0 0.5125 0.61 0.115 0.3866666666666667
0 0.58625 0.5850000000000001 0.0825 0.27666666666666667
0 0.62875 0.4783333333333334 0.0425 0.14333333333333334
0 0.6637500000000001 0.4783333333333334 0.0475 0.15666666666666668
0 0.6950000000000001 0.48833333333333334 0.045 0.15666666666666668
0 0.7212500000000001 0.505 0.0525 0.17
0 0.735 0.6233333333333334 0.095 0.32
0 0.7925 0.535 0.08 0.26333333333333336
0 0.8512500000000001 0.4966666666666667 0.0625 0.2066666666666667
0 0.86875 0.525 0.0675 0.23
0 0.9375 0.5733333333333334 0.08 0.26
2 0.5925 0.42500000000000004 0.03 0.043333333333333335
2 0.76625 0.43000000000000005 0.0225 0.04
