0 0.04625 0.5786026200873362 0.0925 0.5021834061135371
0 0.08 0.5655021834061135 0.11 0.4672489082969432
0 0.16625 0.5764192139737991 0.11750000000000001 0.5152838427947598
0 0.195 0.5283842794759825 0.105 0.46288209606986896
0 0.3025 0.6724890829694323 0.15 0.6462882096069869
0 0.435 0.5305676855895196 0.1 0.4323144104803493
0 0.3775 0.5305676855895196 0.09 0.38864628820960695
0 0.51125 0.5371179039301309 0.0925 0.4104803493449781
0 0.4625 0.5327510917030568 0.09 0.38427947598253276
0 0.5775 0.5393013100436681 0.09 0.39737991266375544
0 0.605 0.6157205240174672 0.065 0.2794759825327511
0 0.65125 0.5305676855895196 0.0975 0.42358078602620086
0 0.70875 0.6506550218340611 0.1625 0.6899563318777292
0 0.82875 0.5567685589519651 0.0825 0.3537117903930131
0 0.81 0.5218340611353711 0.09 0.3799126637554585
0 0.9125 0.5611353711790392 0.105 0.4497816593886463
0 0.95875 0.5371179039301309 0.0775 0.43668122270742354
0 0.23750000000000002 0.5458515283842794 0.095 0.4017467248908297
2 0.88875 0.3689956331877729 0.0425 0.10917030567685589
2 0.7425 0.32532751091703055 0.03 0.05676855895196506
2 0.75375 0.3930131004366812 0.0325 0.08733624454148471
2 0.60875 0.36244541484716153 0.0275 0.07860262008733623
2 0.55875 0.36026200873362446 0.0275 0.074235807860262
2 0.255 0.35152838427947597 0.03 0.074235807860262
2 0.03625 0.30131004366812225 0.0475 0.07860262008733623
