0 0.09375 0.3983333333333334 0.0625 0.21000000000000002
0 0.155 0.36833333333333335 0.07 0.2366666666666667
0 0.23375 0.35000000000000003 0.0625 0.2
0 0.37625000000000003 0.3466666666666667 0.0625 0.2066666666666667
0 0.46375 0.35333333333333333 0.0525 0.18000000000000002
0 0.5775 0.325 0.055 0.18333333333333335
0 0.6725 0.31333333333333335 0.055 0.18666666666666668
0 0.7312500000000001 0.3166666666666667 0.0575 0.18666666666666668
0 0.80875 0.33 0.0625 0.2
0 0.9075 0.3166666666666667 0.065 0.21333333333333335
0 0.51875 0.3566666666666667 0.0475 0.15333333333333335
2 0.42375 0.34833333333333333 0.0575 0.07666666666666667
