0 0.11929824561403508 0.6253521126760564 0.0736842105263158 0.29859154929577464
0 0.22017543859649122 0.6014084507042254 0.08596491228070176 0.34084507042253526
0 0.2789473684210526 0.5746478873239437 0.05964912280701754 0.24225352112676057
0 0.3254385964912281 0.619718309859155 0.07543859649122807 0.29859154929577464
0 0.3859649122807018 0.5845070422535211 0.06315789473684211 0.2507042253521127
0 0.43508771929824563 0.6 0.08421052631578947 0.3323943661971831
0 0.49473684210526314 0.5647887323943662 0.056140350877192984 0.22816901408450704
0 0.5333333333333333 0.6084507042253522 0.08070175438596491 0.3154929577464789
0 0.5947368421052631 0.6042253521126761 0.07719298245614035 0.3126760563380282
0 0.6543859649122807 0.5676056338028169 0.052631578947368425 0.21690140845070424
0 0.6956140350877194 0.6112676056338029 0.07543859649122807 0.3042253521126761
0 0.7666666666666667 0.6112676056338029 0.0736842105263158 0.29859154929577464
0 0.8456140350877193 0.6140845070422536 0.0736842105263158 0.29295774647887324
0 0.9114035087719299 0.619718309859155 0.05789473684210526 0.23098591549295777
2 0.13508771929824562 0.42957746478873243 0.042105263157894736 0.07042253521126761
2 0.15087719298245614 0.4746478873239437 0.028070175438596492 0.053521126760563385
2 0.4035087719298246 0.43521126760563383 0.031578947368421054 0.07605633802816902
