0 0.16 0.51375 0.05333333333333334 0.1975
0 0.2541666666666667 0.5175 0.055 0.20500000000000002
0 0.3225 0.51 0.055 0.20500000000000002
0 0.3891666666666667 0.49875 0.055 0.2025
0 0.42250000000000004 0.5075000000000001 0.06166666666666667 0.23
0 0.5533333333333333 0.5025000000000001 0.05666666666666667 0.21
0 0.6266666666666667 0.5075000000000001 0.05666666666666667 0.21
0 0.7333333333333334 0.51 0.05333333333333334 0.195
0 0.8350000000000001 0.51 0.05666666666666667 0.20500000000000002
2 0.1391666666666667 0.88125 0.18833333333333335 0.2225
2 0.5391666666666667 0.81625 0.27166666666666667 0.3525
2 0.77 0.885 0.18666666666666668 0.225
2 0.8658333333333333 0.8150000000000001 0.13166666666666668 0.3
2 0.8741666666666668 0.6225 0.05166666666666667 0.1
2 0.7683333333333334 0.66 0.05333333333333334 0.125
2 0.7233333333333334 0.6825 0.08666666666666667 0.17
2 0.26166666666666666 0.67875 0.09666666666666668 0.1625
2 0.17916666666666667 0.655 0.06833333333333334 0.1
2 0.22833333333333336 0.81125 0.12333333333333334 0.20750000000000002
2 0.1 0.7000000000000001 0.12666666666666668 0.12
2 0.10250000000000001 0.615 0.04833333333333334 0.065
