0 0.14741379310344827 0.598159509202454 0.11551724137931034 0.5092024539877301
0 0.253448275862069 0.5429447852760736 0.05862068965517241 0.25766871165644173
0 0.2939655172413793 0.5797546012269938 0.07413793103448275 0.32515337423312884
0 0.5051724137931034 0.6088957055214724 0.1724137931034483 0.745398773006135
0 0.6629310344827586 0.6595092024539877 0.13620689655172413 0.588957055214724
0 0.753448275862069 0.5398773006134969 0.03103448275862069 0.13496932515337423
0 0.7887931034482758 0.5429447852760736 0.029310344827586206 0.13496932515337423
0 0.821551724137931 0.5736196319018405 0.07758620689655173 0.34355828220858897
0 0.8724137931034482 0.5812883435582822 0.05172413793103448 0.2361963190184049
0 0.9181034482758621 0.5460122699386504 0.0396551724137931 0.17177914110429449
0 0.9577586206896551 0.5659509202453988 0.08103448275862069 0.3588957055214724
