0 0.10705882352941176 0.3667711598746081 0.04941176470588235 0.16614420062695925
0 0.16470588235294117 0.3557993730407523 0.05647058823529411 0.18495297805642633
0 0.19352941176470587 0.4020376175548589 0.07411764705882352 0.23981191222570533
0 0.2417647058823529 0.4216300940438871 0.10941176470588235 0.3605015673981191
0 0.29470588235294115 0.38714733542319746 0.06705882352941175 0.21943573667711597
0 0.3341176470588235 0.4615987460815047 0.14352941176470588 0.46865203761755486
0 0.4058823529411764 0.5023510971786833 0.18588235294117644 0.603448275862069
0 0.47352941176470587 0.420846394984326 0.09529411764705882 0.3119122257053291
0 0.5347058823529411 0.3942006269592476 0.07411764705882352 0.24608150470219434
0 0.6076470588235293 0.43025078369905956 0.11176470588235293 0.36520376175548586
0 0.6788235294117646 0.6057993730407524 0.2352941176470588 0.7664576802507836
0 0.7729411764705881 0.4012539184952978 0.06823529411764705 0.2225705329153605
0 0.8435294117647059 0.4835423197492163 0.15058823529411763 0.49373040752351094
0 0.8923529411764705 0.427115987460815 0.10470588235294116 0.34326018808777425
0 0.9641176470588234 0.4067398119122257 0.06470588235294117 0.2147335423197492
2 0.8752941176470588 0.3126959247648903 0.016470588235294115 0.029780564263322883
2 0.3817647058823529 0.28761755485893414 0.024705882352941175 0.03918495297805642
2 0.44588235294117645 0.2907523510971787 0.023529411764705882 0.03918495297805642
4 0.05411764705882353 0.3299373040752351 0.0988235294117647 0.05799373040752351
