0 0.19166666666666668 0.3513071895424837 0.02777777777777778 0.12745098039215685
0 0.2111111111111111 0.33496732026143794 0.02962962962962963 0.12745098039215685
0 0.22592592592592595 0.42483660130718953 0.037037037037037035 0.1568627450980392
0 0.32962962962962966 0.2957516339869281 0.02962962962962963 0.12745098039215685
0 0.42592592592592593 0.5767973856209151 0.044444444444444446 0.19281045751633988
0 0.47222222222222227 0.39215686274509803 0.02592592592592593 0.12418300653594772
0 0.4842592592592593 0.3513071895424837 0.03518518518518519 0.15359477124183007
0 0.5370370370370371 0.28104575163398693 0.02592592592592593 0.11111111111111112
0 0.6601851851851852 0.39869281045751637 0.020370370370370372 0.08496732026143791
0 0.6814814814814815 0.3823529411764706 0.02592592592592593 0.11764705882352941
