0 0.056 0.46406250000000004 0.112 0.465625
0 0.149 0.5265625 0.158 0.603125
0 0.256 0.5078125 0.116 0.44062500000000004
0 0.339 0.48125 0.094 0.35625
0 0.421 0.4734375 0.106 0.40937500000000004
0 0.46900000000000003 0.47187500000000004 0.098 0.38125000000000003
0 0.31 0.465625 0.07200000000000001 0.28125
0 0.536 0.484375 0.084 0.31875000000000003
0 0.536 0.525 0.068 0.25625000000000003
0 0.602 0.5 0.07200000000000001 0.275
0 0.64 0.48281250000000003 0.07200000000000001 0.284375
0 0.668 0.5015625 0.06 0.22812500000000002
0 0.6970000000000001 0.5171875 0.054 0.215625
0 0.74 0.503125 0.056 0.21250000000000002
0 0.767 0.5015625 0.062 0.246875
0 0.793 0.509375 0.058 0.21875
0 0.834 0.515625 0.06 0.23125
0 0.857 0.53125 0.058 0.21875
0 0.917 0.5390625 0.062 0.240625
0 0.978 0.5750000000000001 0.04 0.18125000000000002
0 0.899 0.5484375 0.05 0.19687500000000002
0 0.9380000000000001 0.5125000000000001 0.056 0.225
