0 0.025625000000000002 0.556420233463035 0.051250000000000004 0.2529182879377432
0 0.0725 0.5583657587548638 0.065 0.2490272373540856
0 0.110625 0.5787937743190662 0.051250000000000004 0.19649805447470817
0 0.13375 0.5632295719844358 0.0425 0.16536964980544747
0 0.15687500000000001 0.561284046692607 0.03125 0.12256809338521402
0 0.179375 0.5486381322957199 0.03625 0.14007782101167315
0 0.22 0.5486381322957199 0.02 0.08171206225680934
0 0.268125 0.5379377431906615 0.043750000000000004 0.17315175097276264
0 0.359375 0.5603112840466926 0.16125 0.6186770428015564
0 0.47250000000000003 0.541828793774319 0.03 0.11867704280155641
0 0.51125 0.5321011673151751 0.0525 0.20428015564202334
0 0.618125 0.5214007782101168 0.09875 0.38132295719844356
0 0.574375 0.541828793774319 0.02125 0.08365758754863814
0 0.39937500000000004 0.5447470817120623 0.02875 0.10894941634241245
0 0.70625 0.5272373540856031 0.0625 0.23735408560311283
0 0.785 0.5340466926070039 0.045 0.17315175097276264
0 0.843125 0.5223735408560312 0.04625 0.18093385214007782
0 0.91625 0.5136186770428015 0.055 0.21011673151750973
0 0.726875 0.5340466926070039 0.01625 0.06809338521400779
2 0.22 0.5933852140077821 0.0425 0.054474708171206226
3 0.359375 0.24027237354085604 0.04125 0.09922178988326849
3 0.42625 0.2538910505836576 0.04 0.10700389105058367
