0 0.05 0.6959459459459459 0.1 0.5270270270270271
0 0.106 0.7179054054054055 0.116 0.4898648648648649
0 0.171 0.7770270270270271 0.058 0.25
0 0.223 0.7297297297297298 0.09 0.3783783783783784
0 0.35000000000000003 0.5878378378378378 0.2 0.8175675675675677
0 0.432 0.7956081081081081 0.08 0.32770270270270274
0 0.483 0.7364864864864865 0.106 0.44594594594594594
0 0.55 0.7415540540540541 0.1 0.41554054054054057
0 0.629 0.5472972972972974 0.194 0.8108108108108109
0 0.934 0.6081081081081081 0.128 0.7635135135135136
0 0.865 0.7837837837837838 0.098 0.40540540540540543
