0 0.8476357267950964 0.6334080717488789 0.22767075306479861 0.710762331838565
0 0.6847635726795096 0.6390134529147982 0.21366024518388793 0.6681614349775785
0 0.5183887915936953 0.6132286995515694 0.19614711033274956 0.6165919282511211
0 0.5464098073555166 0.6042600896860987 0.15061295971978983 0.47757847533632286
0 0.4159369527145359 0.5639013452914798 0.12784588441331 0.4013452914798206
0 0.3476357267950963 0.5482062780269058 0.11733800350262696 0.37443946188340804
0 0.4798598949211909 0.57847533632287 0.14010507880910683 0.4439461883408072
0 0.3161120840630473 0.515695067264574 0.11733800350262696 0.36771300448430494
0 0.28108581436077057 0.5112107623318386 0.09281961471103328 0.29596412556053814
0 0.24080560420315236 0.49551569506726456 0.08581436077057794 0.273542600896861
0 0.040280210157618214 0.45964125560538116 0.07705779334500876 0.24663677130044842
0 0.13134851138353765 0.4349775784753363 0.04203152364273205 0.1390134529147982
0 0.1532399299474606 0.4383408071748879 0.047285464098073555 0.14573991031390135
2 0.9711033274956217 0.40022421524663676 0.050788091068301226 0.11883408071748879
4 0.14360770577933452 0.4428251121076233 0.15411558669001751 0.16367713004484305
