0 0.88325 0.6221666666666666 0.1255 0.409
0 0.853375 0.5905 0.12175 0.39699999999999996
0 0.791375 0.612 0.11775000000000001 0.3833333333333333
0 0.757875 0.5808333333333333 0.11475 0.37366666666666665
0 0.7215 0.599 0.126 0.41
0 0.64075 0.5956666666666667 0.122 0.39666666666666667
0 0.565125 0.5855 0.12625 0.4103333333333333
0 0.496875 0.6003333333333333 0.11375 0.37
0 0.449 0.5728333333333333 0.1125 0.36633333333333334
0 0.42425 0.6064999999999999 0.1075 0.35033333333333333
0 0.36712500000000003 0.5785 0.11375 0.371
0 0.333125 0.6053333333333333 0.11225 0.366
0 0.281375 0.597 0.10925 0.35533333333333333
0 0.238125 0.6054999999999999 0.11975000000000001 0.38966666666666666
0 0.15712500000000001 0.601 0.12425 0.4053333333333333
0 0.059625000000000004 0.625 0.11625 0.378
2 0.684125 0.43666666666666665 0.03725 0.06266666666666666
2 0.614125 0.4453333333333333 0.02875 0.048
2 0.53075 0.4353333333333333 0.031 0.06
2 0.184625 0.4465 0.03775 0.057666666666666665
