0 0.2148241206030151 0.8400000000000001 0.06532663316582915 0.10833333333333334
0 0.2638190954773869 0.8670833333333334 0.0728643216080402 0.11916666666666667
0 0.4296482412060302 0.8154166666666667 0.0678391959798995 0.1125
0 0.6444723618090452 0.7695833333333334 0.06281407035175879 0.10416666666666667
0 0.8146984924623115 0.8483333333333334 0.07160804020100503 0.11833333333333335
0 0.12248743718592965 0.6358333333333334 0.06909547738693468 0.11333333333333334
0 0.6827889447236181 0.5529166666666667 0.06155778894472362 0.10250000000000001
0 0.4334170854271357 0.455 0.06532663316582915 0.10666666666666667
0 0.40515075376884424 0.37833333333333335 0.06909547738693468 0.11333333333333334
0 0.4723618090452261 0.25875000000000004 0.06532663316582915 0.10750000000000001
0 0.0829145728643216 0.16583333333333333 0.06532663316582915 0.10833333333333334
0 0.782035175879397 0.3016666666666667 0.07160804020100503 0.11833333333333335
0 0.7814070351758794 0.08 0.05778894472361809 0.09333333333333334
0 0.49120603015075376 0.11 0.05778894472361809 0.095
0 0.21796482412060303 0.07083333333333333 0.056532663316582916 0.09333333333333334
0 0.5175879396984925 0.03958333333333334 0.04773869346733668 0.07916666666666668
0 0.6777638190954774 0.0325 0.038944723618090454 0.065
3 0.0835427135678392 0.26375000000000004 0.0942211055276382 0.08583333333333334
3 0.09736180904522614 0.06916666666666667 0.06909547738693468 0.06333333333333334
