0 0.08 0.4975 0.11 0.41000000000000003
0 0.17333333333333334 0.47750000000000004 0.11 0.4
0 0.11750000000000001 0.4175 0.07166666666666667 0.265
0 0.27 0.4475 0.10666666666666667 0.395
0 0.2816666666666667 0.49125 0.08333333333333334 0.3025
0 0.33333333333333337 0.5025000000000001 0.07666666666666667 0.29
0 0.3725 0.47000000000000003 0.085 0.31
0 0.3416666666666667 0.39875 0.07666666666666667 0.28250000000000003
0 0.39916666666666667 0.39875 0.08833333333333333 0.3275
0 0.45333333333333337 0.37125 0.05333333333333334 0.1975
0 0.4941666666666667 0.39 0.07500000000000001 0.28
0 0.5633333333333334 0.33375 0.030000000000000002 0.1075
0 0.6033333333333334 0.385 0.06666666666666667 0.245
2 0.5325000000000001 0.38 0.04166666666666667 0.105
2 0.6075 0.3575 0.021666666666666667 0.075
2 0.6633333333333333 0.355 0.02666666666666667 0.06
2 0.34500000000000003 0.6225 0.32333333333333336 0.20500000000000002
