0 0.016782407407407406 0.6640625 0.02353395061728395 0.11086309523809523
0 0.054205246913580245 0.7027529761904762 0.04128086419753086 0.1956845238095238
0 0.0623070987654321 0.6514136904761905 0.022762345679012343 0.10788690476190475
0 0.08719135802469136 0.7057291666666666 0.05092592592592592 0.24181547619047616
0 0.125 0.7176339285714285 0.05941358024691358 0.27901785714285715
0 0.18036265432098764 0.7340029761904762 0.06674382716049382 0.3132440476190476
0 0.2513503086419753 0.7689732142857142 0.08063271604938271 0.3802083333333333
0 0.19849537037037035 0.6179315476190476 0.02044753086419753 0.09598214285714285
0 0.2040895061728395 0.6153273809523809 0.019290123456790122 0.09226190476190475
0 0.21720679012345678 0.6127232142857143 0.020833333333333332 0.09895833333333333
0 0.29745370370370366 0.7872023809523809 0.08873456790123456 0.41815476190476186
0 0.9668209876543209 0.6398809523809523 0.06558641975308642 0.3407738095238095
0 0.9047067901234568 0.5639880952380952 0.04938271604938271 0.23511904761904762
0 0.8692129629629629 0.6860119047619048 0.08641975308641975 0.40625
0 0.8342978395061728 0.5948660714285714 0.05516975308641975 0.26116071428571425
0 0.7658179012345678 0.6272321428571428 0.06095679012345678 0.28720238095238093
0 0.7860725308641975 0.5691964285714285 0.04282407407407407 0.20386904761904762
0 0.7216435185185185 0.59375 0.04899691358024691 0.23214285714285712
0 0.6792052469135802 0.6662946428571428 0.07060185185185185 0.3325892857142857
0 0.6413966049382716 0.7708333333333333 0.09297839506172839 0.43898809523809523
0 0.5013503086419753 0.7254464285714285 0.08294753086419752 0.39285714285714285
0 0.5594135802469136 0.6506696428571428 0.05864197530864197 0.27752976190476186
0 0.5385802469135802 0.6227678571428571 0.04398148148148148 0.20833333333333331
0 0.3248456790123457 0.6830357142857143 0.06172839506172839 0.2901785714285714
0 0.4359567901234568 0.7965029761904762 0.08564814814814814 0.4055059523809524
0 0.36612654320987653 0.6566220238095237 0.04398148148148148 0.2075892857142857
0 0.3985339506172839 0.7105654761904762 0.0625 0.2961309523809524
2 0.022376543209876542 0.6097470238095237 0.015432098765432098 0.034970238095238096
2 0.030285493827160493 0.605282738095238 0.015046296296296295 0.04241071428571428
2 0.057484567901234566 0.5985863095238095 0.015432098765432098 0.02901785714285714
2 0.1415895061728395 0.6729910714285714 0.021604938271604937 0.1688988095238095
2 0.21334876543209874 0.5621279761904762 0.009259259259259259 0.02306547619047619
2 0.26118827160493824 0.5639880952380952 0.015432098765432098 0.03869047619047619
2 0.27488425925925924 0.5680803571428571 0.01427469135802469 0.02901785714285714
2 0.98804012345679 0.48363095238095233 0.020833333333333332 0.10863095238095237
2 0.9947916666666666 0.3913690476190476 0.0073302469135802465 0.05952380952380952
2 0.9697145061728395 0.40885416666666663 0.02816358024691358 0.058779761904761904
2 0.9641203703703703 0.4348958333333333 0.03780864197530864 0.07514880952380952
2 0.941358024691358 0.42596726190476186 0.016203703703703703 0.0900297619047619
2 0.9207175925925926 0.40625 0.03047839506172839 0.05803571428571428
2 0.8989197530864197 0.4255952380952381 0.016975308641975308 0.06398809523809523
2 0.8940972222222222 0.41369047619047616 0.011959876543209876 0.06398809523809523
2 0.8832947530864197 0.4203869047619047 0.013503086419753086 0.05208333333333333
2 0.8665123456790123 0.4296875 0.013888888888888888 0.06919642857142856
2 0.8543595679012346 0.4334077380952381 0.019675925925925923 0.07366071428571429
2 0.8383487654320987 0.4334077380952381 0.012345679012345678 0.06324404761904762
2 0.8304398148148148 0.4341517857142857 0.015817901234567902 0.08407738095238095
2 0.8167438271604938 0.4289434523809524 0.016975308641975308 0.058779761904761904
2 0.8080632716049382 0.4341517857142857 0.010416666666666666 0.054315476190476185
2 0.7806712962962963 0.4456845238095238 0.01890432098765432 0.06845238095238095
2 0.7721836419753086 0.4378720238095238 0.013503086419753086 0.031994047619047616
2 0.7619598765432098 0.4378720238095238 0.017746913580246913 0.04241071428571428
2 0.7445987654320987 0.566220238095238 0.011574074074074073 0.18601190476190474
2 0.7025462962962963 0.44159226190476186 0.016975308641975308 0.031994047619047616
2 0.7104552469135802 0.4966517857142857 0.015817901234567902 0.04538690476190476
2 0.6062885802469136 0.4892113095238095 0.01427469135802469 0.026041666666666664
2 0.6109182098765432 0.5301339285714285 0.07214506172839506 0.07068452380952381
2 0.6043595679012346 0.5018601190476191 0.04282407407407407 0.06324404761904762
2 0.5802469135802468 0.47953869047619047 0.017746913580246913 0.03794642857142857
2 0.5707947530864197 0.48363095238095233 0.016589506172839504 0.041666666666666664
2 0.5630787037037037 0.48363095238095233 0.0073302469135802465 0.02976190476190476
2 0.5482253086419753 0.48660714285714285 0.013117283950617283 0.04613095238095238
2 0.5381944444444444 0.4899553571428571 0.020833333333333332 0.054315476190476185
2 0.5304783950617283 0.5081845238095238 0.014660493827160493 0.03571428571428571
2 0.4558256172839506 0.6480654761904762 0.02970679012345679 0.25148809523809523
2 0.5212191358024691 0.581845238095238 0.020833333333333332 0.16220238095238093
