0 0.09041394335511983 0.6356073211314476 0.09586056644880175 0.3560732113144759
0 0.1454248366013072 0.6114808652246256 0.0925925925925926 0.35108153078202997
0 0.2559912854030501 0.629783693843594 0.11111111111111112 0.41430948419301167
0 0.3077342047930284 0.6198003327787022 0.0991285403050109 0.37104825291181365
0 0.43518518518518523 0.6314475873544093 0.10784313725490197 0.40432612312811983
0 0.4831154684095861 0.6039933444259568 0.1056644880174292 0.39267886855241263
0 0.6111111111111112 0.6331114808652246 0.11982570806100219 0.4509151414309484
0 0.6514161220043574 0.6173044925124792 0.10457516339869283 0.389351081530782
0 0.8267973856209151 0.6397670549084858 0.11982570806100219 0.4509151414309484
0 0.8894335511982572 0.6139767054908486 0.1056644880174292 0.3993344425956739
