0 0.04308617234468937 0.563858695652174 0.08617234468937875 0.3125
0 0.10821643286573146 0.5692934782608695 0.08817635270541081 0.2907608695652174
0 0.19639278557114226 0.561141304347826 0.09218436873747494 0.3070652173913043
0 0.2685370741482966 0.6059782608695652 0.18036072144288576 0.5978260869565217
0 0.3627254509018036 0.5692934782608695 0.156312625250501 0.5244565217391304
0 0.6122244488977956 0.6195652173913043 0.1623246492985972 0.5434782608695652
0 0.7104208416833667 0.6086956521739131 0.16633266533066132 0.5597826086956521
0 0.8076152304609218 0.5557065217391304 0.08817635270541081 0.2907608695652174
0 0.8867735470941883 0.5692934782608695 0.08617234468937875 0.2907608695652174
0 0.9579158316633266 0.5679347826086957 0.08016032064128256 0.27717391304347827
2 0.503006012024048 0.4497282608695652 0.16432865731462926 0.26902173913043476
2 0.39378757515030055 0.5842391304347826 0.07414829659318636 0.30978260869565216
