0 0.0775 0.6216666666666667 0.155 0.5353333333333333
0 0.1255 0.5096666666666666 0.091 0.29666666666666663
0 0.1945 0.5743333333333334 0.132 0.43133333333333335
0 0.293 0.5306666666666666 0.112 0.36533333333333334
0 0.38625 0.5473333333333333 0.1325 0.432
0 0.48575 0.539 0.1115 0.36333333333333334
0 0.451 0.525 0.10300000000000001 0.33666666666666667
0 0.54 0.523 0.088 0.286
0 0.63775 0.5273333333333333 0.1005 0.328
0 0.7815 0.4963333333333333 0.076 0.24733333333333332
0 0.86425 0.536 0.1075 0.34933333333333333
0 0.9155 0.6266666666666666 0.168 0.5706666666666667
2 0.0175 0.4013333333333333 0.035 0.10666666666666666
2 0.0905 0.619 0.13 0.46199999999999997
2 0.13025 0.387 0.051500000000000004 0.07666666666666666
2 0.25125000000000003 0.5113333333333333 0.0545 0.30533333333333335
2 0.34500000000000003 0.5053333333333333 0.051000000000000004 0.296
2 0.41300000000000003 0.5436666666666666 0.077 0.366
3 0.66225 0.408 0.0145 0.024
3 0.713 0.4093333333333333 0.018000000000000002 0.018666666666666665
3 0.73825 0.4076666666666667 0.0165 0.02333333333333333
3 0.76425 0.4046666666666667 0.0185 0.029333333333333333
3 0.71375 0.4603333333333333 0.0175 0.03
3 0.68125 0.45666666666666667 0.0155 0.029333333333333333
3 0.6880000000000001 0.45799999999999996 0.015 0.022666666666666665
