0 0.9750000000000001 0.6079295154185023 0.03666666666666667 0.11894273127753305
0 0.905 0.6145374449339207 0.04 0.13215859030837004
0 0.8708333333333333 0.6376651982378855 0.058333333333333334 0.19603524229074892
0 0.8341666666666667 0.6376651982378855 0.058333333333333334 0.18722466960352424
0 0.79 0.7070484581497798 0.11333333333333334 0.37004405286343617
0 0.7150000000000001 0.6156387665198239 0.030000000000000002 0.09471365638766521
0 0.6516666666666667 0.6189427312775331 0.03333333333333333 0.10572687224669605
0 0.6050000000000001 0.7202643171806168 0.13 0.4229074889867842
0 0.4708333333333334 0.643171806167401 0.04166666666666667 0.14096916299559473
0 0.42083333333333334 0.6938325991189428 0.09166666666666667 0.29515418502202645
0 0.3916666666666667 0.6541850220264318 0.04666666666666667 0.15859030837004406
0 0.36333333333333334 0.6398678414096917 0.04 0.13436123348017623
0 0.3425 0.6497797356828194 0.045000000000000005 0.1497797356828194
0 0.31833333333333336 0.6255506607929516 0.03333333333333333 0.10572687224669605
0 0.31083333333333335 0.6640969162995596 0.04833333333333334 0.16079295154185025
0 0.265 0.656387665198238 0.043333333333333335 0.14096916299559473
0 0.24333333333333335 0.631057268722467 0.03333333333333333 0.10792951541850221
0 0.21333333333333335 0.670704845814978 0.05 0.16519823788546256
0 0.18833333333333335 0.6629955947136564 0.043333333333333335 0.14537444933920707
0 0.1575 0.6508810572687225 0.045000000000000005 0.14317180616740088
0 0.13333333333333333 0.6751101321585904 0.05 0.16079295154185025
0 0.11 0.6640969162995596 0.05 0.16079295154185025
0 0.09333333333333334 0.656387665198238 0.04 0.13656387665198239
0 0.0775 0.6530837004405287 0.03833333333333334 0.1299559471365639
0 0.03333333333333333 0.6806167400881058 0.05666666666666667 0.18061674008810574
2 0.015833333333333335 0.6618942731277534 0.021666666666666667 0.1696035242290749
2 0.009166666666666667 0.6200440528634362 0.018333333333333333 0.06828193832599119
2 0.058333333333333334 0.6409691629955948 0.023333333333333334 0.12775330396475773
2 0.14250000000000002 0.6068281938325992 0.018333333333333333 0.050660792951541855
2 0.195 0.6013215859030837 0.023333333333333334 0.048458149779735685
2 0.21833333333333335 0.6057268722466961 0.030000000000000002 0.0748898678414097
2 0.2525 0.6332599118942732 0.025 0.11233480176211455
2 0.2758333333333334 0.6288546255506609 0.03166666666666667 0.10352422907488988
2 0.2866666666666667 0.6156387665198239 0.03666666666666667 0.08590308370044053
2 0.4058333333333334 0.5837004405286345 0.028333333333333335 0.03524229074889868
2 0.9916666666666667 0.5991189427312776 0.013333333333333334 0.11013215859030838
2 0.5433333333333333 0.6343612334801763 0.03333333333333333 0.13656387665198239
2 0.8183333333333334 0.6277533039647578 0.04 0.15418502202643172
