0 0.0671875 0.7118055555555556 0.029687500000000002 0.12916666666666668
0 0.128515625 0.7166666666666667 0.08203125 0.35833333333333334
0 0.174609375 0.7090277777777778 0.02890625 0.12916666666666668
0 0.20625000000000002 0.71875 0.065625 0.2847222222222222
0 0.25625000000000003 0.7111111111111111 0.025 0.10833333333333334
0 0.33242187500000003 0.7076388888888889 0.08828125 0.38472222222222224
0 0.37812500000000004 0.6972222222222223 0.0484375 0.2111111111111111
0 0.436328125 0.7027777777777778 0.07265625 0.3194444444444445
0 0.487890625 0.6916666666666667 0.06171875 0.26666666666666666
0 0.53359375 0.6847222222222222 0.05625 0.24722222222222223
0 0.6058593750000001 0.6958333333333334 0.10078125 0.4388888888888889
0 0.63984375 0.6986111111111112 0.0734375 0.32222222222222224
0 0.6765625000000001 0.6923611111111111 0.05625 0.24305555555555555
0 0.8656250000000001 0.7104166666666667 0.10312500000000001 0.4486111111111111
0 0.83203125 0.6791666666666667 0.07500000000000001 0.325
2 0.020703125000000003 0.7333333333333334 0.013281250000000001 0.1277777777777778
2 0.19882812500000002 0.670138888888889 0.025781250000000002 0.051388888888888894
2 0.24179687500000002 0.68125 0.014843750000000001 0.034722222222222224
2 0.265625 0.68125 0.0171875 0.04861111111111111
2 0.29609375 0.6298611111111111 0.037500000000000006 0.12638888888888888
2 0.27578125000000003 0.6770833333333334 0.018750000000000003 0.03194444444444445
2 0.416796875 0.70625 0.01953125 0.08194444444444444
2 0.403125 0.7166666666666667 0.015625 0.04166666666666667
2 0.815625 0.7055555555555556 0.046875 0.3138888888888889
2 0.8046875 0.7159722222222222 0.010937500000000001 0.034722222222222224
3 0.743359375 0.6784722222222223 0.049218750000000006 0.1486111111111111
