0 0.10958333333333334 0.42312500000000003 0.06916666666666667 0.25625
0 0.8779166666666667 0.47250000000000003 0.09583333333333334 0.3525
0 0.915 0.4475 0.07333333333333333 0.27
1 0.7483333333333334 0.468125 0.1 0.36625
1 0.55125 0.42875 0.08416666666666667 0.3125
2 0.13083333333333333 0.385625 0.035 0.17625
2 0.17500000000000002 0.3875 0.05333333333333334 0.1375
2 0.21041666666666667 0.315625 0.04583333333333334 0.10125
2 0.24666666666666667 0.30375 0.055 0.1
2 0.6991666666666667 0.355 0.05 0.1075
2 0.7720833333333333 0.346875 0.01916666666666667 0.051250000000000004
2 0.7825000000000001 0.36375 0.018333333333333333 0.06
2 0.7891666666666667 0.33437500000000003 0.025 0.05625
2 0.8066666666666668 0.32875 0.018333333333333333 0.035
2 0.8208333333333334 0.35125 0.04 0.1125
2 0.8550000000000001 0.33625 0.035 0.05
2 0.7683333333333334 0.19625 0.018333333333333333 0.045
2 0.8250000000000001 0.198125 0.028333333333333335 0.05375
