0 0.058333333333333334 0.611111111111111 0.043333333333333335 0.14814814814814814
0 0.09166666666666667 0.5972222222222222 0.023333333333333334 0.08333333333333333
0 0.11833333333333335 0.6041666666666666 0.030000000000000002 0.10648148148148148
0 0.21333333333333335 0.6180555555555555 0.04666666666666667 0.17129629629629628
0 0.24500000000000002 0.6412037037037037 0.06333333333333334 0.2175925925925926
0 0.33166666666666667 0.662037037037037 0.08333333333333334 0.2962962962962963
0 0.4033333333333334 0.6898148148148148 0.17333333333333334 0.5833333333333333
0 0.5850000000000001 0.673611111111111 0.15000000000000002 0.5231481481481481
0 0.54 0.6550925925925926 0.10666666666666667 0.3657407407407407
0 0.48333333333333334 0.6597222222222222 0.07333333333333333 0.2546296296296296
0 0.6316666666666667 0.625 0.09666666666666668 0.32407407407407407
0 0.7000000000000001 0.673611111111111 0.1 0.35648148148148145
0 0.7583333333333334 0.6504629629629629 0.09000000000000001 0.3194444444444444
0 0.7833333333333334 0.6365740740740741 0.08 0.27314814814814814
0 0.8416666666666667 0.5902777777777778 0.023333333333333334 0.07870370370370369
0 0.8683333333333334 0.5925925925925926 0.030000000000000002 0.10185185185185185
0 0.8866666666666667 0.5902777777777778 0.02666666666666667 0.08796296296296297
0 0.9666666666666667 0.6064814814814814 0.060000000000000005 0.2222222222222222
0 0.925 0.5925925925925926 0.023333333333333334 0.08333333333333333
0 0.2866666666666667 0.5972222222222222 0.02666666666666667 0.09259259259259259
0 0.26666666666666666 0.5902777777777778 0.02666666666666667 0.08796296296296297
0 0.021666666666666667 0.5856481481481481 0.023333333333333334 0.07870370370370369
