0 0.0475 0.4727891156462585 0.05 0.16326530612244897
0 0.095 0.48639455782312924 0.065 0.21768707482993196
0 0.1475 0.5476190476190476 0.095 0.31972789115646255
0 0.21125 0.6547619047619048 0.1525 0.5136054421768708
0 0.2675 0.49829931972789115 0.065 0.21428571428571427
0 0.31625000000000003 0.46768707482993194 0.0425 0.15306122448979592
0 0.37 0.4693877551020408 0.045 0.14965986394557823
0 0.40375 0.5187074829931972 0.0725 0.24829931972789115
0 0.4425 0.5425170068027211 0.095 0.31632653061224486
0 0.50125 0.5527210884353742 0.0925 0.31632653061224486
0 0.52875 0.5034013605442177 0.0625 0.21768707482993196
0 0.5825 0.4812925170068027 0.055 0.18027210884353742
0 0.6125 0.5238095238095238 0.08 0.2653061224489796
0 0.63125 0.5918367346938775 0.1125 0.37414965986394555
0 0.715 0.6768707482993197 0.15 0.5102040816326531
0 0.795 0.5153061224489796 0.07 0.24149659863945577
0 0.8250000000000001 0.4965986394557823 0.055 0.19047619047619047
0 0.90125 0.5816326530612245 0.1075 0.35374149659863946
0 0.94875 0.5527210884353742 0.0775 0.26870748299319724
0 0.6325000000000001 0.32312925170068024 0.025 0.09523809523809523
2 0.20125 0.4268707482993197 0.1625 0.12585034013605442
2 0.35375 0.4149659863945578 0.0275 0.061224489795918366
2 0.47375 0.423469387755102 0.0325 0.06462585034013606
2 0.42125 0.5238095238095238 0.0375 0.25170068027210885
2 0.56125 0.4387755102040816 0.0325 0.07482993197278912
2 0.71 0.41326530612244894 0.085 0.09183673469387754
2 0.7775 0.35034013605442177 0.055 0.06802721088435373
2 0.73875 0.3758503401360544 0.0475 0.08503401360544217
2 0.9812500000000001 0.5153061224489796 0.0275 0.22789115646258504
