2 0.009765625 0.31666666666666665 0.017968750000000002 0.05416666666666667
2 0.0203125 0.3411458333333333 0.040625 0.071875
2 0.168359375 0.24375 0.032031250000000004 0.0375
2 0.21835937500000002 0.22864583333333333 0.017968750000000002 0.03854166666666667
2 0.22890625 0.23020833333333332 0.0125 0.025
2 0.107421875 0.2989583333333333 0.02890625 0.029166666666666667
2 0.132421875 0.29635416666666664 0.02421875 0.03229166666666666
2 0.16328125000000002 0.31614583333333335 0.043750000000000004 0.06770833333333333
2 0.162109375 0.34791666666666665 0.04453125 0.09166666666666666
2 0.13789062500000002 0.35572916666666665 0.03828125 0.103125
2 0.11328125 0.33229166666666665 0.045312500000000006 0.06458333333333333
2 0.055859375 0.46458333333333335 0.09296875 0.2
2 0.053515625000000004 0.4671875 0.08671875000000001 0.17395833333333333
2 0.07968750000000001 0.49895833333333334 0.1078125 0.23958333333333334
2 0.134765625 0.50625 0.09296875 0.26458333333333334
2 0.17304687500000002 0.5302083333333333 0.12421875 0.28125
2 0.203125 0.5401041666666666 0.11875000000000001 0.2864583333333333
2 0.18867187500000002 0.3625 0.06015625 0.11458333333333333
2 0.233203125 0.2953125 0.032031250000000004 0.036458333333333336
2 0.233203125 0.278125 0.032031250000000004 0.05416666666666667
2 0.2546875 0.2682291666666667 0.045312500000000006 0.04895833333333333
2 0.26875 0.30052083333333335 0.026562500000000003 0.06145833333333333
2 0.22734375 0.34375 0.043750000000000004 0.08333333333333333
2 0.251953125 0.35052083333333334 0.041406250000000006 0.103125
2 0.291796875 0.2869791666666667 0.032031250000000004 0.06145833333333333
2 0.30195312500000004 0.3072916666666667 0.02890625 0.08125
2 0.32460937500000003 0.29791666666666666 0.03515625 0.06041666666666667
2 0.34140625 0.30625 0.0421875 0.08125
2 0.37734375000000003 0.3203125 0.05 0.10729166666666666
2 0.346484375 0.35 0.05234375 0.12083333333333333
2 0.370703125 0.38645833333333335 0.05078125 0.08333333333333333
2 0.392578125 0.26145833333333335 0.032031250000000004 0.07291666666666667
2 0.408984375 0.2786458333333333 0.039843750000000004 0.08645833333333333
2 0.4265625 0.2505208333333333 0.028125 0.06354166666666666
2 0.45 0.24375 0.0421875 0.058333333333333334
2 0.43984375000000003 0.2739583333333333 0.045312500000000006 0.05416666666666667
2 0.44062500000000004 0.3234375 0.09375 0.12604166666666666
2 0.46406250000000004 0.38385416666666666 0.12187500000000001 0.15729166666666666
2 0.3796875 0.7057291666666666 0.1765625 0.5489583333333333
2 0.33984375 0.6125 0.1546875 0.4083333333333333
2 0.265625 0.6369791666666667 0.2078125 0.471875
2 0.269140625 0.515625 0.11171875 0.38125
2 0.7136718750000001 0.728125 0.17890625000000002 0.5229166666666667
2 0.5921875 0.728125 0.16718750000000002 0.5416666666666666
2 0.472265625 0.7255208333333333 0.18828125 0.5364583333333334
2 0.640234375 0.12239583333333333 0.039843750000000004 0.09270833333333334
2 0.6917968750000001 0.12239583333333333 0.02421875 0.06354166666666666
2 0.722265625 0.17291666666666666 0.07734375 0.09375
2 0.763671875 0.15625 0.15390625000000002 0.26458333333333334
2 0.8453125 0.16927083333333334 0.0921875 0.134375
2 0.8078125 0.4395833333333333 0.146875 0.3645833333333333
2 0.7585937500000001 0.40208333333333335 0.1046875 0.30833333333333335
2 0.67109375 0.3692708333333333 0.1265625 0.284375
2 0.57421875 0.3828125 0.1 0.18854166666666666
2 0.5359375000000001 0.3307291666666667 0.060937500000000006 0.11979166666666667
2 0.546875 0.23489583333333333 0.065625 0.065625
2 0.558984375 0.2708333333333333 0.09453125000000001 0.16041666666666665
2 0.599609375 0.25 0.08203125 0.1875
