0 0.21966666666666665 0.5524444444444445 0.102 0.33511111111111114
0 0.2763333333333333 0.5426666666666667 0.10466666666666666 0.34222222222222226
0 0.351 0.556 0.094 0.3066666666666667
0 0.4096666666666667 0.5484444444444445 0.09799999999999999 0.32
0 0.46399999999999997 0.5368888888888889 0.09866666666666667 0.3235555555555556
0 0.5366666666666666 0.5431111111111111 0.088 0.28800000000000003
0 0.6 0.5173333333333333 0.10533333333333333 0.3448888888888889
0 0.6576666666666666 0.5346666666666667 0.09933333333333333 0.32622222222222225
0 0.8006666666666666 0.5640000000000001 0.124 0.40622222222222226
0 0.7146666666666667 0.5511111111111111 0.11333333333333333 0.3715555555555556
0 0.8953333333333333 0.40044444444444444 0.010666666666666666 0.034666666666666665
2 0.753 0.40222222222222226 0.035333333333333335 0.059555555555555556
2 0.722 0.4 0.02 0.03911111111111111
2 0.7873333333333333 0.6831111111111111 0.16933333333333334 0.328
2 0.6779999999999999 0.648 0.09866666666666667 0.26666666666666666
2 0.597 0.6044444444444445 0.09533333333333333 0.256
2 0.5253333333333333 0.6084444444444445 0.064 0.27644444444444444
2 0.4666666666666667 0.6177777777777778 0.07066666666666667 0.23111111111111113
2 0.514 0.4146666666666667 0.07066666666666667 0.11644444444444445
2 0.822 0.3915555555555556 0.012 0.01688888888888889
2 0.8119999999999999 0.39555555555555555 0.012 0.019555555555555555
2 0.3993333333333333 0.6266666666666667 0.10133333333333333 0.27555555555555555
2 0.3183333333333333 0.656888888888889 0.11533333333333333 0.29333333333333333
2 0.20966666666666667 0.6751111111111111 0.106 0.2995555555555556
2 0.251 0.41155555555555556 0.018 0.03377777777777778
2 0.235 0.41600000000000004 0.012666666666666666 0.037333333333333336
2 0.3243333333333333 0.4088888888888889 0.014 0.044444444444444446
2 0.33499999999999996 0.40622222222222226 0.019333333333333334 0.035555555555555556
2 0.358 0.40711111111111115 0.014666666666666666 0.030222222222222223
2 0.36633333333333334 0.40044444444444444 0.012666666666666666 0.024
2 0.39399999999999996 0.39866666666666667 0.016 0.029333333333333336
2 0.4353333333333333 0.39866666666666667 0.017333333333333333 0.04
2 0.477 0.4048888888888889 0.012666666666666666 0.020444444444444446
2 0.48433333333333334 0.4017777777777778 0.012666666666666666 0.017777777777777778
