0 0.0625 0.555 0.125 0.5566666666666668
0 0.1325 0.4633333333333334 0.145 0.4733333333333334
0 0.19125 0.49500000000000005 0.1625 0.5366666666666667
0 0.31625000000000003 0.5850000000000001 0.20750000000000002 0.6766666666666667
0 0.47375 0.61 0.2175 0.7200000000000001
0 0.61 0.5733333333333334 0.23 0.7466666666666667
0 0.7725 0.5116666666666667 0.20500000000000002 0.6766666666666667
0 0.8575 0.5966666666666667 0.23 0.7533333333333334
0 0.7075 0.45 0.105 0.34
0 0.93625 0.3666666666666667 0.1225 0.42000000000000004
2 0.06875 0.4566666666666667 0.1325 0.5666666666666667
2 0.29375 0.14833333333333334 0.14250000000000002 0.25
2 0.36 0.4866666666666667 0.12 0.5533333333333333
2 0.4175 0.16166666666666668 0.14 0.23
2 0.5425 0.24666666666666667 0.14 0.4066666666666667
2 0.6225 0.26666666666666666 0.11 0.3066666666666667
2 0.6025 0.13333333333333333 0.095 0.14666666666666667
2 0.71375 0.19833333333333333 0.11750000000000001 0.21666666666666667
2 0.81625 0.155 0.0725 0.14333333333333334
2 0.92875 0.115 0.1225 0.20333333333333334
2 0.9500000000000001 0.5833333333333334 0.095 0.7400000000000001
