0 0.2753623188405797 0.4349514563106796 0.04927536231884058 0.16310679611650486
0 0.39057971014492754 0.4378640776699029 0.09710144927536232 0.3203883495145631
0 0.5072463768115942 0.4679611650485437 0.07536231884057971 0.24466019417475726
0 0.5268115942028986 0.4436893203883495 0.0536231884057971 0.17669902912621357
0 0.5746376811594203 0.4495145631067961 0.059420289855072465 0.19999999999999998
0 0.6065217391304348 0.45728155339805826 0.042028985507246375 0.14174757281553396
0 0.8347826086956522 0.4699029126213592 0.04057971014492753 0.13592233009708737
0 0.8115942028985508 0.45922330097087377 0.026086956521739132 0.08349514563106795
0 0.9789855072463768 0.47766990291262135 0.02753623188405797 0.08932038834951456
0 0.963768115942029 0.47184466019417476 0.02318840579710145 0.08155339805825243
0 0.9347826086956522 0.48349514563106794 0.026086956521739132 0.0854368932038835
0 0.9079710144927536 0.4728155339805825 0.021739130434782608 0.07572815533980583
0 0.8818840579710145 0.474757281553398 0.021739130434782608 0.07184466019417475
0 0.8695652173913043 0.47184466019417476 0.020289855072463767 0.06990291262135923
0 0.855072463768116 0.4757281553398058 0.017391304347826087 0.062135922330097085
2 0.7847826086956522 0.4805825242718446 0.030434782608695653 0.05242718446601941
2 0.7644927536231885 0.47961165048543686 0.01884057971014493 0.04271844660194175
2 0.7442028985507246 0.48349514563106794 0.03333333333333333 0.03495145631067961
2 0.25144927536231887 0.42427184466019413 0.030434782608695653 0.09514563106796116
4 0.6652173913043479 0.45436893203883494 0.0927536231884058 0.04271844660194175
4 0.55 0.4514563106796116 0.036231884057971016 0.029126213592233007
4 0.4543478260869565 0.44563106796116503 0.06521739130434782 0.029126213592233007
4 0.18043478260869567 0.4281553398058252 0.11739130434782609 0.036893203883495145
