0 0.08333333333333334 0.5154109589041096 0.0925925925925926 0.4280821917808219
0 0.1425925925925926 0.5051369863013698 0.10370370370370371 0.4691780821917808
0 0.19907407407407407 0.5205479452054794 0.09814814814814815 0.4452054794520548
0 0.24444444444444446 0.5085616438356164 0.0925925925925926 0.42123287671232873
0 0.2972222222222222 0.5034246575342466 0.09444444444444444 0.43150684931506844
0 0.3601851851851852 0.4948630136986301 0.09814814814814815 0.44863013698630133
0 0.437962962962963 0.4982876712328767 0.09814814814814815 0.4417808219178082
0 0.5240740740740741 0.5 0.0962962962962963 0.4452054794520548
0 0.5990740740740741 0.4914383561643835 0.10185185185185186 0.4691780821917808
0 0.6796296296296297 0.4948630136986301 0.11111111111111112 0.5102739726027397
0 0.7472222222222222 0.5102739726027397 0.10925925925925926 0.5
0 0.8185185185185185 0.5085616438356164 0.11111111111111112 0.5034246575342466
0 0.8657407407407408 0.47431506849315064 0.11666666666666667 0.5308219178082192
0 0.9398148148148149 0.48630136986301364 0.11666666666666667 0.547945205479452
2 0.03888888888888889 0.47431506849315064 0.03333333333333333 0.08561643835616438
