0 0.9847608024691358 0.459104938271605 0.02970679012345679 0.15997942386831276
0 0.9731867283950617 0.42798353909465026 0.021219135802469133 0.06995884773662552
0 0.9658564814814814 0.42798353909465026 0.021219135802469133 0.06995884773662552
0 0.9529320987654321 0.43312757201646096 0.020833333333333332 0.06893004115226338
0 0.947145061728395 0.42901234567901236 0.020061728395061727 0.06584362139917696
0 0.9338348765432098 0.4292695473251029 0.01890432098765432 0.06327160493827161
0 0.867091049382716 0.43544238683127573 0.019675925925925923 0.06532921810699589
0 0.8570601851851851 0.43672839506172845 0.019675925925925923 0.06481481481481483
0 0.8512731481481481 0.43775720164609055 0.019675925925925923 0.06378600823045268
0 0.8395061728395061 0.4233539094650206 0.021604938271604937 0.06995884773662552
0 0.8273533950617283 0.43415637860082307 0.02199074074074074 0.0720164609053498
0 0.8209876543209876 0.43338477366255146 0.022376543209876542 0.07253086419753087
0 0.7991898148148148 0.42129629629629634 0.02970679012345679 0.0977366255144033
0 0.7507716049382716 0.440843621399177 0.023148148148148147 0.0771604938271605
0 0.7438271604938271 0.43338477366255146 0.022376543209876542 0.07458847736625515
0 0.7395833333333333 0.43184156378600824 0.023919753086419752 0.0787037037037037
0 0.6917438271604938 0.4660493827160494 0.044753086419753084 0.14506172839506173
0 0.6774691358024691 0.46039094650205764 0.041666666666666664 0.1358024691358025
0 0.6643518518518519 0.46399176954732513 0.039351851851851846 0.1286008230452675
0 0.9018132716049382 0.7101337448559671 0.1732253086419753 0.5632716049382717
0 0.7814429012345678 0.606224279835391 0.12075617283950617 0.39248971193415644
0 0.6026234567901234 0.481224279835391 0.05092592592592592 0.16512345679012347
0 0.4720293209876543 0.4927983539094651 0.059027777777777776 0.1934156378600823
0 0.5387731481481481 0.5486111111111112 0.08757716049382716 0.2844650205761317
0 0.3742283950617284 0.4969135802469136 0.05632716049382716 0.18312757201646093
0 0.38676697530864196 0.4876543209876544 0.04591049382716049 0.15020576131687244
0 0.4087577160493827 0.47505144032921814 0.04205246913580247 0.13631687242798354
0 0.3047839506172839 0.470164609053498 0.034722222222222224 0.1131687242798354
0 0.2918595679012346 0.6262860082304528 0.11689814814814814 0.38117283950617287
0 0.16724537037037035 0.7283950617283951 0.16242283950617284 0.52880658436214
2 0.9805169753086419 0.3940329218106996 0.015046296296296295 0.04218106995884774
2 0.9612268518518517 0.39583333333333337 0.010416666666666666 0.02006172839506173
2 0.9388503086419753 0.39711934156378603 0.010416666666666666 0.01954732510288066
2 0.9145447530864197 0.4079218106995885 0.011959876543209876 0.02469135802469136
2 0.9155092592592592 0.4110082304526749 0.009259259259259259 0.02366255144032922
2 0.9232253086419753 0.4128086419753087 0.010802469135802469 0.02932098765432099
2 0.8971836419753086 0.4040637860082305 0.015046296296296295 0.03858024691358025
2 0.8526234567901234 0.3901748971193416 0.012345679012345678 0.02726337448559671
2 0.8587962962962963 0.3960905349794239 0.013888888888888888 0.01954732510288066
2 0.8356481481481481 0.39686213991769553 0.015432098765432098 0.03549382716049383
2 0.7905092592592592 0.4071502057613169 0.012345679012345678 0.02417695473251029
2 0.7781635802469136 0.3981481481481482 0.008487654320987654 0.01440329218106996
2 0.76929012345679 0.4202674897119342 0.015432098765432098 0.0462962962962963
2 0.7586805555555555 0.4084362139917696 0.016589506172839504 0.0360082304526749
2 0.7339891975308641 0.4328703703703704 0.010416666666666666 0.08179012345679013
2 0.7044753086419753 0.4652777777777778 0.03780864197530864 0.12397119341563786
2 0.642361111111111 0.45936213991769553 0.019290123456790122 0.12757201646090535
2 0.022955246913580245 0.521604938271605 0.04591049382716049 0.2438271604938272
2 0.425733024691358 0.4686213991769548 0.018132716049382713 0.12654320987654322
2 0.4351851851851852 0.46784979423868317 0.019290123456790122 0.11882716049382717
2 0.4886188271604938 0.46913580246913583 0.024305555555555552 0.12654320987654322
2 0.4942129629629629 0.459104938271605 0.022376543209876542 0.125
2 0.5088734567901234 0.45576131687242805 0.020833333333333332 0.10185185185185186
2 0.5532407407407407 0.4223251028806585 0.022376543209876542 0.07304526748971193
2 0.5509259259259259 0.440843621399177 0.020061728395061727 0.07407407407407408
2 0.5871913580246914 0.4621913580246914 0.020061728395061727 0.13425925925925927
2 0.5771604938271605 0.4616769547325103 0.020061728395061727 0.11676954732510289
