0 0.06041666666666667 0.6444444444444445 0.029166666666666667 0.09444444444444444
0 0.025 0.6194444444444445 0.03333333333333333 0.11111111111111112
0 0.036458333333333336 0.5 0.01875 0.06666666666666667
0 0.05416666666666667 0.4916666666666667 0.016666666666666666 0.05555555555555556
0 0.08645833333333333 0.4861111111111111 0.014583333333333334 0.05555555555555556
0 0.10104166666666667 0.48333333333333334 0.014583333333333334 0.05
0 0.30625 0.725 0.041666666666666664 0.14444444444444446
0 0.43333333333333335 0.8027777777777778 0.04583333333333333 0.15
0 0.4864583333333333 0.8180555555555555 0.05625 0.18611111111111112
0 0.5125 0.8430555555555556 0.05 0.1638888888888889
0 0.5677083333333334 0.8638888888888889 0.052083333333333336 0.16666666666666669
0 0.603125 0.8847222222222223 0.05625 0.18055555555555555
0 0.93125 0.5638888888888889 0.029166666666666667 0.09444444444444444
0 0.9125 0.5513888888888889 0.025 0.08055555555555556
0 0.8177083333333334 0.5388888888888889 0.022916666666666665 0.08333333333333334
0 0.7791666666666667 0.5347222222222222 0.020833333333333332 0.06944444444444445
0 0.74375 0.5375 0.020833333333333332 0.075
0 0.709375 0.5555555555555556 0.01875 0.06666666666666667
0 0.684375 0.5666666666666667 0.027083333333333334 0.08888888888888889
0 0.6697916666666667 0.5569444444444445 0.022916666666666665 0.08055555555555556
0 0.5375 0.5444444444444445 0.020833333333333332 0.07777777777777778
0 0.525 0.5527777777777778 0.025 0.08333333333333334
0 0.5125 0.5458333333333334 0.025 0.08055555555555556
0 0.4270833333333333 0.4986111111111111 0.016666666666666666 0.0638888888888889
0 0.43854166666666666 0.4930555555555556 0.01875 0.0638888888888889
0 0.5510416666666667 0.4777777777777778 0.014583333333333334 0.05
0 0.5458333333333333 0.4666666666666667 0.016666666666666666 0.05555555555555556
0 0.953125 0.4236111111111111 0.014583333333333334 0.04722222222222222
2 0.37083333333333335 0.951388888888889 0.05 0.09166666666666667
2 0.4302083333333333 0.9458333333333334 0.06875 0.08055555555555556
2 0.534375 0.9444444444444445 0.04375 0.09444444444444444
2 0.5729166666666666 0.951388888888889 0.04583333333333333 0.08055555555555556
2 0.08333333333333333 0.6555555555555556 0.041666666666666664 0.05
2 0.4427083333333333 0.34444444444444444 0.01875 0.02777777777777778
2 0.403125 0.3402777777777778 0.01875 0.019444444444444445
