0 0.1127659574468085 0.652 0.18085106382978725 0.6672
0 0.23244680851063831 0.6776 0.12446808510638298 0.456
0 0.33989361702127663 0.6976 0.13085106382978723 0.48000000000000004
0 0.4196808510638298 0.6432 0.12872340425531914 0.4736
0 0.4856382978723404 0.6752 0.13085106382978723 0.48000000000000004
0 0.5414893617021277 0.6448 0.13191489361702127 0.48960000000000004
0 0.5936170212765958 0.6904 0.14680851063829786 0.5424
0 0.7212765957446808 0.6672 0.13404255319148936 0.4928
0 0.8106382978723404 0.6432 0.12553191489361704 0.46080000000000004
0 0.8723404255319149 0.6104 0.12978723404255318 0.4752
0 0.9372340425531915 0.5976 0.11702127659574468 0.43360000000000004
2 0.30851063829787234 0.6408 0.09574468085106383 0.4592
2 0.29521276595744683 0.48960000000000004 0.05425531914893617 0.15360000000000001
2 0.1824468085106383 0.664 0.11595744680851064 0.5152
2 0.3792553191489362 0.45280000000000004 0.05425531914893617 0.096
2 0.45585106382978724 0.4464 0.05425531914893617 0.08
2 0.6276595744680851 0.4544 0.07659574468085106 0.1472
2 0.6680851063829787 0.41200000000000003 0.04680851063829787 0.0656
2 0.7489361702127659 0.4136 0.07021276595744681 0.1296
2 0.6925531914893617 0.45120000000000005 0.07021276595744681 0.10880000000000001
2 0.8074468085106383 0.38320000000000004 0.03829787234042553 0.0912
2 0.8404255319148937 0.4232 0.03617021276595745 0.0976
2 0.0425531914893617 0.4544 0.03617021276595745 0.0512
2 0.05585106382978724 0.44 0.022340425531914895 0.0512
4 0.49308510638297876 0.23920000000000002 0.9840425531914894 0.3024
