0 0.062 0.6016042780748663 0.124 0.5614973262032085
0 0.116 0.6082887700534759 0.14400000000000002 0.47326203208556145
0 0.161 0.6216577540106951 0.158 0.516042780748663
0 0.22 0.6122994652406417 0.14 0.4598930481283422
0 0.321 0.6122994652406417 0.14200000000000002 0.4652406417112299
0 0.291 0.5601604278074866 0.154 0.5053475935828877
0 0.418 0.5628342245989304 0.148 0.4839572192513369
0 0.5 0.5668449197860962 0.152 0.49732620320855614
0 0.767 0.5481283422459893 0.146 0.4759358288770053
0 0.586 0.6203208556149732 0.224 0.7379679144385026
0 0.686 0.49866310160427807 0.108 0.3609625668449198
0 0.928 0.5267379679144385 0.108 0.3582887700534759
0 0.894 0.5053475935828877 0.1 0.3262032085561497
0 0.355 0.11898395721925133 0.042 0.14171122994652405
0 0.374 0.12433155080213903 0.036000000000000004 0.12566844919786097
0 0.14100000000000001 0.06951871657754011 0.018000000000000002 0.058823529411764705
0 0.16 0.0962566844919786 0.044 0.1497326203208556
2 0.625 0.37433155080213903 0.038 0.08021390374331551
2 0.656 0.3716577540106952 0.02 0.0641711229946524
2 0.8230000000000001 0.06016042780748663 0.042 0.08823529411764705
2 0.878 0.0481283422459893 0.044 0.0962566844919786
2 0.672 0.08957219251336898 0.036000000000000004 0.08288770053475936
2 0.622 0.08021390374331551 0.06 0.0962566844919786
2 0.553 0.11764705882352941 0.038 0.058823529411764705
2 0.51 0.11898395721925133 0.044 0.06149732620320855
2 0.47000000000000003 0.12165775401069517 0.036000000000000004 0.05614973262032085
2 0.8220000000000001 0.5414438502673796 0.048 0.14705882352941177
2 0.293 0.1336898395721925 0.05 0.0909090909090909
2 0.108 0.11363636363636363 0.028 0.06684491978609625
2 0.10400000000000001 0.05080213903743315 0.036000000000000004 0.053475935828877004
2 0.07200000000000001 0.17780748663101603 0.052000000000000005 0.10962566844919786
2 0.029 0.17513368983957217 0.03 0.11497326203208555
2 0.445 0.3943850267379679 0.03 0.07754010695187165
