0 0.053 0.7773333333333333 0.106 0.35466666666666663
0 0.10200000000000001 0.7253333333333333 0.076 0.256
0 0.186 0.724 0.076 0.2533333333333333
0 0.221 0.6973333333333334 0.078 0.2533333333333333
0 0.28200000000000003 0.7 0.068 0.22133333333333333
0 0.32 0.7426666666666667 0.088 0.2906666666666667
0 0.342 0.7213333333333333 0.08 0.2693333333333333
0 0.379 0.6986666666666667 0.07 0.23466666666666666
0 0.41500000000000004 0.6906666666666667 0.066 0.21333333333333332
0 0.47800000000000004 0.708 0.08 0.25866666666666666
0 0.5660000000000001 0.7 0.068 0.22133333333333333
0 0.53 0.6786666666666666 0.052000000000000005 0.17866666666666667
0 0.616 0.648 0.036000000000000004 0.12266666666666666
0 0.657 0.8146666666666667 0.11 0.36533333333333334
0 0.738 0.7946666666666666 0.12 0.39466666666666667
0 0.925 0.8173333333333334 0.10200000000000001 0.33866666666666667
0 0.898 0.7879999999999999 0.10400000000000001 0.33866666666666667
0 0.966 0.7853333333333333 0.064 0.312
0 0.858 0.7653333333333333 0.088 0.288
0 0.664 0.52 0.016 0.058666666666666666
0 0.788 0.6666666666666666 0.064 0.208
0 0.8210000000000001 0.6786666666666666 0.054 0.17866666666666667
0 0.436 0.6786666666666666 0.07200000000000001 0.23199999999999998
0 0.46 0.5773333333333334 0.016 0.056
0 0.359 0.588 0.018000000000000002 0.056
0 0.152 0.636 0.052000000000000005 0.16799999999999998
0 0.256 0.6639999999999999 0.06 0.20266666666666666
0 0.201 0.568 0.018000000000000002 0.064
0 0.035 0.7146666666666667 0.07 0.27199999999999996
2 0.855 0.6013333333333333 0.03 0.034666666666666665
2 0.881 0.576 0.03 0.048
2 0.916 0.5626666666666666 0.016 0.032
2 0.931 0.5706666666666667 0.014 0.03733333333333333
2 0.661 0.596 0.026000000000000002 0.04
2 0.639 0.5773333333333334 0.018000000000000002 0.04
2 0.62 0.5653333333333334 0.02 0.032
2 0.603 0.572 0.022 0.029333333333333333
2 0.561 0.5613333333333334 0.026000000000000002 0.04
2 0.492 0.5813333333333334 0.016 0.042666666666666665
2 0.505 0.5666666666666667 0.014 0.034666666666666665
2 0.682 0.5906666666666667 0.016 0.034666666666666665
2 0.7020000000000001 0.6133333333333333 0.024 0.07466666666666666
2 0.044 0.5133333333333333 0.024 0.04
2 0.054 0.5546666666666666 0.028 0.042666666666666665
2 0.131 0.5653333333333334 0.018000000000000002 0.03733333333333333
2 0.093 0.5706666666666667 0.03 0.03733333333333333
2 0.098 0.5453333333333333 0.024 0.018666666666666665
4 0.929 0.5346666666666666 0.082 0.04
4 0.8270000000000001 0.528 0.098 0.048
4 0.706 0.5413333333333333 0.068 0.058666666666666666
4 0.6 0.5346666666666666 0.068 0.029333333333333333
4 0.541 0.5266666666666666 0.022 0.029333333333333333
4 0.461 0.5266666666666666 0.094 0.04533333333333333
4 0.382 0.524 0.064 0.056
4 0.31 0.5213333333333333 0.07200000000000001 0.056
4 0.213 0.512 0.122 0.048
4 0.10200000000000001 0.5106666666666666 0.096 0.050666666666666665
4 0.017 0.528 0.034 0.08533333333333333
