0 0.078 0.5453333333333333 0.14 0.45599999999999996
0 0.20800000000000002 0.52 0.12 0.39999999999999997
0 0.258 0.496 0.112 0.3733333333333333
0 0.312 0.632 0.20400000000000001 0.6666666666666666
0 0.382 0.4093333333333333 0.052000000000000005 0.17333333333333334
0 0.12 0.4373333333333333 0.044 0.144
0 0.094 0.5213333333333333 0.124 0.4026666666666667
0 0.502 0.41466666666666663 0.048 0.16266666666666665
0 0.554 0.4706666666666667 0.088 0.296
0 0.6920000000000001 0.5173333333333333 0.136 0.44266666666666665
0 0.759 0.5346666666666666 0.162 0.5253333333333333
0 0.852 0.47866666666666663 0.112 0.36533333333333334
2 0.234 0.356 0.032 0.050666666666666665
2 0.3 0.36533333333333334 0.036000000000000004 0.064
2 0.167 0.3733333333333333 0.026000000000000002 0.03733333333333333
