0 0.9299999999999999 0.49411764705882355 0.04526315789473684 0.1781512605042017
0 0.9036842105263158 0.49747899159663866 0.0431578947368421 0.16806722689075632
0 0.8821052631578947 0.49747899159663866 0.042105263157894736 0.16806722689075632
0 0.8521052631578947 0.49747899159663866 0.04526315789473684 0.17478991596638657
0 0.8084210526315789 0.48655462184873954 0.04 0.1596638655462185
0 0.8289473684210527 0.49411764705882355 0.034736842105263156 0.1411764705882353
0 0.7521052631578947 0.5025210084033613 0.02631578947368421 0.10084033613445378
0 0.7321052631578947 0.47563025210084037 0.028421052631578948 0.11092436974789917
0 0.7110526315789474 0.4840336134453782 0.030526315789473683 0.12436974789915967
0 0.6584210526315789 0.5100840336134455 0.022105263157894735 0.09243697478991597
0 0.6642105263157895 0.48991596638655466 0.031578947368421054 0.12268907563025211
0 0.64 0.48991596638655466 0.029473684210526315 0.11932773109243698
0 0.6278947368421053 0.49327731092436977 0.02631578947368421 0.10252100840336136
0 0.6126315789473684 0.48991596638655466 0.02526315789473684 0.10252100840336136
0 0.5894736842105263 0.4773109243697479 0.021052631578947368 0.08403361344537816
0 0.5989473684210527 0.4823529411764706 0.02526315789473684 0.10084033613445378
0 0.5763157894736842 0.46638655462184875 0.017894736842105262 0.06890756302521009
0 0.5478947368421052 0.484873949579832 0.024210526315789474 0.0957983193277311
0 0.5394736842105263 0.48067226890756304 0.02 0.08067226890756303
0 0.5236842105263158 0.4781512605042017 0.02 0.07899159663865547
0 0.4978947368421053 0.4747899159663866 0.016842105263157894 0.06890756302521009
0 0.48368421052631577 0.4697478991596639 0.013684210526315788 0.05882352941176471
0 0.47578947368421054 0.46890756302521014 0.014736842105263158 0.05714285714285715
0 0.451578947368421 0.4789915966386555 0.014736842105263158 0.060504201680672276
0 0.441578947368421 0.49075630252100844 0.013684210526315788 0.05714285714285715
0 0.43 0.46638655462184875 0.009473684210526315 0.03529411764705882
0 0.3252631578947368 0.4773109243697479 0.010526315789473684 0.04369747899159664
0 0.3373684210526316 0.4781512605042017 0.011578947368421053 0.04537815126050421
0 0.30842105263157893 0.4739495798319328 0.008421052631578947 0.033613445378151266
0 0.2963157894736842 0.4739495798319328 0.007368421052631579 0.033613445378151266
2 0.41526315789473683 0.4512605042016807 0.015789473684210527 0.025210084033613446
2 0.46789473684210525 0.4890756302521009 0.011578947368421053 0.04369747899159664
2 0.2831578947368421 0.4991596638655462 0.01894736842105263 0.03697478991596639
2 0.4342105263157895 0.44873949579831934 0.007368421052631579 0.016806722689075633
2 0.3894736842105263 0.46218487394957986 0.01263157894736842 0.030252100840336138
4 0.37105263157894736 0.45462184873949585 0.022105263157894735 0.02184873949579832
4 0.3494736842105263 0.4647058823529412 0.01894736842105263 0.04201680672268908
4 0.15157894736842104 0.46638655462184875 0.04 0.011764705882352941
4 0.20368421052631577 0.4647058823529412 0.0431578947368421 0.025210084033613446
4 0.24421052631578946 0.46302521008403363 0.03789473684210526 0.02184873949579832
4 0.2752631578947368 0.46554621848739497 0.024210526315789474 0.030252100840336138
4 0.3157894736842105 0.4571428571428572 0.01263157894736842 0.020168067226890758
