0 0.09699248120300752 0.5383747178329571 0.019548872180451128 0.07449209932279909
0 0.39323308270676693 0.6185101580135439 0.0887218045112782 0.3295711060948081
0 0.4421052631578948 0.5485327313769751 0.04210526315789474 0.15349887133182843
0 0.506015037593985 0.6523702031602708 0.1398496240601504 0.510158013544018
0 0.6323308270676692 0.5383747178329571 0.03759398496240602 0.14221218961625282
0 0.575187969924812 0.5214446952595936 0.02556390977443609 0.09932279909706546
0 0.6157894736842106 0.5846501128668171 0.02255639097744361 0.09029345372460496
0 0.46315789473684216 0.5304740406320542 0.030075187969924814 0.10835214446952596
0 0.29849624060150376 0.5349887133182843 0.031578947368421054 0.1218961625282167
0 0.281203007518797 0.5293453724604966 0.02406015037593985 0.08803611738148984
0 0.2360902255639098 0.5146726862302483 0.012030075187969926 0.04966139954853273
0 0.9278195488721805 0.5970654627539503 0.081203007518797 0.29571106094808125
0 0.9601503759398496 0.5812641083521444 0.055639097744360905 0.20993227990970653
0 0.856390977443609 0.5327313769751693 0.04661654135338346 0.17607223476297967
0 0.7939849624060151 0.510158013544018 0.02105263157894737 0.08126410835214447
0 0.8383458646616542 0.5045146726862302 0.02255639097744361 0.08352144469525959
0 0.8729323308270677 0.5237020316027088 0.02255639097744361 0.08126410835214447
0 0.9887218045112782 0.5451467268623025 0.019548872180451128 0.14672686230248305
0 0.6729323308270677 0.518058690744921 0.01654135338345865 0.06094808126410835
0 0.7451127819548873 0.5045146726862302 0.013533834586466165 0.05191873589164785
0 0.5947368421052632 0.518058690744921 0.019548872180451128 0.06997742663656885
0 0.33458646616541354 0.5112866817155756 0.01654135338345865 0.0654627539503386
0 0.20225563909774438 0.5372460496613995 0.013533834586466165 0.04966139954853273
0 0.1766917293233083 0.5304740406320542 0.010526315789473686 0.04514672686230248
0 0.07443609022556391 0.5191873589164785 0.010526315789473686 0.04514672686230248
0 0.0368421052631579 0.5248306997742663 0.013533834586466165 0.0564334085778781
2 0.06165413533834587 0.6049661399548533 0.06015037593984963 0.05417607223476298
2 0.2774436090225564 0.6512415349887133 0.04360902255639098 0.0654627539503386
2 0.25413533834586466 0.590293453724605 0.039097744360902256 0.0564334085778781
2 0.06842105263157895 0.5632054176072234 0.028571428571428574 0.03386004514672686
2 0.1631578947368421 0.5417607223476297 0.013533834586466165 0.03611738148984198
2 0.14586466165413534 0.5270880361173814 0.02105263157894737 0.0564334085778781
2 0.02180451127819549 0.5654627539503385 0.02255639097744361 0.03386004514672686
2 0.015037593984962407 0.520316027088036 0.015037593984962407 0.04288939051918735
2 0.02706766917293233 0.518058690744921 0.012030075187969926 0.03837471783295711
2 0.06090225563909775 0.510158013544018 0.01654135338345865 0.040632054176072234
4 0.8180451127819549 0.5022573363431151 0.02706766917293233 0.0564334085778781
4 0.768421052631579 0.4627539503386004 0.015037593984962407 0.03160270880361173
4 0.7842105263157895 0.4593679458239277 0.013533834586466165 0.03386004514672686
4 0.7691729323308271 0.4988713318284424 0.03458646616541353 0.04966139954853273
4 0.7090225563909774 0.4988713318284424 0.049624060150375945 0.04514672686230248
4 0.649624060150376 0.49774266365688485 0.02706766917293233 0.02934537246049661
4 0.6759398496240602 0.48306997742663654 0.010526315789473686 0.02708803611738149
4 0.6977443609022557 0.4627539503386004 0.02706766917293233 0.02708803611738149
4 0.6473684210526316 0.4627539503386004 0.010526315789473686 0.02257336343115124
4 0.5894736842105264 0.4593679458239277 0.02105263157894737 0.020316027088036117
4 0.6142857142857143 0.45823927765237016 0.01654135338345865 0.02257336343115124
4 0.25639097744360906 0.5158013544018059 0.031578947368421054 0.0564334085778781
4 0.41954887218045117 0.49322799097065456 0.02706766917293233 0.02934537246049661
4 0.3165413533834587 0.510158013544018 0.028571428571428574 0.03160270880361173
4 0.11578947368421054 0.518058690744921 0.01804511278195489 0.02934537246049661
4 0.1255639097744361 0.5598194130925508 0.01654135338345865 0.02708803611738149
4 0.20827067669172933 0.5011286681715575 0.03759398496240602 0.02708803611738149
