0 0.46249999999999997 0.49462365591397855 0.03214285714285714 0.12365591397849464
0 0.5125 0.5 0.02857142857142857 0.10752688172043012
0 0.48928571428571427 0.5631720430107527 0.04285714285714286 0.16397849462365593
0 0.32232142857142854 0.6559139784946237 0.1125 0.41935483870967744
0 0.35 0.6290322580645161 0.10357142857142856 0.38709677419354843
0 0.375 0.6169354838709677 0.09285714285714286 0.3467741935483871
0 0.39017857142857143 0.6102150537634409 0.08392857142857142 0.3118279569892473
0 0.40267857142857144 0.5981182795698925 0.07678571428571428 0.28763440860215056
0 0.41428571428571426 0.5913978494623656 0.07142857142857142 0.2634408602150538
0 0.425 0.5833333333333334 0.060714285714285714 0.23118279569892475
0 0.4375 0.5766129032258065 0.05714285714285714 0.21236559139784947
0 0.44732142857142854 0.571236559139785 0.05178571428571428 0.19623655913978497
0 0.27232142857142855 0.6276881720430108 0.0875 0.3252688172043011
0 0.2017857142857143 0.653225806451613 0.09999999999999999 0.37634408602150543
0 0.14553571428571427 0.6263440860215054 0.09107142857142857 0.34408602150537637
0 0.1732142857142857 0.6129032258064516 0.08214285714285714 0.3010752688172043
0 0.027678571428571427 0.6209677419354839 0.055357142857142855 0.32795698924731187
0 0.05982142857142857 0.6048387096774194 0.08035714285714285 0.2956989247311828
0 0.10714285714285714 0.6061827956989247 0.06428571428571428 0.24462365591397853
0 0.08839285714285713 0.5900537634408602 0.0625 0.228494623655914
0 0.2357142857142857 0.5967741935483871 0.05714285714285714 0.21505376344086025
0 0.6080357142857142 0.46370967741935487 0.01607142857142857 0.06182795698924732
0 0.6035714285714285 0.5618279569892474 0.049999999999999996 0.1827956989247312
0 0.7357142857142857 0.6922043010752689 0.15714285714285714 0.5779569892473119
0 0.7142857142857143 0.6827956989247312 0.1357142857142857 0.5053763440860215
0 0.6857142857142857 0.6706989247311829 0.13214285714285715 0.48655913978494625
0 0.6714285714285714 0.6545698924731184 0.11428571428571428 0.4274193548387097
0 0.6598214285714286 0.6370967741935485 0.10178571428571428 0.37634408602150543
0 0.6508928571428572 0.6276881720430108 0.09107142857142857 0.3413978494623656
0 0.7999999999999999 0.6303763440860215 0.08928571428571429 0.3306451612903226
0 0.6339285714285714 0.5954301075268817 0.06785714285714285 0.25
0 0.9517857142857142 0.64247311827957 0.09285714285714286 0.42473118279569894
0 0.9205357142857142 0.6303763440860215 0.09821428571428571 0.3629032258064516
0 0.8964285714285714 0.6344086021505377 0.08214285714285714 0.3118279569892473
0 0.8714285714285714 0.6236559139784946 0.07857142857142857 0.2903225806451613
0 0.8526785714285714 0.6182795698924731 0.07321428571428572 0.2688172043010753
0 0.8392857142857143 0.6021505376344086 0.06785714285714285 0.25806451612903225
0 0.8241071428571428 0.6021505376344086 0.06607142857142857 0.24193548387096775
0 0.975 0.6209677419354839 0.04642857142857143 0.32258064516129037
2 0.06785714285714285 0.49596774193548393 0.014285714285714285 0.040322580645161296
2 0.08839285714285713 0.4731182795698925 0.026785714285714284 0.021505376344086023
2 0.03125 0.4852150537634409 0.012499999999999999 0.0456989247311828
2 0.13392857142857142 0.4825268817204301 0.014285714285714285 0.040322580645161296
2 0.12053571428571429 0.4852150537634409 0.01607142857142857 0.02956989247311828
2 0.16874999999999998 0.49059139784946243 0.012499999999999999 0.051075268817204304
2 0.2955357142857143 0.4986559139784947 0.019642857142857142 0.03494623655913979
2 0.3044642857142857 0.47580645161290325 0.01607142857142857 0.02688172043010753
2 0.7678571428571428 0.4838709677419355 0.024999999999999998 0.043010752688172046
2 0.9401785714285714 0.4798387096774194 0.019642857142857142 0.0456989247311828
4 0.17142857142857143 0.4516129032258065 0.017857142857142856 0.02688172043010753
4 0.2482142857142857 0.44354838709677424 0.017857142857142856 0.02688172043010753
4 0.26607142857142857 0.4516129032258065 0.014285714285714285 0.02688172043010753
4 0.41160714285714284 0.44758064516129037 0.012499999999999999 0.024193548387096777
4 0.4303571428571428 0.44354838709677424 0.024999999999999998 0.048387096774193554
4 0.6205357142857143 0.48655913978494625 0.019642857142857142 0.043010752688172046
