0 0.018333333333333333 0.8323353293413174 0.03666666666666667 0.22754491017964074
0 0.050833333333333335 0.8308383233532934 0.055 0.24251497005988026
0 0.05916666666666667 0.8338323353293414 0.05166666666666667 0.22455089820359284
0 0.10583333333333333 0.8293413173652695 0.05166666666666667 0.23353293413173654
0 0.11750000000000001 0.6961077844311377 0.045000000000000005 0.19461077844311378
0 0.1525 0.8308383233532934 0.055 0.24850299401197606
0 0.20083333333333334 0.8293413173652695 0.05166666666666667 0.22754491017964074
0 0.15000000000000002 0.6736526946107785 0.03333333333333333 0.14371257485029942
0 0.19833333333333333 0.6541916167664671 0.023333333333333334 0.10479041916167665
0 0.2275 0.6841317365269461 0.035 0.16467065868263475
0 0.24833333333333335 0.8293413173652695 0.05666666666666667 0.251497005988024
0 0.2841666666666667 0.8323353293413174 0.05166666666666667 0.22754491017964074
0 0.2775 0.6736526946107785 0.03166666666666667 0.14970059880239522
0 0.30000000000000004 0.7095808383233534 0.04666666666666667 0.2035928143712575
0 0.32583333333333336 0.8308383233532934 0.05166666666666667 0.22455089820359284
0 0.3441666666666667 0.8293413173652695 0.055 0.251497005988024
0 0.36750000000000005 0.8278443113772456 0.05166666666666667 0.23053892215568864
0 0.37333333333333335 0.6751497005988024 0.030000000000000002 0.1407185628742515
0 0.4241666666666667 0.8338323353293414 0.05166666666666667 0.23053892215568864
0 0.9741666666666667 0.8338323353293414 0.04833333333333334 0.22455089820359284
0 0.9366666666666668 0.8293413173652695 0.05666666666666667 0.24550898203592816
0 0.8908333333333334 0.6631736526946108 0.03166666666666667 0.1407185628742515
0 0.9083333333333334 0.6916167664670659 0.04 0.18562874251497008
0 0.8566666666666667 0.7020958083832336 0.04 0.17664670658682635
0 0.8858333333333334 0.8263473053892216 0.055 0.24550898203592816
0 0.8366666666666667 0.8308383233532934 0.05 0.23053892215568864
0 0.7866666666666667 0.8233532934131736 0.05 0.22754491017964074
0 0.7833333333333334 0.6706586826347306 0.030000000000000002 0.1317365269461078
0 0.7441666666666668 0.655688622754491 0.025 0.11377245508982037
0 0.7400000000000001 0.8308383233532934 0.05 0.22455089820359284
0 0.7000000000000001 0.8368263473053893 0.05 0.218562874251497
0 0.6408333333333334 0.8323353293413174 0.055 0.24550898203592816
0 0.6566666666666667 0.8293413173652695 0.05 0.22754491017964074
0 0.6108333333333333 0.8263473053892216 0.05166666666666667 0.23353293413173654
0 0.5741666666666667 0.8338323353293414 0.05166666666666667 0.22455089820359284
0 0.545 0.8308383233532934 0.05666666666666667 0.24850299401197606
0 0.5233333333333333 0.8323353293413174 0.05333333333333334 0.23353293413173654
0 0.4741666666666667 0.8293413173652695 0.05166666666666667 0.23353293413173654
0 0.45 0.8293413173652695 0.05666666666666667 0.251497005988024
0 0.5766666666666667 0.658682634730539 0.023333333333333334 0.11377245508982037
0 0.5533333333333333 0.6676646706586826 0.02666666666666667 0.125748502994012
0 0.5941666666666667 0.6841317365269461 0.035 0.15868263473053892
0 0.6291666666666667 0.6706586826347306 0.03166666666666667 0.14970059880239522
0 0.6541666666666667 0.6511976047904192 0.025 0.11077844311377247
0 0.6708333333333334 0.6796407185628743 0.03166666666666667 0.14970059880239522
0 0.7091666666666667 0.6766467065868264 0.03166666666666667 0.14371257485029942
3 0.0325 0.5389221556886228 0.06166666666666667 0.23952095808383234
