0 0.297 0.8068862275449102 0.094 0.344311377245509
0 0.336 0.815868263473054 0.092 0.344311377245509
0 0.393 0.7979041916167665 0.10200000000000001 0.37425149700598803
0 0.46900000000000003 0.8008982035928144 0.10200000000000001 0.37425149700598803
0 0.342 0.7335329341317366 0.092 0.3473053892215569
0 0.391 0.7455089820359282 0.094 0.3413173652694611
0 0.516 0.718562874251497 0.088 0.32335329341317365
0 0.541 0.7994011976047904 0.082 0.30538922155688625
0 0.5630000000000001 0.8517964071856288 0.074 0.2724550898203593
0 0.591 0.811377245508982 0.098 0.36526946107784436
0 0.638 0.8218562874251497 0.092 0.3383233532934132
0 0.681 0.8218562874251497 0.094 0.344311377245509
0 0.724 0.8293413173652695 0.088 0.3293413173652695
0 0.781 0.812874251497006 0.098 0.35628742514970063
0 0.748 0.8023952095808383 0.1 0.37125748502994016
2 0.659 0.595808383233533 0.042 0.08982035928143713
2 0.617 0.595808383233533 0.038 0.08383233532934133
2 0.581 0.592814371257485 0.042 0.07784431137724551
2 0.45 0.5793413173652695 0.052000000000000005 0.0688622754491018
