0 0.056919642857142856 0.5491071428571428 0.11383928571428571 0.3898809523809524
0 0.15736607142857142 0.5833333333333333 0.15401785714285712 0.5059523809523809
0 0.31138392857142855 0.47916666666666663 0.08705357142857142 0.29166666666666663
0 0.3604910714285714 0.6026785714285714 0.18526785714285712 0.6101190476190476
0 0.4029017857142857 0.47470238095238093 0.10491071428571427 0.34226190476190477
0 0.4933035714285714 0.4211309523809524 0.05803571428571428 0.19345238095238093
0 0.5111607142857143 0.4538690476190476 0.07589285714285714 0.2470238095238095
0 0.5502232142857143 0.49553571428571425 0.11383928571428571 0.37797619047619047
0 0.5825892857142857 0.42410714285714285 0.05803571428571428 0.1994047619047619
0 0.6049107142857143 0.44494047619047616 0.08035714285714285 0.2708333333333333
0 0.6506696428571428 0.6116071428571428 0.21651785714285712 0.7053571428571428
0 0.7276785714285714 0.5119047619047619 0.13839285714285712 0.4583333333333333
0 0.7667410714285714 0.4464285714285714 0.09598214285714285 0.31547619047619047
0 0.8035714285714285 0.3675595238095238 0.03571428571428571 0.11607142857142856
0 0.9386160714285714 0.6175595238095237 0.11830357142857142 0.7470238095238095
0 0.6808035714285714 0.4300595238095238 0.0625 0.2113095238095238
0 0.9285714285714285 0.5252976190476191 0.13839285714285712 0.5029761904761905
0 0.9051339285714285 0.4508928571428571 0.10044642857142856 0.33035714285714285
0 0.8660714285714285 0.40625 0.05803571428571428 0.19345238095238093
4 0.08258928571428571 0.3943452380952381 0.017857142857142856 0.050595238095238096
4 0.11383928571428571 0.38690476190476186 0.02232142857142857 0.05357142857142857
4 0.8203125 0.375 0.020089285714285712 0.10119047619047619
