0 0.14904386951631046 0.5165837479270315 0.1518560179977503 0.548922056384743
0 0.39201349831271093 0.4635157545605307 0.11361079865016874 0.4129353233830846
0 0.5517435320584927 0.6202321724709785 0.20584926884139484 0.7396351575456053
0 0.6676040494938134 0.40630182421227196 0.0798650168728909 0.29187396351575456
0 0.21541057367829022 0.37976782752902155 0.05511811023622048 0.2023217247097844
0 0.2784026996625422 0.33913764510779437 0.03712035995500563 0.13432835820895522
0 0.33914510686164234 0.38971807628524047 0.05061867266591676 0.1824212271973466
0 0.49156355455568057 0.31343283582089554 0.022497187851518562 0.08623548922056384
0 0.24634420697412826 0.32669983416252074 0.015748031496062992 0.06301824212271974
0 0.4673790776152981 0.32918739635157546 0.025871766029246346 0.0945273631840796
0 0.44656917885264347 0.3117744610281924 0.022497187851518562 0.07960199004975124
0 0.4201349831271092 0.3490878938640133 0.043869516310461196 0.16086235489220566
0 0.6794150731158606 0.35820895522388063 0.044994375703037125 0.1625207296849088
0 0.9628796400449945 0.44278606965174133 0.0719910011248594 0.42122719734660036
0 0.8385826771653544 0.35655058043117743 0.04836895388076491 0.1724709784411277
0 0.8290213723284591 0.3217247097844113 0.026996625421822275 0.09618573797678276
0 0.7530933633295839 0.3623548922056385 0.04161979752530934 0.15091210613598674
0 0.7896512935883016 0.31011608623548925 0.01799775028121485 0.06633499170812604
0 0.7277840269966255 0.40049751243781095 0.024746906636670417 0.087893864013267
0 0.061867266591676046 0.42371475953565507 0.06749156355455568 0.24378109452736318
2 0.25590551181102367 0.4071310116086236 0.05511811023622048 0.11111111111111112
2 0.30708661417322836 0.43449419568822556 0.04274465691788527 0.12271973466003316
2 0.45163104611923516 0.37396351575456055 0.03037120359955006 0.05472636815920398
2 0.8723284589426322 0.36981757877280264 0.03037120359955006 0.10613598673300166
2 0.876265466816648 0.2877280265339967 0.024746906636670417 0.05472636815920398
2 0.7075365579302588 0.39469320066334995 0.024746906636670417 0.11940298507462686
2 0.7064116985376828 0.3142620232172471 0.024746906636670417 0.04477611940298508
2 0.7469066366704162 0.269485903814262 0.024746906636670417 0.028192371475953566
2 0.8093363329583803 0.34742951907131014 0.02362204724409449 0.0779436152570481
2 0.7890888638920136 0.40381426202321724 0.03712035995500563 0.1011608623548922
2 0.9071991001124861 0.35572139303482586 0.028121484814398204 0.13101160862354894
2 0.9313835770528684 0.35572139303482586 0.020247469066366708 0.13764510779436154
2 0.5151856017997751 0.296849087893864 0.020247469066366708 0.05638474295190713
2 0.09673790776152982 0.46102819237147596 0.029246344206974133 0.11276948590381426
