0 0.03260869565217391 0.8703703703703705 0.06521739130434782 0.2505446623093682
0 0.12753623188405797 0.8910675381263617 0.05507246376811594 0.20915032679738566
0 0.2036231884057971 0.8921568627450981 0.050724637681159424 0.19389978213507628
0 0.23695652173913043 0.8932461873638345 0.050724637681159424 0.18736383442265797
0 0.2710144927536232 0.8769063180827887 0.03768115942028986 0.14161220043572986
0 0.3210144927536232 0.8769063180827887 0.030434782608695653 0.11982570806100219
0 0.3289855072463768 0.8692810457516341 0.034782608695652174 0.12636165577342048
0 0.36884057971014494 0.8649237472766885 0.02463768115942029 0.09586056644880175
0 0.3739130434782609 0.8779956427015252 0.026086956521739132 0.10021786492374729
0 0.38623188405797104 0.8616557734204794 0.02753623188405797 0.10675381263616558
0 0.41304347826086957 0.8649237472766885 0.02318840579710145 0.08714596949891068
0 0.45217391304347826 0.8736383442265796 0.028985507246376812 0.10893246187363835
0 0.4753623188405797 0.8671023965141613 0.02318840579710145 0.09150326797385622
0 0.5 0.8594771241830066 0.017391304347826087 0.06753812636165578
0 0.5115942028985507 0.8572984749455339 0.011594202898550725 0.050108932461873645
0 0.5224637681159421 0.8583877995642702 0.013043478260869566 0.04793028322440088
0 0.5318840579710145 0.8583877995642702 0.014492753623188406 0.052287581699346414
0 0.5434782608695652 0.8594771241830066 0.011594202898550725 0.050108932461873645
0 0.5630434782608695 0.8594771241830066 0.013043478260869566 0.050108932461873645
0 0.5992753623188406 0.8583877995642702 0.010144927536231883 0.04357298474945534
0 0.6195652173913043 0.8583877995642702 0.010144927536231883 0.04357298474945534
0 0.6086956521739131 0.8616557734204794 0.011594202898550725 0.04139433551198257
0 0.9688405797101449 0.8649237472766885 0.01884057971014493 0.06971677559912855
0 0.9297101449275362 0.8627450980392157 0.01884057971014493 0.07407407407407408
0 0.9427536231884058 0.8616557734204794 0.015942028985507246 0.06318082788671024
0 0.9108695652173913 0.8572984749455339 0.013043478260869566 0.050108932461873645
0 0.9202898550724637 0.8594771241830066 0.011594202898550725 0.050108932461873645
0 0.9500000000000001 0.8594771241830066 0.013043478260869566 0.04575163398692811
1 0.894927536231884 0.8572984749455339 0.01884057971014493 0.06753812636165578
1 0.8826086956521739 0.8562091503267975 0.017391304347826087 0.06535947712418301
4 0.5818840579710145 0.8551198257080611 0.02753623188405797 0.054466230936819175
4 0.5543478260869565 0.8583877995642702 0.013043478260869566 0.052287581699346414
4 0.668840579710145 0.8562091503267975 0.01884057971014493 0.034858387799564274
4 0.7673913043478261 0.8572984749455339 0.021739130434782608 0.032679738562091505
4 0.7471014492753624 0.8572984749455339 0.01884057971014493 0.03703703703703704
