0 0.4705357142857143 0.7959999999999999 0.06964285714285715 0.2533333333333333
0 0.37410714285714286 0.7999999999999999 0.06607142857142857 0.25066666666666665
0 0.6151785714285715 0.76 0.09821428571428571 0.36266666666666664
0 0.9446428571428571 0.7826666666666666 0.10714285714285714 0.3973333333333333
0 0.020535714285714286 0.824 0.04107142857142857 0.208
0 0.1125 0.8186666666666667 0.05357142857142857 0.20266666666666666
0 0.09375 0.8173333333333334 0.055357142857142855 0.19999999999999998
0 0.08214285714285714 0.816 0.05357142857142857 0.20266666666666666
0 0.14821428571428572 0.8133333333333334 0.049999999999999996 0.18666666666666665
0 0.16964285714285715 0.8133333333333334 0.049999999999999996 0.18666666666666665
0 0.18660714285714286 0.8173333333333334 0.05178571428571428 0.19466666666666665
0 0.2017857142857143 0.8186666666666667 0.049999999999999996 0.192
0 0.22678571428571428 0.8173333333333334 0.05357142857142857 0.19999999999999998
0 0.2741071428571428 0.8079999999999999 0.05178571428571428 0.192
0 0.29464285714285715 0.8173333333333334 0.05357142857142857 0.19999999999999998
0 0.3151785714285714 0.8146666666666667 0.055357142857142855 0.20533333333333334
0 0.41785714285714287 0.816 0.049999999999999996 0.192
0 0.5241071428571429 0.8146666666666667 0.04821428571428571 0.184
0 0.5705357142857143 0.8119999999999999 0.04821428571428571 0.184
0 0.5491071428571428 0.8093333333333333 0.04821428571428571 0.17866666666666667
0 0.25357142857142856 0.8119999999999999 0.049999999999999996 0.18933333333333333
0 0.34732142857142856 0.8079999999999999 0.04821428571428571 0.18133333333333332
0 0.6571428571428571 0.8053333333333333 0.04642857142857143 0.17066666666666666
0 0.7008928571428571 0.8026666666666666 0.05178571428571428 0.18666666666666665
0 0.7642857142857142 0.7906666666666666 0.039285714285714285 0.14666666666666667
0 0.7410714285714286 0.7986666666666666 0.039285714285714285 0.14133333333333334
0 0.9839285714285714 0.78 0.02857142857142857 0.19466666666666665
0 0.9142857142857143 0.7613333333333333 0.03571428571428571 0.13599999999999998
0 0.8839285714285714 0.772 0.03571428571428571 0.13599999999999998
0 0.8401785714285714 0.7786666666666666 0.0375 0.13866666666666666
0 0.8125 0.7813333333333333 0.04285714285714286 0.16533333333333333
0 0.6758928571428571 0.7959999999999999 0.0375 0.14666666666666667
0 0.044642857142857144 0.8173333333333334 0.04642857142857143 0.17333333333333334
0 0.05803571428571428 0.82 0.04821428571428571 0.184
0 0.07053571428571428 0.8173333333333334 0.05178571428571428 0.18933333333333333
4 0.03482142857142857 0.6639999999999999 0.06964285714285715 0.12266666666666666
4 0.10446428571428572 0.6626666666666666 0.06607142857142857 0.12533333333333332
4 0.16517857142857142 0.6626666666666666 0.05178571428571428 0.11466666666666667
4 0.23392857142857143 0.6733333333333333 0.08571428571428572 0.088
4 0.3169642857142857 0.6666666666666666 0.08392857142857142 0.096
4 0.3839285714285714 0.6453333333333333 0.049999999999999996 0.058666666666666666
4 0.43124999999999997 0.6679999999999999 0.044642857142857144 0.088
4 0.39285714285714285 0.696 0.03214285714285714 0.042666666666666665
4 0.5232142857142857 0.6693333333333333 0.10714285714285714 0.09066666666666666
4 0.5901785714285714 0.628 0.030357142857142857 0.029333333333333333
4 0.7017857142857142 0.66 0.09999999999999999 0.104
4 0.7928571428571428 0.6546666666666666 0.08214285714285714 0.104
4 0.8758928571428571 0.6453333333333333 0.08392857142857142 0.09066666666666666
4 0.8973214285714285 0.3973333333333333 0.1982142857142857 0.064
4 0.8883928571428571 0.4706666666666667 0.13749999999999998 0.07733333333333334
4 0.06607142857142857 0.41466666666666663 0.12857142857142856 0.16799999999999998
4 0.19464285714285715 0.3973333333333333 0.11428571428571428 0.09066666666666666
4 0.2151785714285714 0.47866666666666663 0.14464285714285713 0.072
4 0.31339285714285714 0.39999999999999997 0.11964285714285713 0.08
4 0.34910714285714284 0.4693333333333333 0.1125 0.058666666666666666
4 0.4607142857142857 0.4053333333333333 0.17142857142857143 0.06933333333333333
4 0.4776785714285714 0.472 0.14107142857142857 0.06933333333333333
4 0.5964285714285714 0.4013333333333333 0.075 0.09333333333333332
4 0.7482142857142857 0.412 0.09999999999999999 0.056
4 0.5964285714285714 0.48666666666666664 0.09642857142857142 0.056
4 0.6955357142857143 0.488 0.09464285714285714 0.06933333333333333
4 0.7803571428571429 0.48133333333333334 0.07857142857142857 0.06133333333333333
