0 0.22187500000000002 0.5908558030480656 0.1046875 0.38218053927315354
0 0.39765625000000004 0.5885111371629542 0.1015625 0.37514654161781946
0 0.55859375 0.5615474794841735 0.1015625 0.37280187573270807
0 0.75546875 0.5545134818288393 0.1 0.36576787807737393
0 0.94453125 0.5439624853458381 0.09843750000000001 0.3610785463071512
0 0.89453125 0.34876905041031653 0.034375 0.13012895662368112
0 0.8777343750000001 0.3446658851113716 0.039843750000000004 0.15005861664712777
0 0.851171875 0.3481828839390387 0.039843750000000004 0.1477139507620164
0 0.5789062500000001 0.40504103165298944 0.0546875 0.20046893317702227
0 0.505859375 0.4032825322391559 0.055468750000000004 0.20633059788980068
0 0.468359375 0.42203985932004684 0.057031250000000006 0.21101992966002342
0 0.35078125000000004 0.42203985932004684 0.0578125 0.21101992966002342
0 0.30976562500000004 0.47127784290738567 0.06796875000000001 0.2508792497069168
0 0.27265625 0.45603751465416176 0.0578125 0.21570926143024619
0 0.373828125 0.3388042203985932 0.01953125 0.07033997655334115
0 0.14140625 0.4759671746776084 0.0703125 0.26025791324736225
0 0.16718750000000002 0.44079718640093785 0.07500000000000001 0.27432590855803046
0 0.078515625 0.4531066822977725 0.06484375 0.2379835873388042
0 0.09726562500000001 0.4484173505275498 0.057031250000000006 0.21219226260257912
0 0.03125 0.46131301289566234 0.0625 0.2379835873388042
0 0.037109375 0.451348182883939 0.05859375 0.21570926143024619
