0 0.8763888888888889 0.3037037037037037 0.0638888888888889 0.20740740740740743
0 0.9527777777777778 0.1574074074074074 0.03333333333333333 0.12222222222222223
0 0.7875 0.24444444444444446 0.0638888888888889 0.21481481481481482
0 0.6611111111111111 0.5518518518518519 0.11111111111111112 0.362962962962963
0 0.5027777777777778 0.5314814814814816 0.11666666666666667 0.3888888888888889
0 0.3625 0.5 0.13611111111111113 0.4518518518518519
0 0.5722222222222223 0.337037037037037 0.03888888888888889 0.13333333333333333
0 0.6861111111111111 0.3092592592592593 0.022222222222222223 0.08518518518518518
0 0.7541666666666667 0.1814814814814815 0.04166666666666667 0.13333333333333333
0 0.6986111111111112 0.17592592592592593 0.019444444444444445 0.06296296296296297
0 0.6625 0.24814814814814815 0.025 0.08148148148148149
0 0.6361111111111112 0.45925925925925926 0.1 0.33333333333333337
0 0.8611111111111112 0.22037037037037038 0.05555555555555556 0.1814814814814815
0 0.4930555555555556 0.12962962962962962 0.030555555555555558 0.11111111111111112
0 0.45555555555555555 0.10740740740740741 0.02777777777777778 0.08888888888888889
0 0.7375 0.337037037037037 0.025 0.08148148148148149
0 0.2569444444444445 0.7481481481481482 0.14722222222222223 0.48888888888888893
0 0.11527777777777778 0.06851851851851852 0.025 0.08518518518518518
0 0.0763888888888889 0.05555555555555556 0.025 0.08148148148148149
0 0.2 0.10370370370370371 0.022222222222222223 0.08148148148148149
0 0.29305555555555557 0.1 0.019444444444444445 0.06666666666666667
0 0.33472222222222225 0.1 0.019444444444444445 0.07407407407407407
0 0.39861111111111114 0.13703703703703704 0.036111111111111115 0.12592592592592594
0 0.3611111111111111 0.07777777777777778 0.022222222222222223 0.07407407407407407
0 0.513888888888889 0.09814814814814815 0.022222222222222223 0.08518518518518518
0 0.22361111111111112 0.08888888888888889 0.025 0.08148148148148149
0 0.2611111111111111 0.07222222222222223 0.022222222222222223 0.08518518518518518
0 0.6513888888888889 0.1388888888888889 0.030555555555555558 0.10740740740740741
0 0.5708333333333333 0.1462962962962963 0.030555555555555558 0.1
0 0.6291666666666667 0.1277777777777778 0.025 0.08518518518518518
2 0.4222222222222222 0.0925925925925926 0.02777777777777778 0.05925925925925926
2 0.17916666666666667 0.12037037037037038 0.025 0.07037037037037037
4 0.3041666666666667 0.031481481481481485 0.075 0.06296296296296297
4 0.45833333333333337 0.02962962962962963 0.13333333333333333 0.05925925925925926
4 0.6291666666666667 0.037037037037037035 0.11388888888888889 0.06666666666666667
4 0.7583333333333334 0.03518518518518519 0.11111111111111112 0.07037037037037037
4 0.9111111111111111 0.04259259259259259 0.03888888888888889 0.08518518518518518
4 0.9527777777777778 0.040740740740740744 0.03888888888888889 0.08148148148148149
4 0.7541666666666667 0.08703703703703704 0.0638888888888889 0.040740740740740744
4 0.5972222222222222 0.11111111111111112 0.05 0.08148148148148149
4 0.7069444444444445 0.10925925925925926 0.030555555555555558 0.06296296296296297
4 0.8069444444444445 0.0962962962962963 0.04166666666666667 0.05185185185185186
4 0.9833333333333334 0.05185185185185186 0.02777777777777778 0.08148148148148149
4 0.9861111111111112 0.14444444444444446 0.022222222222222223 0.08888888888888889
