0 0.10510204081632654 0.7208588957055215 0.07551020408163266 0.2883435582822086
0 0.1489795918367347 0.7346625766871165 0.08571428571428572 0.3220858895705522
0 0.11224489795918369 0.6625766871165645 0.0816326530612245 0.3067484662576687
0 0.18877551020408165 0.7131901840490797 0.08775510204081634 0.3282208588957055
0 0.22244897959183677 0.7070552147239264 0.07346938775510205 0.2791411042944785
0 0.2540816326530613 0.6825153374233129 0.07142857142857144 0.2668711656441718
0 0.2969387755102041 0.6717791411042945 0.07551020408163266 0.27607361963190186
0 0.33265306122448984 0.6625766871165645 0.07346938775510205 0.27607361963190186
0 0.36938775510204086 0.6595092024539877 0.07346938775510205 0.26993865030674846
0 0.40204081632653066 0.6503067484662577 0.06938775510204082 0.2638036809815951
0 0.4316326530612245 0.6380368098159509 0.0673469387755102 0.25766871165644173
0 0.46326530612244904 0.6411042944785276 0.06938775510204082 0.25153374233128833
0 0.4948979591836735 0.6395705521472392 0.06326530612244899 0.23006134969325154
0 0.5244897959183674 0.6411042944785276 0.05714285714285715 0.22085889570552147
0 0.5622448979591838 0.6226993865030676 0.0673469387755102 0.25153374233128833
0 0.5785714285714286 0.6012269938650306 0.0673469387755102 0.24539877300613497
0 0.15612244897959185 0.6595092024539877 0.09183673469387756 0.34355828220858897
0 0.2295918367346939 0.6012269938650306 0.06326530612244899 0.2392638036809816
0 0.2622448979591837 0.5674846625766872 0.03877551020408164 0.15337423312883436
0 0.6275510204081634 0.6319018404907976 0.07142857142857144 0.2638036809815951
0 0.6683673469387755 0.6257668711656442 0.07142857142857144 0.2638036809815951
0 0.6979591836734694 0.6226993865030676 0.06938775510204082 0.25766871165644173
0 0.7367346938775511 0.5521472392638037 0.028571428571428574 0.11656441717791412
0 0.7683673469387756 0.5552147239263804 0.030612244897959186 0.11656441717791412
0 0.806122448979592 0.6380368098159509 0.07346938775510205 0.27607361963190186
0 0.8377551020408164 0.6487730061349694 0.07551020408163266 0.2791411042944785
0 0.5193877551020408 0.6104294478527608 0.06326530612244899 0.2392638036809816
0 0.8724489795918368 0.6150306748466258 0.07551020408163266 0.2791411042944785
0 0.8857142857142858 0.6457055214723927 0.08571428571428572 0.3159509202453988
0 0.9081632653061226 0.602760736196319 0.0816326530612245 0.29754601226993865
0 0.9418367346938776 0.6656441717791411 0.09183673469387756 0.3374233128834356
0 0.8091836734693878 0.3941717791411043 0.02653061224489796 0.10736196319018405
0 0.7867346938775511 0.39723926380368096 0.03469387755102041 0.12576687116564417
0 0.7602040816326532 0.39877300613496935 0.030612244897959186 0.12269938650306748
0 0.7346938775510204 0.40337423312883436 0.0326530612244898 0.1196319018404908
2 0.17040816326530614 0.5122699386503068 0.03469387755102041 0.06134969325153374
2 0.28979591836734697 0.5030674846625767 0.0326530612244898 0.04294478527607362
2 0.32551020408163267 0.5092024539877301 0.02653061224489796 0.03680981595092025
2 0.35816326530612247 0.5076687116564418 0.030612244897959186 0.03374233128834356
2 0.38571428571428573 0.5107361963190185 0.02448979591836735 0.046012269938650305
2 0.4142857142857143 0.49386503067484666 0.02448979591836735 0.04294478527607362
2 0.45306122448979597 0.495398773006135 0.028571428571428574 0.03987730061349693
2 0.48265306122448987 0.5 0.02653061224489796 0.049079754601226995
2 0.5469387755102041 0.48773006134969327 0.020408163265306124 0.06134969325153374
2 0.6377551020408164 0.48619631901840493 0.022448979591836737 0.052147239263803685
2 0.6969387755102041 0.4815950920245399 0.022448979591836737 0.04294478527607362
2 0.7418367346938776 0.48006134969325154 0.030612244897959186 0.03374233128834356
2 0.7734693877551021 0.4785276073619632 0.028571428571428574 0.04294478527607362
2 0.8102040816326531 0.4677914110429448 0.028571428571428574 0.046012269938650305
2 0.853061224489796 0.48619631901840493 0.020408163265306124 0.06441717791411043
