0 0.035 0.55875 0.07 0.3025
0 0.07333333333333333 0.5675 0.09666666666666668 0.36
0 0.14583333333333334 0.57875 0.07500000000000001 0.2725
0 0.38333333333333336 0.5750000000000001 0.08333333333333334 0.31
0 0.45583333333333337 0.56 0.06166666666666667 0.23500000000000001
0 0.4991666666666667 0.41375 0.04833333333333334 0.1775
0 0.5725 0.59375 0.06166666666666667 0.2325
0 0.53 0.5575 0.060000000000000005 0.225
0 0.7783333333333334 0.5475 0.1 0.37
0 0.8525 0.5437500000000001 0.09166666666666667 0.3375
0 0.9158333333333334 0.5387500000000001 0.08166666666666667 0.2975
0 0.9541666666666667 0.55375 0.08833333333333333 0.3875
2 0.4966666666666667 0.6325000000000001 0.08666666666666667 0.265
3 0.08 0.87125 0.07 0.2525
3 0.15083333333333335 0.86 0.07166666666666667 0.275
3 0.38333333333333336 0.8625 0.06333333333333334 0.265
3 0.445 0.83875 0.06666666666666667 0.3075
3 0.5116666666666667 0.87625 0.07 0.23750000000000002
3 0.5816666666666667 0.8525 0.07 0.28
3 0.795 0.8625 0.06333333333333334 0.265
3 0.8633333333333334 0.85875 0.07333333333333333 0.2725
3 0.9633333333333334 0.8675 0.06333333333333334 0.255
