0 0.18000000000000002 0.7062314540059348 0.02666666666666667 0.11869436201780416
0 0.17500000000000002 0.8679525222551929 0.02 0.09792284866468844
0 0.09583333333333334 0.7210682492581603 0.03166666666666667 0.13649851632047477
0 0.07250000000000001 0.701780415430267 0.028333333333333335 0.12759643916913946
0 0.12250000000000001 0.6810089020771514 0.028333333333333335 0.12759643916913946
0 0.020833333333333336 0.6083086053412463 0.015000000000000001 0.0712166172106825
0 0.03833333333333334 0.6261127596439169 0.016666666666666666 0.08308605341246292
0 0.06166666666666667 0.6053412462908012 0.016666666666666666 0.0771513353115727
0 0.07833333333333334 0.6201780415430267 0.016666666666666666 0.0771513353115727
0 0.09833333333333334 0.6008902077151336 0.013333333333333334 0.06824925816023739
0 0.15083333333333335 0.5964391691394659 0.018333333333333333 0.0771513353115727
0 0.17250000000000001 0.6053412462908012 0.015000000000000001 0.06528189910979229
0 0.19166666666666668 0.5934718100890208 0.016666666666666666 0.0712166172106825
0 0.20333333333333334 0.5801186943620178 0.013333333333333334 0.06231454005934718
0 0.21750000000000003 0.6053412462908012 0.018333333333333333 0.08308605341246292
0 0.23 0.5890207715133532 0.016666666666666666 0.0741839762611276
0 0.24500000000000002 0.5727002967359051 0.016666666666666666 0.0712166172106825
0 0.25583333333333336 0.5608308605341247 0.015000000000000001 0.0712166172106825
0 0.2791666666666667 0.6023738872403561 0.015000000000000001 0.0712166172106825
0 0.28750000000000003 0.5830860534124629 0.015000000000000001 0.0741839762611276
0 0.29250000000000004 0.5756676557863502 0.015000000000000001 0.0712166172106825
0 0.3275 0.5979228486646885 0.018333333333333333 0.08011869436201781
0 0.3358333333333334 0.5786350148367952 0.015000000000000001 0.0712166172106825
0 0.35083333333333333 0.5534124629080119 0.015000000000000001 0.06824925816023739
0 0.37083333333333335 0.5964391691394659 0.018333333333333333 0.08308605341246292
0 0.3816666666666667 0.5741839762611276 0.013333333333333334 0.06824925816023739
0 0.4133333333333334 0.6454005934718101 0.023333333333333334 0.10979228486646884
0 0.4216666666666667 0.586053412462908 0.013333333333333334 0.06231454005934718
0 0.30333333333333334 0.5578635014836796 0.013333333333333334 0.05934718100890208
0 0.1366666666666667 0.5934718100890208 0.023333333333333334 0.10682492581602374
0 0.39 0.5489614243323442 0.013333333333333334 0.06528189910979229
0 0.008333333333333333 0.56973293768546 0.016666666666666666 0.0712166172106825
0 0.10916666666666668 0.5578635014836796 0.011666666666666667 0.05934718100890208
0 0.27083333333333337 0.5400593471810089 0.015000000000000001 0.06528189910979229
0 0.3241666666666667 0.5192878338278932 0.011666666666666667 0.05934718100890208
0 0.3116666666666667 0.5385756676557863 0.016666666666666666 0.0741839762611276
0 0.39666666666666667 0.526706231454006 0.013333333333333334 0.05637982195845698
0 0.6683333333333333 0.7596439169139466 0.04666666666666667 0.20178041543026706
0 0.6108333333333333 0.6083086053412463 0.021666666666666667 0.10089020771513353
0 0.5700000000000001 0.5830860534124629 0.013333333333333334 0.06824925816023739
0 0.5366666666666667 0.5875370919881305 0.016666666666666666 0.0712166172106825
0 0.5 0.586053412462908 0.013333333333333334 0.06824925816023739
0 0.46416666666666667 0.5890207715133532 0.015000000000000001 0.0741839762611276
0 0.6383333333333334 0.5608308605341247 0.02 0.09495548961424333
0 0.6691666666666667 0.5712166172106825 0.018333333333333333 0.08011869436201781
0 0.66 0.5578635014836796 0.016666666666666666 0.0712166172106825
0 0.65 0.5489614243323442 0.016666666666666666 0.0712166172106825
0 0.7116666666666667 0.5712166172106825 0.02 0.08605341246290801
0 0.7566666666666667 0.5727002967359051 0.016666666666666666 0.0771513353115727
0 0.7425 0.556379821958457 0.018333333333333333 0.08011869436201781
0 0.7266666666666667 0.5370919881305638 0.016666666666666666 0.0712166172106825
0 0.7875000000000001 0.5652818991097923 0.018333333333333333 0.08011869436201781
0 0.775 0.5504451038575667 0.016666666666666666 0.0741839762611276
0 0.76 0.5341246290801187 0.016666666666666666 0.0712166172106825
0 0.8141666666666667 0.5415430267062314 0.015000000000000001 0.0741839762611276
0 0.8041666666666667 0.5356083086053413 0.015000000000000001 0.06231454005934718
0 0.8225 0.4940652818991098 0.015000000000000001 0.06231454005934718
0 0.9866666666666667 0.5504451038575667 0.016666666666666666 0.08011869436201781
0 0.9183333333333334 0.5637982195845698 0.016666666666666666 0.0712166172106825
0 0.8408333333333334 0.5637982195845698 0.018333333333333333 0.0771513353115727
0 0.8366666666666667 0.46439169139465875 0.013333333333333334 0.05637982195845698
0 0.8483333333333334 0.513353115727003 0.016666666666666666 0.0712166172106825
0 0.8675 0.5252225519287834 0.015000000000000001 0.0712166172106825
0 0.8891666666666668 0.5415430267062314 0.015000000000000001 0.06824925816023739
0 0.8833333333333334 0.48664688427299707 0.013333333333333334 0.05934718100890208
0 0.9091666666666667 0.5044510385756676 0.015000000000000001 0.06528189910979229
0 0.9308333333333334 0.5207715133531158 0.015000000000000001 0.0741839762611276
0 0.9533333333333334 0.45548961424332346 0.013333333333333334 0.05637982195845698
0 0.9441666666666667 0.4540059347181009 0.011666666666666667 0.05934718100890208
0 0.6866666666666668 0.5445103857566765 0.016666666666666666 0.0741839762611276
0 0.6983333333333334 0.5593471810089021 0.016666666666666666 0.0741839762611276
0 0.56 0.5474777448071216 0.013333333333333334 0.06231454005934718
0 0.34750000000000003 0.4792284866468843 0.011666666666666667 0.050445103857566766
4 0.26416666666666666 0.3857566765578635 0.03833333333333334 0.0712166172106825
4 0.21750000000000003 0.39762611275964393 0.058333333333333334 0.05934718100890208
4 0.3175 0.37833827893175076 0.065 0.03857566765578635
4 0.15583333333333335 0.4465875370919882 0.08833333333333333 0.050445103857566766
4 0.09583333333333334 0.44955489614243327 0.03166666666666667 0.04451038575667656
4 0.06166666666666667 0.45845697329376855 0.03666666666666667 0.032640949554896145
4 0.028333333333333335 0.470326409495549 0.03333333333333333 0.03857566765578635
4 0.02416666666666667 0.513353115727003 0.04833333333333334 0.05934718100890208
4 0.8258333333333334 0.4050445103857567 0.04833333333333334 0.05637982195845698
4 0.7758333333333334 0.41246290801186947 0.05166666666666667 0.05934718100890208
4 0.68 0.36350148367952523 0.08333333333333334 0.050445103857566766
4 0.7358333333333333 0.41246290801186947 0.028333333333333335 0.06528189910979229
4 0.6066666666666667 0.3620178041543027 0.06666666666666667 0.05341246290801187
4 0.5516666666666667 0.3649851632047478 0.04666666666666667 0.04747774480712166
4 0.5083333333333334 0.36795252225519287 0.04 0.05341246290801187
4 0.4366666666666667 0.37833827893175076 0.1 0.06824925816023739
4 0.37083333333333335 0.3857566765578635 0.028333333333333335 0.04747774480712166
4 0.5741666666666667 0.4050445103857567 0.11166666666666668 0.032640949554896145
4 0.655 0.4065281899109792 0.043333333333333335 0.03560830860534125
4 0.6991666666666667 0.413946587537092 0.045000000000000005 0.05637982195845698
4 0.21166666666666667 0.45548961424332346 0.02 0.03857566765578635
4 0.25583333333333336 0.4629080118694362 0.065 0.05341246290801187
4 0.18333333333333335 0.4881305637982196 0.04666666666666667 0.032640949554896145
4 0.33916666666666667 0.4302670623145401 0.03166666666666667 0.04154302670623146
4 0.3125 0.45548961424332346 0.05166666666666667 0.050445103857566766
4 0.11666666666666667 0.49851632047477745 0.08666666666666667 0.04747774480712166
4 0.23500000000000001 0.5089020771513353 0.05333333333333334 0.04451038575667656
4 0.4041666666666667 0.4510385756676558 0.04833333333333334 0.0712166172106825
4 0.4416666666666667 0.4540059347181009 0.023333333333333334 0.08308605341246292
4 0.3691666666666667 0.4970326409495549 0.021666666666666667 0.05637982195845698
4 0.42833333333333334 0.5237388724035609 0.02 0.06231454005934718
4 0.4658333333333334 0.47774480712166173 0.021666666666666667 0.12462908011869436
4 0.49333333333333335 0.47477744807121663 0.023333333333333334 0.13649851632047477
4 0.5166666666666667 0.46439169139465875 0.030000000000000002 0.12166172106824927
4 0.5416666666666667 0.46884272997032644 0.030000000000000002 0.10089020771513353
4 0.5633333333333334 0.443620178041543 0.016666666666666666 0.04451038575667656
4 0.5816666666666667 0.5 0.03333333333333333 0.06824925816023739
4 0.6083333333333334 0.4421364985163205 0.06666666666666667 0.04154302670623146
4 0.6191666666666668 0.4940652818991098 0.025 0.05637982195845698
4 0.6566666666666667 0.4940652818991098 0.05 0.06824925816023739
4 0.66 0.4406528189910979 0.03666666666666667 0.032640949554896145
4 0.7166666666666667 0.47181008902077154 0.07333333333333333 0.05934718100890208
