0 0.0425 0.6802030456852791 0.085 0.34010152284263956
0 0.11416666666666668 0.7131979695431472 0.09833333333333334 0.3705583756345177
0 0.16666666666666669 0.6522842639593908 0.060000000000000005 0.22335025380710657
0 0.19166666666666668 0.6383248730964467 0.05666666666666667 0.21065989847715735
0 0.31333333333333335 0.7601522842639593 0.12000000000000001 0.4441624365482233
0 0.4083333333333334 0.7741116751269035 0.11333333333333334 0.4213197969543147
0 0.45833333333333337 0.6776649746192893 0.08666666666666667 0.3299492385786802
0 0.5325000000000001 0.6687817258883249 0.08833333333333333 0.32741116751269034
0 0.25833333333333336 0.7373096446700507 0.10333333333333335 0.38832487309644664
0 0.21250000000000002 0.6218274111675126 0.04833333333333334 0.1878172588832487
0 0.9733333333333334 0.6878172588832486 0.05 0.35532994923857864
0 0.9575 0.6522842639593908 0.08166666666666667 0.33502538071065985
0 0.8550000000000001 0.6649746192893401 0.08666666666666667 0.31979695431472077
0 0.8333333333333334 0.6548223350253807 0.07666666666666667 0.2842639593908629
0 0.895 0.6078680203045684 0.05666666666666667 0.21065989847715735
0 0.63 0.697969543147208 0.08 0.299492385786802
0 0.7225 0.6522842639593908 0.07500000000000001 0.27918781725888325
0 0.7841666666666667 0.6548223350253807 0.07166666666666667 0.27411167512690354
0 0.5800000000000001 0.6065989847715736 0.04666666666666667 0.17258883248730963
0 0.7616666666666667 0.6167512690355329 0.05666666666666667 0.21319796954314718
2 0.23583333333333334 0.5050761421319797 0.021666666666666667 0.035532994923857864
4 0.4291666666666667 0.5558375634517766 0.025 0.07614213197969542
4 0.5441666666666667 0.5380710659898477 0.018333333333333333 0.04568527918781726
