0 0.9373433583959899 0.593984962406015 0.03508771929824561 0.12781954887218044
0 0.8796992481203008 0.5827067669172932 0.03508771929824561 0.13533834586466165
0 0.8308270676691729 0.5714285714285714 0.03759398496240601 0.13533834586466165
0 0.8007518796992481 0.6390977443609023 0.06265664160401002 0.23308270676691728
0 0.7518796992481203 0.6785714285714285 0.10526315789473684 0.39473684210526316
0 0.537593984962406 0.7330827067669172 0.13784461152882205 0.518796992481203
0 0.38345864661654133 0.75 0.13533834586466165 0.49248120300751874
0 0.2832080200501253 0.6203007518796992 0.07518796992481203 0.2781954887218045
0 0.3333333333333333 0.6898496240601504 0.10526315789473684 0.39473684210526316
0 0.15162907268170425 0.7349624060150376 0.12280701754385964 0.46240601503759393
0 0.19298245614035087 0.6372180451127819 0.06516290726817042 0.25187969924812026
0 0.7280701754385964 0.6541353383458646 0.09273182957393483 0.3383458646616541
0 0.6040100250626566 0.6785714285714285 0.10526315789473684 0.3872180451127819
0 0.6403508771929824 0.674812030075188 0.09774436090225563 0.3571428571428571
0 0.47619047619047616 0.6165413533834586 0.07017543859649122 0.2706766917293233
0 0.45739348370927313 0.6203007518796992 0.06766917293233082 0.2556390977443609
0 0.43107769423558895 0.631578947368421 0.07518796992481203 0.2781954887218045
2 0.05639097744360902 0.6766917293233082 0.10275689223057644 0.18045112781954886
4 0.07644110275689223 0.5432330827067668 0.02756892230576441 0.08646616541353383
4 0.9837092731829573 0.599624060150376 0.02756892230576441 0.2593984962406015
4 0.8533834586466165 0.5300751879699248 0.03258145363408521 0.06766917293233082
4 0.6791979949874687 0.5244360902255639 0.03508771929824561 0.07142857142857142
4 0.7756892230576441 0.518796992481203 0.017543859649122806 0.06015037593984962
4 0.12656641604010024 0.5300751879699248 0.02756892230576441 0.05263157894736842
4 0.23182957393483708 0.5357142857142857 0.047619047619047616 0.07894736842105263
4 0.022556390977443608 0.5545112781954887 0.045112781954887216 0.06390977443609022
