0 0.34880952380952385 0.5083333333333334 0.2404761904761905 0.5880952380952381
0 0.43214285714285716 0.3642857142857143 0.14523809523809525 0.36190476190476195
0 0.6571428571428573 0.2904761904761905 0.09523809523809525 0.2380952380952381
0 0.9059523809523811 0.28095238095238095 0.08333333333333334 0.20476190476190478
0 0.961904761904762 0.23333333333333336 0.07142857142857144 0.19523809523809527
0 0.20595238095238097 0.2916666666666667 0.11190476190476191 0.27380952380952384
0 0.28571428571428575 0.2654761904761905 0.08571428571428572 0.21190476190476193
0 0.08333333333333334 0.22976190476190478 0.08095238095238096 0.19761904761904764
0 0.04404761904761905 0.34761904761904766 0.0880952380952381 0.3666666666666667
0 0.34880952380952385 0.22380952380952382 0.0642857142857143 0.15714285714285717
0 0.23214285714285715 0.2285714285714286 0.0642857142857143 0.1619047619047619
0 0.47380952380952385 0.29642857142857143 0.10476190476190478 0.25952380952380955
0 0.5095238095238096 0.26071428571428573 0.08571428571428572 0.21666666666666667
2 0.480952380952381 0.14047619047619048 0.0380952380952381 0.04285714285714286
2 0.41785714285714287 0.16071428571428573 0.03571428571428572 0.03571428571428572
2 0.025 0.15357142857142858 0.03571428571428572 0.05476190476190477
2 0.2154761904761905 0.1392857142857143 0.03571428571428572 0.030952380952380953
