0 0.9766666666666667 0.62375 0.03666666666666667 0.1375
0 0.9616666666666668 0.62125 0.03666666666666667 0.1375
0 0.9433333333333334 0.615 0.03666666666666667 0.14
0 0.9108333333333334 0.615 0.04166666666666667 0.15
0 0.745 0.61125 0.03666666666666667 0.14250000000000002
0 0.09083333333333334 0.66125 0.07833333333333334 0.28750000000000003
0 0.25333333333333335 0.64375 0.043333333333333335 0.1625
0 0.42500000000000004 0.57375 0.05 0.1925
0 0.48750000000000004 0.6225 0.04833333333333334 0.17500000000000002
0 0.54 0.64125 0.05666666666666667 0.20750000000000002
0 0.5575 0.61875 0.035 0.1375
0 0.6033333333333334 0.6587500000000001 0.07666666666666667 0.28250000000000003
0 0.7008333333333334 0.63 0.05166666666666667 0.19
