0 0.030000000000000002 0.5147058823529411 0.060000000000000005 0.4411764705882353
0 0.06166666666666667 0.5073529411764706 0.07666666666666667 0.4264705882352941
0 0.03666666666666667 0.4926470588235294 0.07333333333333333 0.4411764705882353
0 0.09000000000000001 0.4889705882352941 0.08666666666666667 0.4779411764705882
0 0.19166666666666668 0.4963235294117647 0.09000000000000001 0.4779411764705882
0 0.21666666666666667 0.4963235294117647 0.08 0.4338235294117647
0 0.24000000000000002 0.4852941176470588 0.08 0.4264705882352941
0 0.29000000000000004 0.4779411764705882 0.08666666666666667 0.47058823529411764
0 0.32333333333333336 0.4852941176470588 0.08 0.4411764705882353
0 0.375 0.6544117647058824 0.11666666666666667 0.6323529411764706
0 0.40166666666666667 0.47058823529411764 0.07666666666666667 0.4264705882352941
0 0.47500000000000003 0.4742647058823529 0.07666666666666667 0.4338235294117647
0 0.5566666666666668 0.4779411764705882 0.08 0.4264705882352941
0 0.6066666666666667 0.6911764705882353 0.11333333333333334 0.6029411764705882
0 0.7583333333333334 0.4485294117647059 0.07666666666666667 0.4264705882352941
0 0.7866666666666667 0.44485294117647056 0.07333333333333333 0.40441176470588236
0 0.8200000000000001 0.6286764705882353 0.1 0.5367647058823529
0 0.8416666666666667 0.4411764705882353 0.07666666666666667 0.4117647058823529
0 0.9383333333333334 0.625 0.11666666666666667 0.6470588235294118
0 0.9600000000000001 0.4338235294117647 0.06666666666666667 0.3676470588235294
0 0.3616666666666667 0.47058823529411764 0.07666666666666667 0.4264705882352941
0 0.64 0.48161764705882354 0.06666666666666667 0.3602941176470588
2 0.5716666666666667 0.31985294117647056 0.023333333333333334 0.09558823529411764
2 0.6116666666666667 0.3014705882352941 0.030000000000000002 0.07352941176470588
2 0.5850000000000001 0.27205882352941174 0.023333333333333334 0.08823529411764705
