0 0.08166666666666667 0.8028953229398663 0.11666666666666667 0.38084632516703787
0 0.1625 0.3953229398663697 0.085 0.28285077951002224
0 0.2041666666666667 0.5256124721603563 0.10500000000000001 0.3429844097995545
0 0.2325 0.7349665924276169 0.125 0.40979955456570155
0 0.30250000000000005 0.8452115812917594 0.09166666666666667 0.30066815144766146
0 0.31 0.32293986636971045 0.08 0.26726057906458794
0 0.3166666666666667 0.4766146993318485 0.1 0.33407572383073497
0 0.3775 0.6314031180400891 0.11166666666666668 0.37193763919821826
0 0.45583333333333337 0.7850779510022271 0.115 0.37639198218262804
0 0.4291666666666667 0.26837416481069043 0.07500000000000001 0.25167037861915365
0 0.4675 0.38084632516703787 0.10166666666666667 0.32962138084632514
0 0.5233333333333333 0.5256124721603563 0.10666666666666667 0.34743875278396436
0 0.6166666666666667 0.6870824053452116 0.12000000000000001 0.3897550111358574
0 0.5758333333333334 0.32293986636971045 0.095 0.311804008908686
0 0.5558333333333334 0.18596881959910913 0.08166666666666667 0.27394209354120264
0 0.665 0.433184855233853 0.10333333333333335 0.33630289532293983
0 0.7425 0.37193763919821826 0.085 0.2806236080178174
0 0.7608333333333334 0.6002227171492205 0.11166666666666668 0.36748329621380843
0 0.91 0.43986636971046766 0.09666666666666668 0.32293986636971045
0 0.8358333333333334 0.5167037861915367 0.10166666666666667 0.33853006681514475
0 0.925 0.23162583518930957 0.09000000000000001 0.29398663697104677
0 0.8158333333333334 0.1514476614699332 0.085 0.28507795100222716
0 0.7116666666666667 0.20378619153674832 0.09666666666666668 0.31403118040089084
0 0.6833333333333333 0.13140311804008908 0.07666666666666667 0.25389755011135856
0 0.9691666666666667 0.18040089086859687 0.058333333333333334 0.27616926503340755
