0 0.055859375 0.4145833333333333 0.06328125 0.20625
0 0.037890625000000004 0.396875 0.06796875000000001 0.22083333333333333
0 0.019921875000000002 0.4088541666666667 0.039843750000000004 0.178125
0 0.07773437500000001 0.3885416666666667 0.05390625 0.175
0 0.10820312500000001 0.3953125 0.049218750000000006 0.16354166666666667
0 0.131640625 0.3802083333333333 0.049218750000000006 0.16041666666666665
0 0.160546875 0.3885416666666667 0.057031250000000006 0.18541666666666667
0 0.2546875 0.5348958333333333 0.2265625 0.7364583333333333
0 0.307421875 0.37864583333333335 0.06015625 0.19895833333333332
0 0.34609375000000003 0.3765625 0.0546875 0.18020833333333333
0 0.3796875 0.38958333333333334 0.0578125 0.19166666666666665
0 0.42226562500000003 0.3692708333333333 0.04453125 0.146875
0 0.44609375 0.35625 0.051562500000000004 0.17083333333333334
0 0.491015625 0.4578125 0.11015625000000001 0.3614583333333333
0 0.5265625 0.3953125 0.060937500000000006 0.19895833333333332
0 0.55625 0.4119791666666667 0.078125 0.253125
0 0.6023437500000001 0.47552083333333334 0.1125 0.3697916666666667
0 0.40859375000000003 0.3567708333333333 0.037500000000000006 0.12395833333333334
0 0.70078125 0.4973958333333333 0.1859375 0.6052083333333333
0 0.8191406250000001 0.5104166666666666 0.18515625000000002 0.6020833333333333
0 0.9078125 0.565625 0.18281250000000002 0.6666666666666666
2 0.51484375 0.2984375 0.021875000000000002 0.03854166666666667
2 0.589453125 0.2833333333333333 0.02890625 0.041666666666666664
2 0.39921875 0.3078125 0.010937500000000001 0.02395833333333333
2 0.7609375 0.3171875 0.028125 0.05520833333333333
2 0.78515625 0.2916666666666667 0.03125 0.058333333333333334
2 0.7546875000000001 0.28125 0.029687500000000002 0.03125
2 0.9875 0.2557291666666667 0.0234375 0.065625
