1 0.01987632508833922 0.4544740973312402 0.006183745583038869 0.026687598116169546
1 0.10026501766784453 0.47566718995290425 0.007950530035335688 0.03767660910518054
1 0.12941696113074205 0.4850863422291994 0.007950530035335688 0.03453689167974883
1 0.15017667844522967 0.49136577708006285 0.0088339222614841 0.04081632653061225
1 0.20008833922261485 0.5031397174254317 0.009717314487632508 0.04552590266875981
1 0.2310070671378092 0.5133437990580848 0.009717314487632508 0.04709576138147567
1 0.30918727915194344 0.532967032967033 0.012367491166077738 0.05494505494505495
1 0.41386925795053003 0.5675039246467818 0.015017667844522967 0.06750392464678179
1 0.4924911660777385 0.5855572998430142 0.01678445229681979 0.07535321821036108
1 0.7124558303886925 0.6373626373626374 0.022084805653710248 0.10047095761381476
1 0.7265901060070671 0.6483516483516484 0.023851590106007067 0.10675039246467818
1 0.8272968197879859 0.6601255886970173 0.025618374558303885 0.11145996860282575
