0 0.9208675263774911 0.34609375000000003 0.019929660023446656 0.06406250000000001
0 0.257327080890973 0.5640625 0.1559202813599062 0.50625
0 0.34876905041031653 0.5734375 0.15357561547479484 0.5
0 0.3851113716295428 0.55 0.14185228604923797 0.4625
0 0.46248534583821804 0.5750000000000001 0.13481828839390386 0.4375
0 0.49999999999999994 0.50703125 0.12778429073856976 0.41718750000000004
0 0.5592028135990621 0.5554687500000001 0.1313012895662368 0.43281250000000004
0 0.6201641266119577 0.5164062500000001 0.12661195779601406 0.4140625
0 0.6928487690504103 0.55703125 0.12661195779601406 0.41718750000000004
0 0.6424384525205158 0.6195312500000001 0.1313012895662368 0.43281250000000004
0 0.5416178194607268 0.6585937500000001 0.12661195779601406 0.41718750000000004
0 0.399179366940211 0.659375 0.1395076201641266 0.45937500000000003
0 0.18698710433763188 0.38359375 0.019929660023446656 0.06406250000000001
2 0.7778429073856975 0.35703125 0.02227432590855803 0.0390625
4 0.09144196951934348 0.3828125 0.1148886283704572 0.06875
