0 0.064 0.7135728542914171 0.06933333333333333 0.25349301397205587
0 0.102 0.7465069860279441 0.06799999999999999 0.25149700598802394
0 0.15666666666666665 0.6696606786427145 0.06 0.217564870259481
0 0.128 0.5658682634730539 0.029333333333333333 0.10978043912175647
0 0.19533333333333333 0.7185628742514969 0.07333333333333333 0.2674650698602794
0 0.224 0.6786427145708582 0.064 0.23552894211576844
0 0.2713333333333333 0.6766467065868262 0.06266666666666666 0.23153692614770457
0 0.294 0.6706586826347305 0.06266666666666666 0.23153692614770457
0 0.3753333333333333 0.7085828343313373 0.07866666666666666 0.2874251497005988
0 0.442 0.7435129740518961 0.07866666666666666 0.2894211576846307
0 0.5133333333333333 0.7035928143712574 0.08 0.29740518962075846
0 0.5613333333333334 0.7395209580838322 0.09066666666666666 0.3373253493013972
0 0.6333333333333333 0.6766467065868262 0.06133333333333333 0.2235528942115768
0 0.658 0.7095808383233533 0.07866666666666666 0.28542914171656686
0 0.696 0.6956087824351297 0.05333333333333333 0.19760479041916165
0 0.726 0.6756487025948104 0.06 0.22155688622754488
0 0.8486666666666667 0.7215568862275449 0.07066666666666667 0.26546906187624747
0 0.8106666666666666 0.56187624750499 0.029333333333333333 0.1057884231536926
0 0.8606666666666667 0.5668662674650699 0.028 0.10778443113772454
0 0.14933333333333332 0.5728542914171656 0.026666666666666665 0.10379241516966067
0 0.9053333333333333 0.5658682634730539 0.032 0.12175648702594809
0 0.9253333333333333 0.560878243512974 0.032 0.12375249500998003
0 0.9513333333333333 0.5668662674650699 0.03333333333333333 0.11976047904191615
0 0.976 0.5728542914171656 0.032 0.11576846307385229
0 0.9713333333333333 0.5958083832335329 0.02 0.0778443113772455
0 0.9886666666666666 0.5558882235528941 0.02 0.10179640718562874
0 0.7966666666666666 0.56187624750499 0.025333333333333333 0.09780439121756486
0 0.7526666666666666 0.5588822355289421 0.022666666666666665 0.08782435129740518
0 0.7053333333333333 0.562874251497006 0.021333333333333333 0.07984031936127745
0 0.724 0.5638722554890219 0.021333333333333333 0.08183632734530938
2 0.87 0.5898203592814371 0.025333333333333333 0.08582834331337325
3 0.27466666666666667 0.5139720558882235 0.04 0.09381237524950099
3 0.3153333333333333 0.5219560878243512 0.04666666666666666 0.06586826347305388
3 0.5693333333333334 0.5239520958083832 0.029333333333333333 0.11776447105788422
