0 0.024583333333333336 0.3811111111111111 0.04916666666666667 0.22
0 0.06875 0.375 0.05416666666666667 0.17888888888888888
0 0.04791666666666667 0.36777777777777776 0.052500000000000005 0.1711111111111111
0 0.09416666666666668 0.38555555555555554 0.065 0.21333333333333332
0 0.14166666666666666 0.38555555555555554 0.08333333333333334 0.2733333333333333
0 0.12125000000000001 0.3572222222222222 0.05583333333333334 0.18555555555555556
0 0.18250000000000002 0.48444444444444446 0.14333333333333334 0.4688888888888889
0 0.26583333333333337 0.4888888888888889 0.14666666666666667 0.4777777777777778
0 0.3229166666666667 0.3288888888888889 0.0425 0.14222222222222222
0 0.29750000000000004 0.3055555555555556 0.025 0.08222222222222222
0 0.3695833333333334 0.385 0.07416666666666667 0.2411111111111111
0 0.41500000000000004 0.385 0.08 0.2633333333333333
0 0.4420833333333334 0.39166666666666666 0.06916666666666667 0.22777777777777777
0 0.5091666666666667 0.4533333333333333 0.16 0.52
0 0.4633333333333334 0.31666666666666665 0.035 0.11777777777777777
0 0.48500000000000004 0.32166666666666666 0.03333333333333333 0.11
0 0.6016666666666667 0.42 0.1 0.3244444444444444
0 0.5750000000000001 0.32555555555555554 0.04166666666666667 0.13555555555555557
0 0.63 0.44333333333333336 0.10666666666666667 0.3488888888888889
0 0.6775 0.3011111111111111 0.03833333333333334 0.1288888888888889
0 0.6633333333333333 0.295 0.04 0.1322222222222222
0 0.7091666666666667 0.5666666666666667 0.24833333333333335 0.8111111111111111
0 0.765 0.5205555555555555 0.16166666666666668 0.53
0 0.82625 0.41444444444444445 0.11916666666666667 0.38666666666666666
0 0.8808333333333334 0.46111111111111114 0.13333333333333333 0.43333333333333335
0 0.9183333333333334 0.5955555555555555 0.16166666666666668 0.6844444444444444
0 0.9233333333333333 0.29333333333333333 0.04833333333333334 0.16
0 0.34750000000000003 0.32944444444444443 0.043333333333333335 0.1411111111111111
2 0.07208333333333333 0.27666666666666667 0.020833333333333336 0.03777777777777778
2 0.3875 0.2772222222222222 0.016666666666666666 0.03
2 0.42458333333333337 0.27166666666666667 0.0125 0.03
2 0.43750000000000006 0.2677777777777778 0.013333333333333334 0.02
4 0.59375 0.2611111111111111 0.12250000000000001 0.05333333333333333
