0 0.05 0.8028953229398663 0.043333333333333335 0.1403118040089087
0 0.10416666666666667 0.8028953229398663 0.035 0.11804008908685969
0 0.1275 0.8285077951002227 0.03166666666666667 0.10244988864142539
0 0.16833333333333333 0.8674832962138084 0.07666666666666667 0.2561247216035635
0 0.2016666666666667 0.8062360801781737 0.03333333333333333 0.11135857461024498
0 0.2783333333333334 0.8051224944320713 0.03333333333333333 0.10913140311804008
0 0.32083333333333336 0.844097995545657 0.045000000000000005 0.1514476614699332
0 0.3916666666666667 0.799554565701559 0.030000000000000002 0.10244988864142539
0 0.4716666666666667 0.8084632516703786 0.03333333333333333 0.10690423162583518
0 0.5241666666666667 0.7962138084632516 0.025 0.08240534521158129
0 0.535 0.8207126948775055 0.030000000000000002 0.10467706013363029
0 0.5691666666666667 0.821826280623608 0.04166666666666667 0.13808463251670378
0 0.6383333333333334 0.8262806236080178 0.03666666666666667 0.12026726057906459
0 0.685 0.8162583518930957 0.030000000000000002 0.10022271714922049
0 0.7641666666666667 0.8129175946547884 0.025 0.08908685968819599
0 0.7991666666666667 0.8106904231625834 0.025 0.08463251670378619
0 0.8316666666666667 0.8129175946547884 0.02666666666666667 0.08908685968819599
0 0.8766666666666667 0.8151447661469933 0.03333333333333333 0.10690423162583518
0 0.9158333333333334 0.8396436525612472 0.025 0.08017817371937638
0 0.9483333333333334 0.8151447661469933 0.03333333333333333 0.10690423162583518
0 0.9708333333333334 0.8641425389755011 0.055 0.19153674832962136
