0 0.6688500727802038 0.27176220806794055 0.13537117903930132 0.24416135881104034
0 0.7612809315866085 0.2776008492569002 0.13100436681222707 0.23248407643312102
0 0.1579330422125182 0.7372611464968153 0.21688500727802038 0.38535031847133755
0 0.3180494905385735 0.721868365180467 0.19650655021834063 0.3503184713375796
0 0.8253275109170306 0.7579617834394904 0.2416302765647744 0.43312101910828027
0 0.34497816593886466 0.33970276008492567 0.18631732168850074 0.33121019108280253
0 0.6128093158660844 0.4973460721868365 0.11062590975254731 0.19851380042462843
2 0.23289665211062593 0.3906581740976645 0.3027656477438137 0.22929936305732485
2 0.6331877729257642 0.779723991507431 0.21542940320232898 0.38535031847133755
3 0.20960698689956334 0.1884288747346072 0.10189228529839885 0.14118895966029724
3 0.38937409024745273 0.20966029723991508 0.13537117903930132 0.11146496815286625
3 0.42940320232896656 0.1464968152866242 0.055312954876273655 0.08917197452229299
3 0.49126637554585156 0.1597664543524416 0.039301310043668124 0.06900212314225053
3 0.3165938864628821 0.1449044585987261 0.05094614264919942 0.04777070063694267
3 0.34352256186317326 0.13641188959660297 0.029112081513828242 0.028662420382165606
