0 0.105625 0.6616666666666667 0.07125000000000001 0.23333333333333334
0 0.178125 0.6375000000000001 0.05375 0.17833333333333334
0 0.205625 0.6208333333333333 0.04625 0.15166666666666667
0 0.23500000000000001 0.6025 0.04 0.135
0 0.27625 0.6583333333333333 0.07 0.22666666666666668
0 0.305 0.6383333333333334 0.05 0.16333333333333333
0 0.319375 0.6208333333333333 0.043750000000000004 0.14500000000000002
0 0.429375 0.6391666666666667 0.051250000000000004 0.1716666666666667
0 0.45437500000000003 0.6575000000000001 0.06875 0.22833333333333336
0 0.53 0.6075 0.0375 0.12833333333333335
0 0.555 0.6191666666666668 0.045 0.15166666666666667
0 0.584375 0.6416666666666667 0.051250000000000004 0.16666666666666669
0 0.636875 0.6558333333333334 0.06375 0.20833333333333334
0 0.705 0.6366666666666667 0.0475 0.16
0 0.7518750000000001 0.62 0.03625 0.12333333333333334
0 0.78 0.6491666666666667 0.06 0.195
0 0.82625 0.6333333333333334 0.0475 0.15666666666666668
0 0.62375 0.6108333333333333 0.0375 0.12833333333333335
