0 0.109 0.432 0.10200000000000001 0.33599999999999997
0 0.148 0.43866666666666665 0.116 0.38666666666666666
0 0.044 0.3506666666666667 0.036000000000000004 0.12533333333333332
0 0.229 0.35866666666666663 0.046 0.152
0 0.297 0.35333333333333333 0.026000000000000002 0.088
0 0.313 0.35866666666666663 0.03 0.09866666666666667
0 0.331 0.36266666666666664 0.034 0.11733333333333333
0 0.34700000000000003 0.37466666666666665 0.042 0.14133333333333334
0 0.381 0.3973333333333333 0.054 0.176
0 0.401 0.35333333333333333 0.026000000000000002 0.088
0 0.427 0.36266666666666664 0.03 0.10133333333333333
0 0.458 0.36266666666666664 0.04 0.128
0 0.484 0.4333333333333333 0.088 0.2853333333333333
0 0.5710000000000001 0.39466666666666667 0.05 0.17066666666666666
0 0.615 0.37866666666666665 0.03 0.096
0 0.625 0.388 0.034 0.10933333333333332
0 0.721 0.4066666666666667 0.042 0.14666666666666667
0 0.785 0.5266666666666666 0.166 0.5413333333333333
0 0.9570000000000001 0.4413333333333333 0.066 0.216
4 0.481 0.35733333333333334 0.158 0.08
4 0.683 0.37466666666666665 0.19 0.10933333333333332
4 0.91 0.4053333333333333 0.17200000000000001 0.15466666666666667
