0 0.2916666666666667 0.5075000000000001 0.03333333333333333 0.085
0 0.30583333333333335 0.5125000000000001 0.04166666666666667 0.10500000000000001
0 0.3466666666666667 0.5108333333333334 0.03666666666666667 0.08833333333333333
0 0.3766666666666667 0.5175000000000001 0.03666666666666667 0.09166666666666667
0 0.4166666666666667 0.5025000000000001 0.02666666666666667 0.065
0 0.44833333333333336 0.49000000000000005 0.02 0.05
0 0.46416666666666667 0.48250000000000004 0.018333333333333333 0.045000000000000005
0 0.5841666666666667 0.5025000000000001 0.021666666666666667 0.055
0 0.6075 0.5025000000000001 0.021666666666666667 0.058333333333333334
0 0.6225 0.4816666666666667 0.018333333333333333 0.04666666666666667
0 0.6366666666666667 0.5133333333333334 0.03333333333333333 0.08
0 0.6583333333333333 0.5216666666666667 0.05 0.12666666666666668
0 0.7000000000000001 0.525 0.04666666666666667 0.12000000000000001
0 0.5916666666666667 0.4541666666666667 0.013333333333333334 0.035
0 0.5800000000000001 0.4566666666666667 0.013333333333333334 0.03666666666666667
