0 0.007500000000000001 0.795369211514393 0.015000000000000001 0.061326658322903634
0 0.021666666666666667 0.7847309136420526 0.013333333333333334 0.05006257822277847
0 0.03166666666666667 0.8679599499374218 0.04166666666666667 0.15394242803504382
0 0.05291666666666667 0.7947434292866082 0.0175 0.06508135168961202
0 0.08333333333333334 0.818523153942428 0.023333333333333334 0.09011264080100126
0 0.1275 0.785982478097622 0.013333333333333334 0.05006257822277847
0 0.3375 0.7822277847309137 0.008333333333333333 0.03504380475594493
0 0.3458333333333334 0.785982478097622 0.006666666666666667 0.02753441802252816
0 0.36208333333333337 0.7847309136420526 0.010833333333333334 0.0425531914893617
0 0.39666666666666667 0.7828535669586983 0.01 0.03879849812265332
0 0.4416666666666667 0.7891113892365457 0.016666666666666666 0.061326658322903634
0 0.455 0.7922403003754693 0.015000000000000001 0.057571964956195244
0 0.4733333333333334 0.788485607008761 0.01 0.03754693366708386
0 0.47958333333333336 0.7828535669586983 0.010833333333333334 0.04130162703379224
0 0.4966666666666667 0.795369211514393 0.013333333333333334 0.05131414267834793
0 0.5033333333333334 0.7841051314142679 0.008333333333333333 0.03128911138923655
0 0.5245833333333334 0.8016270337922403 0.01916666666666667 0.07133917396745933
0 0.7708333333333334 0.8072590738423029 0.02 0.07759699624530664
0 0.8404166666666667 0.8041301627033792 0.02416666666666667 0.08886107634543179
0 0.9829166666666668 0.8103879849812266 0.030833333333333334 0.11639549436795996
3 0.47750000000000004 0.7490613266583229 0.011666666666666667 0.03879849812265332
