0 0.04489795918367347 0.44363636363636366 0.036734693877551024 0.16727272727272727
0 0.0673469387755102 0.44 0.036734693877551024 0.16727272727272727
0 0.09489795918367348 0.48 0.04285714285714286 0.1890909090909091
0 0.11836734693877551 0.4672727272727273 0.04489795918367347 0.2
0 0.14285714285714288 0.5509090909090909 0.07346938775510205 0.3236363636363636
0 0.18673469387755104 0.5436363636363636 0.07551020408163266 0.3381818181818182
0 0.23163265306122452 0.44 0.03877551020408164 0.17454545454545456
0 0.2142857142857143 0.44181818181818183 0.036734693877551024 0.16363636363636364
0 0.163265306122449 0.44363636363636366 0.0326530612244898 0.15272727272727274
0 0.27142857142857146 0.6381818181818182 0.10612244897959185 0.4618181818181818
0 0.30306122448979594 0.5 0.05510204081632654 0.23636363636363636
0 0.3316326530612245 0.6472727272727272 0.11224489795918369 0.48727272727272725
0 0.3734693877551021 0.5909090909090909 0.0816326530612245 0.36727272727272725
0 0.37244897959183676 0.5381818181818182 0.07959183673469389 0.3490909090909091
0 0.42346938775510207 0.5636363636363636 0.07551020408163266 0.33454545454545453
0 0.45612244897959187 0.4763636363636364 0.05102040816326531 0.22545454545454546
0 0.489795918367347 0.6690909090909091 0.12244897959183675 0.5454545454545454
0 0.5387755102040817 0.7072727272727273 0.11836734693877551 0.52
0 0.5673469387755102 0.43454545454545457 0.036734693877551024 0.1709090909090909
0 0.5959183673469388 0.40545454545454546 0.028571428571428574 0.13454545454545455
0 0.6459183673469389 0.5163636363636364 0.0673469387755102 0.3054545454545455
0 0.6918367346938776 0.5672727272727273 0.0816326530612245 0.3563636363636364
0 0.729591836734694 0.5636363636363636 0.07551020408163266 0.33454545454545453
0 0.776530612244898 0.4309090909090909 0.03469387755102041 0.15636363636363637
0 0.8918367346938776 0.6072727272727273 0.11836734693877551 0.5236363636363637
0 0.8510204081632654 0.44181818181818183 0.0489795918367347 0.21454545454545454
0 0.9183673469387756 0.6290909090909091 0.09387755102040818 0.41454545454545455
2 0.8653061224489796 0.39636363636363636 0.028571428571428574 0.06545454545454546
2 0.916326530612245 0.3981818181818182 0.028571428571428574 0.05454545454545454
2 0.9285714285714286 0.3509090909090909 0.04489795918367347 0.08363636363636363
