0 0.9223057644110275 0.6239495798319328 0.08521303258145363 0.35714285714285715
0 0.9749373433583959 0.8592436974789915 0.045112781954887216 0.25630252100840334
0 0.8157894736842105 0.5483193277310924 0.06265664160401002 0.2647058823529412
0 0.7506265664160401 0.657563025210084 0.09774436090225563 0.3991596638655462
0 0.7030075187969924 0.8802521008403361 0.05263157894736842 0.2226890756302521
0 0.6328320802005012 0.7394957983193277 0.09273182957393483 0.38655462184873945
0 0.5551378446115288 0.838235294117647 0.07268170426065163 0.3067226890756302
0 0.5350877192982456 0.6743697478991596 0.08771929824561403 0.36554621848739494
0 0.6403508771929824 0.5798319327731092 0.08270676691729323 0.3529411764705882
0 0.7243107769423558 0.4579831932773109 0.07017543859649122 0.2857142857142857
0 0.8283208020050125 0.5126050420168067 0.07268170426065163 0.3025210084033613
0 0.6741854636591478 0.4789915966386554 0.06015037593984962 0.25210084033613445
0 0.600250626566416 0.4621848739495798 0.07268170426065163 0.31092436974789917
0 0.5551378446115288 0.523109243697479 0.08270676691729323 0.3403361344537815
0 0.4649122807017544 0.5966386554621849 0.08771929824561403 0.36134453781512604
0 0.40601503759398494 0.8025210084033613 0.09523809523809523 0.38655462184873945
0 0.2606516290726817 0.7584033613445378 0.10526315789473684 0.43277310924369744
0 0.22807017543859648 0.8508403361344538 0.07017543859649122 0.2899159663865546
0 0.10776942355889724 0.819327731092437 0.08521303258145363 0.3445378151260504
0 0.18671679197994986 0.6281512605042017 0.08270676691729323 0.3487394957983193
0 0.24310776942355888 0.6302521008403361 0.08521303258145363 0.3529411764705882
0 0.6604010025062657 0.4096638655462185 0.05263157894736842 0.2226890756302521
0 0.5588972431077694 0.3739495798319328 0.06516290726817042 0.2689075630252101
0 0.49122807017543857 0.42857142857142855 0.07017543859649122 0.2857142857142857
0 0.449874686716792 0.48109243697478987 0.07268170426065163 0.29831932773109243
0 0.41353383458646614 0.38865546218487396 0.06516290726817042 0.2647058823529412
0 0.3684210526315789 0.4453781512605042 0.07017543859649122 0.29411764705882354
0 0.2882205513784461 0.4054621848739496 0.06516290726817042 0.2647058823529412
0 0.23182957393483708 0.38235294117647056 0.06265664160401002 0.2689075630252101
0 0.17042606516290726 0.3445378151260504 0.06516290726817042 0.2689075630252101
0 0.19047619047619047 0.27310924369747897 0.045112781954887216 0.18487394957983191
0 0.26190476190476186 0.3088235294117647 0.05263157894736842 0.21428571428571427
0 0.3020050125313283 0.3130252100840336 0.05263157894736842 0.21428571428571427
0 0.3358395989974937 0.27941176470588236 0.05012531328320802 0.20588235294117646
0 0.34962406015037595 0.35504201680672265 0.05764411027568922 0.2394957983193277
0 0.3671679197994987 0.3025210084033613 0.05764411027568922 0.23529411764705882
0 0.44360902255639095 0.3319327731092437 0.05513784461152882 0.226890756302521
0 0.5075187969924811 0.32352941176470584 0.042606516290726815 0.1764705882352941
0 0.537593984962406 0.1533613445378151 0.022556390977443608 0.10504201680672269
0 0.2706766917293233 0.18487394957983191 0.045112781954887216 0.19327731092436973
0 0.016290726817042606 0.1680672268907563 0.03258145363408521 0.18487394957983191
0 0.03383458646616541 0.19117647058823528 0.042606516290726815 0.1722689075630252
0 0.6553884711779449 0.21638655462184872 0.03759398496240601 0.1638655462184874
0 0.788220551378446 0.8067226890756303 0.09273182957393483 0.37815126050420167
2 0.2832080200501253 0.19747899159663865 0.02506265664160401 0.08403361344537814
2 0.3132832080200501 0.18487394957983191 0.02506265664160401 0.06722689075630252
2 0.40977443609022557 0.14705882352941177 0.03759398496240601 0.10084033613445378
2 0.21929824561403508 0.1449579831932773 0.042606516290726815 0.1134453781512605
