0 0.8784916201117319 0.47314578005115093 0.1229050279329609 0.5473145780051152
0 0.776536312849162 0.4705882352941177 0.11452513966480447 0.5115089514066496
0 0.7283519553072626 0.46803069053708446 0.10754189944134078 0.4808184143222507
0 0.6599162011173184 0.46803069053708446 0.10195530726256984 0.4552429667519182
0 0.6138268156424581 0.4974424552429668 0.11871508379888268 0.5396419437340154
0 0.5956703910614526 0.48593350383631717 0.10195530726256984 0.4552429667519182
0 0.5488826815642458 0.48337595907928393 0.10893854748603353 0.49104859335038364
0 0.5041899441340782 0.4846547314578005 0.09776536312849163 0.4424552429667519
0 0.4783519553072626 0.4667519181585678 0.10754189944134078 0.48337595907928393
0 0.44343575418994413 0.4539641943734016 0.10754189944134078 0.48337595907928393
0 0.4085195530726257 0.43734015345268545 0.07402234636871509 0.33248081841432225
0 0.36731843575418993 0.4488491048593351 0.09776536312849163 0.4424552429667519
0 0.3442737430167598 0.43734015345268545 0.07681564245810056 0.35294117647058826
0 0.3037709497206704 0.43734015345268545 0.08519553072625699 0.38363171355498726
0 0.276536312849162 0.4501278772378517 0.08659217877094973 0.3938618925831202
0 0.25558659217877094 0.4501278772378517 0.0782122905027933 0.35294117647058826
0 0.24022346368715083 0.43734015345268545 0.07262569832402235 0.33248081841432225
0 0.23114525139664804 0.4296675191815857 0.07122905027932962 0.3171355498721228
0 0.1990223463687151 0.44117647058823534 0.06843575418994413 0.30434782608695654
0 0.1878491620111732 0.42327365728900257 0.06564245810055866 0.29923273657289007
0 0.16201117318435754 0.432225063938619 0.06145251396648045 0.2762148337595908
0 0.14455307262569833 0.4398976982097187 0.05726256983240224 0.2557544757033248
0 0.13966480446927373 0.42327365728900257 0.05865921787709497 0.2634271099744246
2 0.16689944134078213 0.3171355498721228 0.009776536312849162 0.04092071611253197
2 0.22067039106145253 0.29923273657289007 0.0111731843575419 0.03580562659846548
2 0.28910614525139666 0.2953964194373402 0.013966480446927375 0.0741687979539642
2 0.5230446927374302 0.29923273657289007 0.020949720670391064 0.08695652173913045
2 0.571927374301676 0.29283887468030695 0.015363128491620113 0.0843989769820972
