0 0.34057971014492755 0.5262008733624454 0.12753623188405797 0.4759825327510917
0 0.591304347826087 0.5032751091703056 0.13043478260869565 0.47816593886462877
0 0.8152173913043478 0.34934497816593885 0.01884057971014493 0.06986899563318777
0 0.7927536231884058 0.3504366812227074 0.017391304347826087 0.06331877729257641
0 0.7797101449275362 0.35152838427947597 0.017391304347826087 0.06550218340611354
0 0.7710144927536232 0.3427947598253275 0.011594202898550725 0.043668122270742356
0 0.7615942028985507 0.3526200873362445 0.01884057971014493 0.07641921397379912
0 0.7398550724637681 0.35698689956331875 0.021739130434782608 0.08515283842794759
0 0.7260869565217392 0.34934497816593885 0.017391304347826087 0.06550218340611354
0 0.7101449275362319 0.3471615720524017 0.014492753623188406 0.0611353711790393
0 0.7144927536231884 0.34388646288209607 0.011594202898550725 0.05021834061135371
0 0.22681159420289856 0.4039301310043668 0.021739130434782608 0.08296943231441048
0 0.2108695652173913 0.3951965065502183 0.021739130434782608 0.08733624454148471
0 0.1847826086956522 0.42139737991266374 0.02753623188405797 0.10917030567685589
0 0.16521739130434782 0.4224890829694323 0.03188405797101449 0.11572052401746724
0 0.1355072463768116 0.42030567685589515 0.02753623188405797 0.10262008733624453
0 0.06304347826086956 0.4279475982532751 0.03333333333333333 0.1222707423580786
0 0.041304347826086954 0.425764192139738 0.03333333333333333 0.1222707423580786
0 0.09420289855072464 0.4039301310043668 0.014492753623188406 0.05676855895196506
0 0.15072463768115943 0.4115720524017467 0.026086956521739132 0.0982532751091703
0 0.4282608695652174 0.3689956331877729 0.015942028985507246 0.05676855895196506
0 0.41449275362318844 0.36462882096069865 0.014492753623188406 0.05240174672489083
0 0.40869565217391307 0.3799126637554585 0.017391304347826087 0.06986899563318777
0 0.5130434782608696 0.38100436681222705 0.02318840579710145 0.08951965065502183
0 0.5282608695652175 0.361353711790393 0.013043478260869566 0.05021834061135371
0 0.55 0.3744541484716157 0.02463768115942029 0.09388646288209607
0 0.5021739130434782 0.3689956331877729 0.015942028985507246 0.05676855895196506
0 0.49130434782608695 0.3689956331877729 0.014492753623188406 0.05240174672489083
0 0.5601449275362319 0.38100436681222705 0.02463768115942029 0.08951965065502183
0 0.463768115942029 0.40502183406113534 0.028985507246376812 0.11135371179039301
2 0.6536231884057971 0.34388646288209607 0.020289855072463767 0.06768558951965065
2 0.696376811594203 0.34388646288209607 0.015942028985507246 0.04148471615720524
2 0.6876811594202898 0.34388646288209607 0.013043478260869566 0.04148471615720524
2 0.6739130434782609 0.3504366812227074 0.017391304347826087 0.03275109170305677
2 0.6318840579710145 0.3231441048034934 0.011594202898550725 0.026200873362445413
2 0.17246376811594202 0.3864628820960698 0.011594202898550725 0.026200873362445413
2 0.2818840579710145 0.39192139737991266 0.013043478260869566 0.05021834061135371
2 0.39565217391304347 0.361353711790393 0.011594202898550725 0.024017467248908297
2 0.4688405797101449 0.35698689956331875 0.013043478260869566 0.02838427947598253
2 0.4847826086956522 0.36026200873362446 0.010144927536231883 0.021834061135371178
2 0.44782608695652176 0.36572052401746724 0.011594202898550725 0.01965065502183406
2 0.5681159420289855 0.3449781659388646 0.014492753623188406 0.034934497816593885
2 0.8586956521739131 0.3548034934497816 0.010144927536231883 0.05458515283842794
2 0.8710144927536232 0.3558951965065502 0.017391304347826087 0.05240174672489083
2 0.9072463768115943 0.361353711790393 0.014492753623188406 0.06768558951965065
4 0.47681159420289854 0.3558951965065502 0.011594202898550725 0.026200873362445413
4 0.8028985507246377 0.33406113537117904 0.011594202898550725 0.034934497816593885
4 0.8840579710144928 0.35152838427947597 0.043478260869565216 0.0611353711790393
4 0.26014492753623186 0.3941048034934498 0.042028985507246375 0.05021834061135371
4 0.37971014492753624 0.361353711790393 0.026086956521739132 0.024017467248908297
4 0.972463768115942 0.35152838427947597 0.052173913043478265 0.07860262008733623
