0 0.15538194444444445 0.530952380952381 0.2725694444444444 0.9142857142857144
0 0.4157986111111111 0.4642857142857143 0.2065972222222222 0.7000000000000001
0 0.556423611111111 0.380952380952381 0.15104166666666666 0.5095238095238096
0 0.6944444444444444 0.5666666666666668 0.26041666666666663 0.861904761904762
0 0.8055555555555555 0.4297619047619048 0.15277777777777776 0.5166666666666667
0 0.8819444444444444 0.39642857142857146 0.12152777777777778 0.4071428571428572
0 0.9322916666666666 0.37738095238095243 0.11458333333333333 0.38333333333333336
0 0.04079861111111111 0.39880952380952384 0.08159722222222222 0.42619047619047623
0 0.09201388888888888 0.3869047619047619 0.11805555555555555 0.4023809523809524
0 0.033854166666666664 0.36190476190476195 0.06770833333333333 0.3666666666666667
0 0.20833333333333331 0.36071428571428577 0.10069444444444443 0.3452380952380953
0 0.234375 0.34285714285714286 0.09375 0.3190476190476191
0 0.2708333333333333 0.38571428571428573 0.10416666666666666 0.35714285714285715
0 0.32465277777777773 0.3416666666666667 0.09375 0.3166666666666667
0 0.2847222222222222 0.35714285714285715 0.10069444444444443 0.34285714285714286
0 0.3550347222222222 0.3535714285714286 0.10243055555555555 0.35000000000000003
0 0.4609375 0.3416666666666667 0.10243055555555555 0.3452380952380953
0 0.4939236111111111 0.32023809523809527 0.09201388888888888 0.30714285714285716
0 0.6354166666666666 0.32261904761904764 0.08680555555555555 0.2880952380952381
0 0.05034722222222222 0.35000000000000003 0.08680555555555555 0.2904761904761905
0 0.7847222222222222 0.28571428571428575 0.017361111111111112 0.06190476190476191
0 0.970486111111111 0.3583333333333334 0.05555555555555555 0.3404761904761905
0 0.9505208333333333 0.3547619047619048 0.0954861111111111 0.34761904761904766
2 0.0798611111111111 0.2392857142857143 0.017361111111111112 0.045238095238095244
2 0.05989583333333333 0.23214285714285715 0.022569444444444444 0.05476190476190477
2 0.2977430555555555 0.2285714285714286 0.012152777777777776 0.04285714285714286
2 0.5078125 0.2178571428571429 0.029513888888888888 0.045238095238095244
2 0.9600694444444444 0.21309523809523812 0.027777777777777776 0.07380952380952381
2 0.9800347222222222 0.21666666666666667 0.026041666666666664 0.0761904761904762
2 0.7552083333333333 0.2178571428571429 0.034722222222222224 0.0642857142857143
4 0.5920138888888888 0.2154761904761905 0.048611111111111105 0.06904761904761905
