0 0.5084317032040472 0.627906976744186 0.15008431703204048 0.7242524916943521
0 0.5632377740303541 0.40863787375415284 0.043844856661045525 0.21926910299003322
0 0.6492411467116357 0.3554817275747508 0.1281618887015177 0.6179401993355482
0 0.5978077571669477 0.5282392026578073 0.04890387858347386 0.23920265780730898
0 0.6703204047217538 0.40863787375415284 0.042158516020236084 0.21262458471760798
0 0.709106239460371 0.4053156146179402 0.042158516020236084 0.20598006644518274
0 0.730185497470489 0.39534883720930236 0.03709949409780776 0.17940199335548174
0 0.7445193929173692 0.38870431893687707 0.028667790893760536 0.13953488372093023
0 0.7681281618887015 0.38704318936877075 0.03541315345699831 0.18272425249169436
0 0.7723440134907251 0.38870431893687707 0.03372681281618887 0.16611295681063123
0 0.9780775716694772 0.3604651162790698 0.03035413153456998 0.14950166112956811
0 0.9224283305227655 0.3554817275747508 0.06070826306913996 0.292358803986711
0 0.8701517706576728 0.3637873754152824 0.08431703204047217 0.4019933554817276
0 0.9005059021922428 0.31561461794019935 0.1281618887015177 0.6245847176079734
0 0.42833052276559863 0.4318936877076412 0.03372681281618887 0.15946843853820597
0 0.40809443507588533 0.4418604651162791 0.03035413153456998 0.15282392026578073
0 0.38954468802698144 0.446843853820598 0.03372681281618887 0.16943521594684385
0 0.4536256323777403 0.4019933554817276 0.05396290050590219 0.26578073089701
0 0.37858347386172003 0.38704318936877075 0.12310286677908937 0.6013289036544851
0 0.2580101180438448 0.4335548172757475 0.0775716694772344 0.38205980066445183
0 0.07672849915682968 0.44019933554817275 0.11973018549747048 0.5813953488372093
0 0.2369308600337268 0.46345514950166117 0.03541315345699831 0.17607973421926912
0 0.20236087689713322 0.4750830564784053 0.013490725126475547 0.07308970099667775
0 0.20826306913996626 0.46677740863787376 0.011804384485666104 0.05647840531561462
0 0.17790893760539628 0.46677740863787376 0.03204047217537943 0.15614617940199335
0 0.15430016863406407 0.4750830564784053 0.03204047217537943 0.15946843853820597
0 0.13406408094435074 0.4850498338870432 0.03204047217537943 0.16611295681063123
0 0.1315345699831366 0.47176079734219273 0.03709949409780776 0.17940199335548174
0 0.10792580101180438 0.46345514950166117 0.03372681281618887 0.16943521594684385
0 0.09612141652613827 0.4800664451827243 0.03709949409780776 0.18272425249169436
0 0.017706576728499155 0.5066445182724253 0.03541315345699831 0.17607973421926912
0 0.01517706576728499 0.4850498338870432 0.03035413153456998 0.19933554817275748
0 0.5379426644182125 0.446843853820598 0.03035413153456998 0.14950166112956811
0 0.8279932546374367 0.39534883720930236 0.023608768971332208 0.11960132890365449
2 0.4468802698145025 0.26411960132890366 0.0775716694772344 0.10963455149501661
2 0.008431703204047217 0.5730897009966778 0.016863406408094434 0.10299003322259137
2 0.2993254637436762 0.46677740863787376 0.042158516020236084 0.11627906976744186
2 0.29005059021922425 0.4053156146179402 0.023608768971332208 0.059800664451827246
2 0.30101180438448566 0.4335548172757475 0.011804384485666104 0.07641196013289037
2 0.9367622259696459 0.33222591362126247 0.011804384485666104 0.053156146179401995
4 0.11973018549747048 0.46179401993355484 0.013490725126475547 0.09966777408637874
