0 0.04090909090909091 0.46291208791208793 0.08181818181818182 0.33241758241758246
0 0.04909090909090909 0.42170329670329676 0.07272727272727272 0.2774725274725275
0 0.10545454545454545 0.36401098901098905 0.04363636363636364 0.1620879120879121
0 0.14909090909090908 0.40384615384615385 0.06909090909090909 0.2527472527472528
0 0.17727272727272728 0.43818681318681324 0.08545454545454545 0.32142857142857145
0 0.23272727272727273 0.3763736263736264 0.06181818181818182 0.23626373626373628
0 0.07181818181818182 0.3337912087912088 0.03090909090909091 0.11263736263736264
0 0.08545454545454545 0.315934065934066 0.02909090909090909 0.1098901098901099
0 0.01090909090909091 0.3667582417582418 0.02181818181818182 0.1620879120879121
0 0.2827272727272727 0.38049450549450553 0.056363636363636366 0.20604395604395606
0 0.2990909090909091 0.407967032967033 0.07818181818181819 0.2884615384615385
0 0.3427272727272727 0.39972527472527475 0.06727272727272728 0.25
0 0.33090909090909093 0.36813186813186816 0.04363636363636364 0.16483516483516486
0 0.37727272727272726 0.4450549450549451 0.10727272727272727 0.39560439560439564
0 0.4090909090909091 0.37912087912087916 0.06181818181818182 0.23626373626373628
0 0.4718181818181818 0.4134615384615385 0.08181818181818182 0.30494505494505497
0 0.5236363636363637 0.5013736263736264 0.14181818181818182 0.5302197802197802
0 0.4218181818181818 0.3612637362637363 0.04 0.15109890109890112
0 0.5818181818181818 0.3873626373626374 0.07272727272727272 0.2692307692307693
0 0.6418181818181818 0.3585164835164835 0.06181818181818182 0.23351648351648355
0 0.6063636363636363 0.35302197802197804 0.038181818181818185 0.15109890109890112
0 0.6272727272727273 0.3516483516483517 0.04 0.15384615384615385
0 0.6781818181818182 0.41620879120879123 0.11272727272727273 0.41483516483516486
0 0.73 0.4010989010989011 0.1 0.37362637362637363
0 0.7609090909090909 0.3873626373626374 0.08545454545454545 0.3131868131868132
0 0.7872727272727272 0.3708791208791209 0.08 0.30219780219780223
0 0.8381818181818181 0.3708791208791209 0.06545454545454546 0.2417582417582418
0 0.8436363636363636 0.3543956043956044 0.06545454545454546 0.2417582417582418
0 0.9663636363636363 0.4175824175824176 0.06363636363636363 0.42307692307692313
0 0.62 0.14423076923076925 0.014545454545454545 0.0631868131868132
0 0.6336363636363637 0.135989010989011 0.016363636363636365 0.057692307692307696
0 0.6545454545454545 0.13324175824175824 0.014545454545454545 0.057692307692307696
0 0.9636363636363636 0.08791208791208792 0.014545454545454545 0.06043956043956045
0 0.9827272727272727 0.10851648351648352 0.012727272727272728 0.0521978021978022
2 0.13727272727272727 0.30631868131868134 0.023636363636363636 0.0521978021978022
2 0.014545454545454545 0.3035714285714286 0.01818181818181818 0.041208791208791215
2 0.4572727272727273 0.2870879120879121 0.02 0.03571428571428572
2 0.5418181818181819 0.2843406593406594 0.014545454545454545 0.024725274725274728
2 0.5554545454545454 0.2774725274725275 0.016363636363636365 0.03296703296703297
2 0.8718181818181818 0.1043956043956044 0.016363636363636365 0.05494505494505495
2 0.9372727272727273 0.25412087912087916 0.016363636363636365 0.030219780219780223
2 0.9090909090909091 0.34203296703296704 0.03272727272727273 0.1401098901098901
2 0.9527272727272728 0.3392857142857143 0.03272727272727273 0.1401098901098901
2 0.8727272727272727 0.3434065934065934 0.025454545454545455 0.13186813186813187
2 0.9409090909090909 0.2870879120879121 0.012727272727272728 0.030219780219780223
2 0.9327272727272727 0.34890109890109894 0.025454545454545455 0.1208791208791209
4 0.9345454545454546 0.2843406593406594 0.12 0.057692307692307696
