0 0.7731277533039649 0.626008064516129 0.024229074889867842 0.11491935483870967
0 0.8105726872246697 0.6844758064516129 0.039647577092511016 0.18346774193548387
0 0.900330396475771 0.7308467741935484 0.045154185022026436 0.20766129032258063
0 0.716409691629956 0.7550403225806451 0.03854625550660793 0.17137096774193547
0 0.7059471365638768 0.6713709677419355 0.030837004405286347 0.1411290322580645
0 0.6172907488986785 0.6955645161290323 0.034140969162995596 0.15725806451612903
0 0.5484581497797357 0.7358870967741935 0.04405286343612335 0.20161290322580644
0 0.5468061674008811 0.6784274193548387 0.029735682819383262 0.1350806451612903
0 0.09966960352422909 0.7570564516129032 0.029735682819383262 0.1350806451612903
0 0.04680616740088106 0.592741935483871 0.01431718061674009 0.06451612903225806
0 0.06938325991189428 0.5856854838709677 0.011013215859030838 0.05443548387096774
0 0.08755506607929517 0.5846774193548387 0.009911894273127754 0.04435483870967742
0 0.5655286343612336 0.6028225806451613 0.012114537444933921 0.05241935483870967
0 0.6073788546255507 0.6169354838709677 0.020925110132158593 0.0967741935483871
0 0.623898678414097 0.6149193548387096 0.018722466960352426 0.08870967741935484
0 0.5099118942731278 0.6320564516129032 0.01762114537444934 0.07862903225806452
0 0.4911894273127754 0.6491935483870968 0.026431718061674013 0.11693548387096774
0 0.4311674008810573 0.6955645161290323 0.03193832599118943 0.14516129032258063
0 0.407488986784141 0.6703629032258064 0.02863436123348018 0.1350806451612903
0 0.3755506607929516 0.6612903225806451 0.022026431718061675 0.10483870967741934
0 0.3628854625550661 0.7338709677419355 0.0407488986784141 0.18548387096774194
0 0.27808370044052866 0.7096774193548387 0.025330396475770928 0.11290322580645161
0 0.22411894273127755 0.6794354838709677 0.02312775330396476 0.10483870967741934
2 0.3689427312775331 0.5967741935483871 0.013215859030837006 0.05241935483870967
2 0.4620044052863437 0.5897177419354839 0.009911894273127754 0.038306451612903226
2 0.4845814977973569 0.5897177419354839 0.019823788546255508 0.034274193548387094
2 0.5055066079295155 0.595766129032258 0.013215859030837006 0.046370967741935484
3 0.29515418502202645 0.36088709677419356 0.08590308370044053 0.24193548387096775
