0 0.018000000000000002 0.6062176165803109 0.036000000000000004 0.45595854922279794
0 0.03 0.5854922279792746 0.06 0.42487046632124353
0 0.051000000000000004 0.5569948186528497 0.058 0.37823834196891193
0 0.088 0.6658031088082902 0.088 0.5647668393782384
0 0.139 0.6269430051813472 0.082 0.5181347150259068
0 0.184 0.6088082901554405 0.068 0.44041450777202074
0 0.221 0.5880829015544041 0.062 0.38860103626943004
0 0.241 0.5595854922279793 0.058 0.383419689119171
0 0.269 0.5647668393782384 0.054 0.34196891191709844
0 0.28400000000000003 0.5414507772020726 0.052000000000000005 0.32642487046632124
0 0.337 0.6476683937823834 0.094 0.61139896373057
0 0.386 0.5803108808290156 0.068 0.4455958549222798
0 0.406 0.5829015544041452 0.06 0.38860103626943004
0 0.543 0.6139896373056996 0.074 0.48186528497409326
0 0.583 0.6321243523316062 0.094 0.6010362694300518
0 0.706 0.6217616580310881 0.08 0.5181347150259068
0 0.772 0.6424870466321244 0.092 0.5803108808290156
0 0.6880000000000001 0.5984455958549223 0.068 0.4300518134715026
0 0.672 0.5492227979274612 0.052000000000000005 0.3316062176165803
0 0.663 0.5362694300518135 0.046 0.305699481865285
0 0.653 0.5207253886010363 0.042 0.26424870466321243
0 0.636 0.5025906735751295 0.04 0.24870466321243523
0 0.8260000000000001 0.5621761658031088 0.06 0.38860103626943004
0 0.856 0.5854922279792746 0.068 0.4455958549222798
0 0.874 0.6191709844559585 0.076 0.4922279792746114
0 0.931 0.6606217616580311 0.094 0.5958549222797928
0 0.805 0.5492227979274612 0.058 0.3626943005181347
0 0.976 0.5829015544041452 0.044 0.4300518134715026
0 0.97 0.5751295336787565 0.056 0.383419689119171
2 0.116 0.43264248704663216 0.02 0.08808290155440415
2 0.152 0.3963730569948187 0.016 0.05699481865284974
2 0.9460000000000001 0.422279792746114 0.016 0.08808290155440415
4 0.444 0.5751295336787565 0.064 0.45595854922279794
4 0.778 0.40414507772020725 0.024 0.07253886010362695
4 0.896 0.3911917098445596 0.044 0.05699481865284974
