0 0.9007220216606499 0.6578313253012049 0.09386281588447654 0.30361445783132535
0 0.8826714801444043 0.7120481927710844 0.09025270758122744 0.29638554216867474
0 0.8492779783393503 0.6578313253012049 0.08483754512635379 0.28433734939759037
0 0.8339350180505416 0.7096385542168675 0.08664259927797835 0.28192771084337354
0 0.7833935018050542 0.6602409638554217 0.08303249097472924 0.27951807228915665
0 0.7608303249097473 0.6975903614457832 0.09205776173285199 0.30120481927710846
0 0.7157039711191336 0.7072289156626507 0.09205776173285199 0.30120481927710846
0 0.6750902527075813 0.7036144578313254 0.09386281588447654 0.30843373493975906
0 0.6877256317689531 0.655421686746988 0.08664259927797835 0.28433734939759037
0 0.6064981949458484 0.6963855421686748 0.09747292418772563 0.31807228915662655
0 0.5424187725631769 0.6951807228915663 0.09566787003610108 0.31566265060240967
0 0.44314079422382674 0.6903614457831326 0.09566787003610108 0.31084337349397595
0 0.3953068592057762 0.6927710843373495 0.09386281588447654 0.3060240963855422
0 0.34296028880866425 0.6903614457831326 0.09386281588447654 0.31084337349397595
0 0.2824909747292419 0.6867469879518073 0.09205776173285199 0.30361445783132535
0 0.21931407942238268 0.6843373493975904 0.09205776173285199 0.30843373493975906
0 0.24458483754512636 0.6421686746987952 0.0884476534296029 0.29638554216867474
0 0.1624548736462094 0.6903614457831326 0.09386281588447654 0.31084337349397595
0 0.12545126353790614 0.6939759036144579 0.0884476534296029 0.28915662650602414
0 0.13447653429602888 0.6433734939759037 0.0884476534296029 0.28915662650602414
0 0.3989169675090253 0.6373493975903615 0.09386281588447654 0.31084337349397595
0 0.3564981949458484 0.6349397590361446 0.0884476534296029 0.29638554216867474
0 0.30505415162454874 0.6421686746987952 0.09025270758122744 0.29638554216867474
0 0.1931407942238267 0.6409638554216868 0.08664259927797835 0.28433734939759037
0 0.6561371841155235 0.5132530120481928 0.04512635379061372 0.15421686746987953
0 0.6272563176895307 0.48192771084337355 0.055956678700361015 0.18313253012048195
0 0.4981949458483755 0.6975903614457832 0.08664259927797835 0.28192771084337354
0 0.47021660649819497 0.6530120481927711 0.0884476534296029 0.29397590361445786
2 0.14891696750902528 0.5144578313253012 0.0812274368231047 0.09397590361445785
2 0.16425992779783394 0.4590361445783133 0.06498194945848376 0.10843373493975905
2 0.2075812274368231 0.4951807228915663 0.02888086642599278 0.055421686746987955
2 0.2472924187725632 0.5036144578313253 0.05776173285198556 0.07710843373493977
2 0.296028880866426 0.4951807228915663 0.04693140794223827 0.06987951807228916
2 0.33393501805054154 0.5060240963855422 0.039711191335740074 0.10120481927710845
2 0.3916967509025271 0.5012048192771085 0.04693140794223827 0.08674698795180724
2 0.4368231046931408 0.5108433734939759 0.05054151624548737 0.09156626506024097
2 0.48014440433212996 0.5084337349397591 0.043321299638989175 0.07710843373493977
2 0.5198555956678701 0.5144578313253012 0.036101083032490974 0.0746987951807229
2 0.5270758122743683 0.5204819277108435 0.021660649819494587 0.03855421686746988
2 0.536101083032491 0.5 0.021660649819494587 0.026506024096385545
2 0.5631768953068592 0.5493975903614459 0.05054151624548737 0.10120481927710845
2 0.5992779783393501 0.5481927710843374 0.05415162454873646 0.07951807228915664
2 0.5938628158844765 0.5253012048192771 0.07581227436823106 0.11566265060240966
2 0.677797833935018 0.5265060240963856 0.055956678700361015 0.0891566265060241
2 0.7175090252707581 0.5216867469879518 0.04512635379061372 0.07951807228915664
2 0.7454873646209387 0.5578313253012048 0.039711191335740074 0.0891566265060241
2 0.7725631768953068 0.5180722891566265 0.03249097472924188 0.07228915662650603
2 0.8167870036101084 0.5397590361445783 0.04512635379061372 0.10120481927710845
2 0.8655234657039711 0.5325301204819277 0.04512635379061372 0.07710843373493977
2 0.8194945848375451 0.46626506024096387 0.06498194945848376 0.16144578313253014
2 0.7897111913357401 0.43975903614457834 0.0703971119133574 0.09879518072289158
2 0.7518050541516246 0.4807228915662651 0.04512635379061372 0.08433734939759037
2 0.23014440433212996 0.455421686746988 0.052346570397111915 0.11084337349397591
2 0.2572202166064982 0.4084337349397591 0.023465703971119134 0.03614457831325302
2 0.27346570397111913 0.4518072289156627 0.048736462093862815 0.0891566265060241
2 0.29512635379061375 0.4168674698795181 0.02707581227436823 0.06746987951807229
2 0.3176895306859206 0.46144578313253015 0.03249097472924188 0.09879518072289158
2 0.3312274368231047 0.41807228915662653 0.023465703971119134 0.0746987951807229
2 0.37274368231046934 0.4060240963855422 0.06678700361010831 0.10361445783132531
2 0.3537906137184116 0.455421686746988 0.025270758122743684 0.06746987951807229
2 0.39981949458483756 0.4518072289156627 0.023465703971119134 0.06506024096385543
2 0.4196750902527076 0.4313253012048193 0.023465703971119134 0.07228915662650603
2 0.4277978339350181 0.46506024096385545 0.036101083032490974 0.09156626506024097
2 0.46750902527075816 0.4096385542168675 0.09025270758122744 0.12530120481927712
2 0.4909747292418773 0.46746987951807234 0.03249097472924188 0.09156626506024097
2 0.5090252707581228 0.4313253012048193 0.036101083032490974 0.0819277108433735
2 0.5379061371841155 0.4590361445783133 0.05054151624548737 0.10843373493975905
2 0.5803249097472925 0.46746987951807234 0.03790613718411553 0.08674698795180724
2 0.5595667870036102 0.427710843373494 0.03249097472924188 0.06987951807228916
2 0.5893501805054152 0.4240963855421687 0.03068592057761733 0.06746987951807229
2 0.6146209386281589 0.4734939759036145 0.03068592057761733 0.07951807228915664
2 0.6651624548736462 0.42168674698795183 0.023465703971119134 0.05301204819277109
2 0.6877256317689531 0.4373493975903615 0.07942238267148015 0.08433734939759037
2 0.7057761732851986 0.4590361445783133 0.02888086642599278 0.050602409638554224
