0 0.07333333333333333 0.41365461847389556 0.14666666666666667 0.7831325301204819
0 0.11333333333333333 0.4277108433734939 0.18666666666666665 0.6867469879518072
0 0.06866666666666667 0.42871485943775095 0.13733333333333334 0.6485943775100401
0 0.17733333333333332 0.49598393574297184 0.20266666666666666 0.7510040160642569
0 0.208 0.4538152610441767 0.13066666666666665 0.48192771084337344
0 0.22533333333333333 0.4397590361445783 0.128 0.4698795180722891
0 0.25266666666666665 0.48594377510040154 0.08933333333333333 0.3293172690763052
0 0.27999999999999997 0.5110441767068272 0.088 0.323293172690763
0 0.26 0.46787148594377503 0.104 0.38955823293172687
0 0.2753333333333333 0.4738955823293172 0.09999999999999999 0.3654618473895582
0 0.28733333333333333 0.4809236947791164 0.09466666666666666 0.35542168674698793
0 0.30266666666666664 0.4759036144578313 0.088 0.3253012048192771
0 0.3406666666666667 0.4869477911646586 0.07066666666666667 0.26706827309236947
0 0.32866666666666666 0.4869477911646586 0.076 0.2791164658634538
0 0.314 0.48192771084337344 0.08133333333333333 0.3052208835341365
0 0.42866666666666664 0.4969879518072289 0.06 0.2188755020080321
0 0.444 0.4969879518072289 0.050666666666666665 0.19076305220883533
0 0.40599999999999997 0.4969879518072289 0.052 0.19477911646586343
0 0.5433333333333333 0.4236947791164658 0.06799999999999999 0.25301204819277107
0 0.49266666666666664 0.503012048192771 0.036 0.13052208835341364
0 0.5046666666666666 0.5070281124497992 0.028 0.10240963855421686
0 0.5673333333333334 0.5120481927710843 0.025333333333333333 0.09638554216867469
0 0.586 0.5140562248995983 0.022666666666666665 0.08835341365461846
0 0.6113333333333333 0.5180722891566265 0.025333333333333333 0.09236947791164658
0 0.5586666666666666 0.5150602409638554 0.024 0.09437751004016064
0 0.5186666666666666 0.5100401606425702 0.024 0.08835341365461846
0 0.5246666666666666 0.5110441767068272 0.022666666666666665 0.09036144578313252
0 0.5306666666666666 0.5100401606425702 0.026666666666666665 0.1004016064257028
0 0.5353333333333333 0.5100401606425702 0.028 0.10843373493975902
0 0.9146666666666666 0.536144578313253 0.09866666666666667 0.3654618473895582
0 0.958 0.4618473895582329 0.08133333333333333 0.5662650602409638
0 0.886 0.4769076305220883 0.11333333333333333 0.4236947791164658
0 0.8486666666666667 0.4558232931726907 0.12133333333333333 0.4457831325301204
0 0.8313333333333333 0.4839357429718875 0.09466666666666666 0.34939759036144574
0 0.8193333333333334 0.47088353413654616 0.10266666666666667 0.37951807228915657
0 0.7839999999999999 0.48493975903614456 0.08533333333333333 0.3192771084337349
0 0.768 0.49196787148594373 0.07733333333333334 0.2891566265060241
0 0.7273333333333333 0.48594377510040154 0.07333333333333333 0.2771084337349397
0 0.7346666666666667 0.4909638554216867 0.07466666666666666 0.2751004016064257
0 0.7613333333333333 0.5080321285140562 0.072 0.2650602409638554
0 0.7253333333333333 0.4829317269076305 0.07466666666666666 0.2751004016064257
0 0.45399999999999996 0.5090361445783133 0.022666666666666665 0.08634538152610441
2 0.004666666666666666 0.03012048192771084 0.009333333333333332 0.06024096385542168
2 0.9806666666666667 0.4236947791164658 0.014666666666666666 0.07228915662650602
2 0.45866666666666667 0.4618473895582329 0.013333333333333332 0.040160642570281124
3 0.962 0.6234939759036144 0.025333333333333333 0.09839357429718874
3 0.9813333333333333 0.6355421686746987 0.024 0.09437751004016064
