0 0.20942028985507247 0.4891067538126362 0.050724637681159424 0.1851851851851852
0 0.14855072463768115 0.5980392156862746 0.05652173913043478 0.2113289760348584
0 0.09057971014492754 0.7352941176470589 0.06521739130434782 0.2461873638344227
0 0.40507246376811595 0.5021786492374728 0.050724637681159424 0.1851851851851852
0 0.3746376811594203 0.5947712418300655 0.0536231884057971 0.19607843137254904
0 0.34492753623188405 0.738562091503268 0.06666666666666667 0.25272331154684097
0 0.6173913043478261 0.5108932461873639 0.04927536231884058 0.1851851851851852
0 0.6260869565217392 0.607843137254902 0.057971014492753624 0.21350762527233116
0 0.6659420289855073 0.7429193899782136 0.06811594202898551 0.2570806100217865
0 0.8079710144927537 0.5098039215686275 0.050724637681159424 0.18736383442265797
0 0.8507246376811595 0.6143790849673203 0.05507246376811594 0.20915032679738566
0 0.9217391304347826 0.7538126361655774 0.06666666666666667 0.24836601307189546
0 0.8666666666666667 0.3159041394335512 0.026086956521739132 0.10021786492374729
2 0.3963768115942029 0.3235294117647059 0.03333333333333333 0.10239651416122006
2 0.36086956521739133 0.29629629629629634 0.028985507246376812 0.04357298474945534
2 0.2811594202898551 0.2984749455337691 0.02318840579710145 0.04357298474945534
2 0.3050724637681159 0.2995642701525055 0.02753623188405797 0.04139433551198257
2 0.9108695652173913 0.36383442265795213 0.036231884057971016 0.11764705882352942
4 0.8565217391304348 0.2843137254901961 0.034782608695652174 0.054466230936819175
