0 0.1553763440860215 0.5753228120516499 0.14731182795698924 0.4791965566714491
0 0.2978494623655914 0.5186513629842181 0.0989247311827957 0.32568149210903874
0 0.3849462365591398 0.53012912482066 0.12043010752688171 0.3974175035868006
0 0.5661290322580645 0.5645624103299857 0.15591397849462366 0.5093256814921091
0 0.5349462365591398 0.48923959827833574 0.08494623655913978 0.28120516499282644
0 0.5 0.4770444763271162 0.06451612903225806 0.21377331420373027
0 0.47956989247311826 0.44763271162123386 0.02795698924731183 0.09469153515064563
0 0.23387096774193547 0.46628407460545196 0.03118279569892473 0.10329985652797705
0 0.2672043010752688 0.4555236728837877 0.03763440860215054 0.12195121951219513
0 0.3365591397849462 0.4289813486370158 0.010752688172043012 0.03443328550932569
0 0.32150537634408605 0.421090387374462 0.008602150537634409 0.030129124820659974
0 0.6048387096774194 0.4418938307030129 0.026881720430107527 0.08608321377331421
0 0.6204301075268818 0.44117647058823534 0.03225806451612903 0.10760401721664276
0 0.6268817204301075 0.4670014347202296 0.03870967741935484 0.13055954088952654
0 0.6532258064516129 0.4598278335724534 0.03978494623655914 0.133428981348637
0 0.6602150537634408 0.45408895265423244 0.03225806451612903 0.10473457675753228
0 0.6806451612903226 0.4433285509325682 0.03225806451612903 0.10616929698708752
0 0.6897849462365592 0.4655667144906743 0.03333333333333333 0.1133428981348637
0 0.7612903225806451 0.460545193687231 0.03655913978494624 0.11764705882352942
0 0.7833333333333333 0.5028694404591105 0.1 0.32568149210903874
0 0.8080645161290323 0.47417503586800575 0.03763440860215054 0.12195121951219513
0 0.885483870967742 0.550932568149211 0.14946236559139786 0.48780487804878053
0 0.932258064516129 0.4641319942611191 0.043010752688172046 0.13916786226685798
0 0.9397849462365592 0.460545193687231 0.04086021505376344 0.13199426111908177
0 0.9596774193548387 0.4354375896700144 0.016129032258064516 0.05595408895265423
0 0.9779569892473118 0.4655667144906743 0.041935483870967745 0.15064562410329987
2 0.07419354838709677 0.47417503586800575 0.04516129032258064 0.07317073170731708
2 0.4134408602150538 0.4368723098995696 0.00967741935483871 0.024390243902439025
2 0.43010752688172044 0.43758967001434723 0.012903225806451613 0.02582496413199426
2 0.4510752688172043 0.43902439024390244 0.00967741935483871 0.02582496413199426
2 0.4629032258064516 0.41822094691535155 0.00967741935483871 0.021520803443328552
2 0.31666666666666665 0.411764705882353 0.007526881720430107 0.014347202295552367
2 0.25268817204301075 0.4440459110473458 0.025806451612903226 0.047345767575322814
2 0.5225806451612903 0.40746054519368724 0.010752688172043012 0.017216642754662843
2 0.7204301075268817 0.4619799139167863 0.015053763440860214 0.03156384505021521
2 0.7580645161290323 0.4131994261119082 0.008602150537634409 0.017216642754662843
2 0.9688172043010753 0.40459110473457677 0.012903225806451613 0.03156384505021521
2 0.9827956989247312 0.5 0.02795698924731183 0.06743185078909612
2 0.9951612903225806 0.41248206599713055 0.007526881720430107 0.015781922525107604
