0 0.047959183673469394 0.19076923076923077 0.06326530612244899 0.23384615384615384
0 0.10102040816326531 0.19538461538461538 0.05510204081632654 0.20615384615384616
0 0.13979591836734695 0.1723076923076923 0.0673469387755102 0.25846153846153846
0 0.19285714285714287 0.18615384615384614 0.06326530612244899 0.24307692307692308
0 0.23673469387755103 0.21384615384615385 0.04081632653061225 0.15692307692307692
0 0.2826530612244898 0.18461538461538463 0.05918367346938776 0.22153846153846155
0 0.3153061224489796 0.17384615384615384 0.05510204081632654 0.2
0 0.35510204081632657 0.19230769230769232 0.05714285714285715 0.2123076923076923
0 0.39081632653061227 0.18769230769230769 0.05918367346938776 0.2153846153846154
0 0.4316326530612245 0.18153846153846154 0.05918367346938776 0.22153846153846155
0 0.4469387755102041 0.2153846153846154 0.04081632653061225 0.16
0 0.47346938775510206 0.21384615384615385 0.04489795918367347 0.16307692307692306
0 0.489795918367347 0.2153846153846154 0.04081632653061225 0.15384615384615385
0 0.5357142857142858 0.22153846153846155 0.04285714285714286 0.16
0 0.5877551020408164 0.18307692307692308 0.06122448979591837 0.23076923076923078
0 0.6469387755102042 0.2230769230769231 0.04489795918367347 0.16307692307692306
0 0.6285714285714287 0.18153846153846154 0.05714285714285715 0.22153846153846155
0 0.676530612244898 0.22923076923076924 0.04285714285714286 0.15692307692307692
0 0.7010204081632654 0.2230769230769231 0.04285714285714286 0.16307692307692306
0 0.7326530612244898 0.22923076923076924 0.0489795918367347 0.18769230769230769
0 0.7693877551020409 0.2246153846153846 0.05306122448979592 0.19692307692307692
0 0.803061224489796 0.2276923076923077 0.05918367346938776 0.2153846153846154
0 0.8377551020408164 0.24 0.05102040816326531 0.19692307692307692
0 0.8714285714285716 0.24 0.0489795918367347 0.18461538461538463
0 0.9071428571428573 0.24153846153846154 0.05510204081632654 0.2
0 0.9438775510204083 0.24307692307692308 0.05918367346938776 0.2153846153846154
0 0.9785714285714286 0.2553846153846154 0.03877551020408164 0.20307692307692307
0 0.4142857142857143 0.6353846153846154 0.163265306122449 0.6061538461538462
2 0.02755102040816327 0.09384615384615384 0.03877551020408164 0.08923076923076922
2 0.0673469387755102 0.09846153846153846 0.028571428571428574 0.07384615384615384
2 0.08469387755102041 0.09230769230769231 0.022448979591836737 0.06769230769230769
2 0.23571428571428574 0.1 0.03877551020408164 0.08307692307692308
2 0.33673469387755106 0.12 0.036734693877551024 0.10461538461538461
2 0.3948979591836735 0.07076923076923076 0.04285714285714286 0.055384615384615386
2 0.4316326530612245 0.06461538461538462 0.02653061224489796 0.07384615384615384
2 0.45306122448979597 0.06153846153846154 0.028571428571428574 0.04923076923076923
2 0.4622448979591837 0.1123076923076923 0.02653061224489796 0.07692307692307693
2 0.48775510204081635 0.09230769230769231 0.02448979591836735 0.055384615384615386
2 0.49897959183673474 0.11538461538461539 0.03469387755102041 0.07076923076923076
2 0.5326530612244899 0.11384615384615385 0.04081632653061225 0.07384615384615384
2 0.5520408163265307 0.07692307692307693 0.03877551020408164 0.07384615384615384
2 0.5642857142857144 0.1076923076923077 0.030612244897959186 0.055384615384615386
2 0.6000000000000001 0.11076923076923077 0.036734693877551024 0.07384615384615384
2 0.6214285714285714 0.07384615384615384 0.030612244897959186 0.06769230769230769
2 0.6520408163265307 0.08153846153846153 0.02653061224489796 0.06461538461538462
2 0.6602040816326531 0.1076923076923077 0.02653061224489796 0.06153846153846154
2 0.6561224489795919 0.16153846153846155 0.022448979591836737 0.052307692307692305
2 0.6877551020408164 0.09230769230769231 0.02448979591836735 0.043076923076923075
2 0.7020408163265307 0.1076923076923077 0.0326530612244898 0.07384615384615384
2 0.7163265306122449 0.06461538461538462 0.028571428571428574 0.06153846153846154
2 0.7367346938775511 0.08615384615384615 0.028571428571428574 0.06769230769230769
2 0.7642857142857143 0.06923076923076923 0.022448979591836737 0.052307692307692305
2 0.7846938775510205 0.08615384615384615 0.05918367346938776 0.08615384615384615
2 0.8357142857142857 0.11076923076923077 0.04693877551020409 0.07384615384615384
2 0.842857142857143 0.06615384615384616 0.028571428571428574 0.06461538461538462
2 0.8683673469387756 0.05384615384615385 0.02653061224489796 0.07076923076923076
2 0.8857142857142858 0.06 0.05306122448979592 0.052307692307692305
2 0.9316326530612246 0.1 0.02653061224489796 0.07076923076923076
2 0.9602040816326531 0.052307692307692305 0.03469387755102041 0.06769230769230769
2 0.9714285714285715 0.08 0.036734693877551024 0.06769230769230769
2 0.9836734693877552 0.12615384615384614 0.02448979591836735 0.043076923076923075
