0 0.9336734693877552 0.4509954058192956 0.05714285714285715 0.21286370597243492
0 0.9051020408163266 0.4747320061255743 0.06326530612244899 0.23583460949464014
0 0.8760204081632654 0.4739663093415008 0.0642857142857143 0.24042879019908117
0 0.6173469387755103 0.6255742725880552 0.11836734693877551 0.4333843797856049
0 0.5428571428571429 0.6332312404287902 0.12653061224489798 0.4640122511485452
0 0.4709183673469388 0.6347626339969372 0.13367346938775512 0.4946401225114855
0 0.3403061224489796 0.6562021439509954 0.13367346938775512 0.4946401225114855
0 0.25 0.6508422664624809 0.14285714285714288 0.5237366003062788
0 0.1576530612244898 0.6653905053598775 0.13775510204081634 0.5099540581929556
2 0.7081632653061225 0.6454823889739664 0.1489795918367347 0.44869831546707506
2 0.7556122448979593 0.6592649310872895 0.19285714285714287 0.4119448698315467
2 0.842857142857143 0.6485451761102604 0.11020408163265308 0.39356814701378257
2 0.8071428571428572 0.44793261868300155 0.06326530612244899 0.05972434915773354
2 0.7040816326530613 0.4012251148545176 0.09387755102040818 0.20214395099540583
2 0.65 0.5107197549770292 0.15714285714285717 0.5160796324655437
2 0.604591836734694 0.555895865237366 0.12346938775510205 0.4992343032159265
2 0.7163265306122449 0.383614088820827 0.03469387755102041 0.07503828483920368
2 0.5489795918367347 0.4058192955589587 0.04081632653061225 0.07350689127105667
2 0.5035714285714287 0.4173047473200613 0.031632653061224494 0.09647779479326188
2 0.4698979591836735 0.42725880551301687 0.06020408163265307 0.11332312404287903
2 0.37959183673469393 0.44869831546707506 0.04693877551020409 0.10413476263399694
2 0.3816326530612245 0.4180704441041348 0.0326530612244898 0.05819295558958652
2 0.30153061224489797 0.4096477794793262 0.02142857142857143 0.056661562021439515
2 0.2948979591836735 0.4234303215926493 0.04285714285714286 0.07503828483920368
2 0.28469387755102044 0.445635528330781 0.04489795918367347 0.07963246554364473
2 0.2719387755102041 0.45788667687595713 0.02959183673469388 0.042879019908116385
2 0.20510204081632655 0.4165390505359878 0.02653061224489796 0.07044410413476264
2 0.19540816326530613 0.4295558958652374 0.039795918367346944 0.056661562021439515
2 0.20408163265306123 0.4670750382848392 0.02653061224489796 0.03981623277182236
2 0.19081632653061226 0.4793261868300153 0.02653061224489796 0.03981623277182236
2 0.17551020408163268 0.44793261868300155 0.0326530612244898 0.08116385911179173
2 0.1 0.4464012251148545 0.036734693877551024 0.0781010719754977
2 0.08214285714285716 0.4624808575803982 0.03571428571428572 0.09188361408882083
2 0.06785714285714287 0.5505359877488515 0.06020408163265307 0.1883614088820827
2 0.03928571428571429 0.4655436447166922 0.03775510204081633 0.06431852986217458
2 0.04336734693877552 0.42572741194486985 0.031632653061224494 0.030627871362940276
2 0.013775510204081635 0.4525267993874426 0.02755102040816327 0.08116385911179173
2 0.02448979591836735 0.5604900459418071 0.04489795918367347 0.19295558958652376
2 0.11275510204081633 0.546707503828484 0.047959183673469394 0.18989280245022971
