0 0.042 0.27466666666666667 0.084 0.29866666666666664
0 0.159 0.32266666666666666 0.11 0.368
0 0.289 0.27999999999999997 0.094 0.30933333333333335
0 0.366 0.2813333333333333 0.112 0.36533333333333334
0 0.467 0.30666666666666664 0.11 0.35733333333333334
0 0.531 0.284 0.106 0.34933333333333333
0 0.5760000000000001 0.304 0.112 0.368
0 0.656 0.31466666666666665 0.12 0.3893333333333333
0 0.775 0.316 0.126 0.408
0 0.519 0.36533333333333334 0.074 0.25066666666666665
2 0.113 0.184 0.106 0.12266666666666666
2 0.20500000000000002 0.152 0.062 0.11733333333333333
2 0.961 0.4373333333333333 0.074 0.33599999999999997
