0 0.04009433962264151 0.6127167630057803 0.08018867924528301 0.3352601156069364
0 0.20283018867924527 0.6632947976878613 0.16981132075471697 0.5173410404624277
0 0.4044811320754717 0.7196531791907514 0.1721698113207547 0.5202312138728323
0 0.5377358490566038 0.6213872832369942 0.13679245283018868 0.41618497109826585
0 0.9304245283018867 0.6965317919075145 0.13443396226415094 0.5433526011560693
0 0.8643867924528301 0.5982658959537572 0.1061320754716981 0.3179190751445087
0 0.2900943396226415 0.5476878612716762 0.04716981132075471 0.14161849710982657
0 0.11438679245283019 0.5765895953757225 0.0589622641509434 0.18208092485549132
0 0.35023584905660377 0.5361271676300577 0.030660377358490566 0.08959537572254335
2 0.08254716981132075 0.5101156069364161 0.06132075471698113 0.11271676300578035
2 0.1497641509433962 0.5014450867052023 0.08726415094339622 0.15895953757225434
2 0.24056603773584906 0.4783236994219653 0.02830188679245283 0.0722543352601156
2 0.2606132075471698 0.5057803468208092 0.030660377358490566 0.06936416184971098
2 0.30778301886792453 0.5202312138728323 0.01650943396226415 0.046242774566473986
2 0.3290094339622641 0.5115606936416185 0.025943396226415092 0.05202312138728323
2 0.46344339622641506 0.5115606936416185 0.05424528301886792 0.11560693641618497
2 0.5896226415094339 0.6127167630057803 0.04716981132075471 0.3988439306358381
2 0.6344339622641509 0.4898843930635838 0.03773584905660377 0.06069364161849711
2 0.6686320754716981 0.5 0.030660377358490566 0.06936416184971098
2 0.7865566037735848 0.495664739884393 0.06367924528301887 0.12427745664739884
2 0.7287735849056604 0.684971098265896 0.20283018867924527 0.6184971098265896
