0 0.53046875 0.2983367983367984 0.08281250000000001 0.2681912681912682
0 0.58203125 0.28274428274428276 0.0921875 0.2993762993762994
0 0.63203125 0.29521829521829523 0.08281250000000001 0.27442827442827444
0 0.6843750000000001 0.2858627858627859 0.08750000000000001 0.28482328482328484
0 0.7507812500000001 0.2785862785862786 0.0859375 0.28274428274428276
0 0.80859375 0.28378378378378377 0.0859375 0.28482328482328484
0 0.8515625 0.28794178794178793 0.084375 0.2765072765072765
0 0.9078125 0.2806652806652807 0.08750000000000001 0.2910602910602911
0 0.95703125 0.2692307692307693 0.08281250000000001 0.2972972972972973
0 0.146875 0.7525987525987526 0.140625 0.4573804573804574
0 0.23828125 0.7713097713097714 0.1203125 0.39501039501039503
0 0.30781250000000004 0.7723492723492724 0.12812500000000002 0.42203742203742206
0 0.40546875000000004 0.7713097713097714 0.1265625 0.4158004158004158
0 0.51484375 0.7629937629937631 0.1328125 0.43243243243243246
0 0.609375 0.7744282744282744 0.12812500000000002 0.4178794178794179
0 0.6898437500000001 0.7785862785862786 0.1265625 0.4178794178794179
0 0.7718750000000001 0.7754677754677755 0.13125 0.42411642411642414
0 0.8578125000000001 0.7661122661122661 0.134375 0.44282744282744285
2 0.05390625 0.3076923076923077 0.1078125 0.1787941787941788
2 0.09531250000000001 0.24636174636174638 0.10625000000000001 0.1392931392931393
2 0.1453125 0.23180873180873182 0.07500000000000001 0.12266112266112267
2 0.17734375000000002 0.21933471933471935 0.051562500000000004 0.08523908523908524
2 0.3953125 0.2079002079002079 0.0625 0.11226611226611227
2 0.40859375000000003 0.2390852390852391 0.07968750000000001 0.11226611226611227
2 0.4390625 0.2338877338877339 0.08750000000000001 0.09771309771309772
2 0.43984375000000003 0.28170478170478175 0.0890625 0.13097713097713098
