0 0.08750000000000001 0.600250626566416 0.10833333333333334 0.40350877192982454
0 0.17833333333333334 0.5864661654135338 0.09333333333333334 0.3408521303258145
0 0.26583333333333337 0.5864661654135338 0.09166666666666667 0.3408521303258145
0 0.3358333333333334 0.5914786967418546 0.09166666666666667 0.3358395989974937
0 0.5458333333333334 0.5827067669172932 0.095 0.3483709273182957
0 0.6641666666666667 0.5889724310776943 0.09166666666666667 0.3458646616541353
0 0.7191666666666667 0.587719298245614 0.095 0.3483709273182957
0 0.8300000000000001 0.5764411027568922 0.10666666666666667 0.39598997493734334
0 0.8875000000000001 0.5927318295739348 0.11166666666666668 0.40852130325814534
0 0.6058333333333333 0.5639097744360901 0.09833333333333334 0.3609022556390977
2 0.4266666666666667 0.5075187969924811 0.08666666666666667 0.19799498746867167
2 0.4841666666666667 0.49624060150375937 0.08833333333333333 0.18546365914786966
2 0.3916666666666667 0.6829573934837092 0.11666666666666667 0.3082706766917293
2 0.48833333333333334 0.6929824561403508 0.09333333333333334 0.2581453634085213
2 0.5783333333333334 0.7080200501253132 0.10666666666666667 0.2982456140350877
