0 0.09146341463414635 0.4961832061068702 0.0467479674796748 0.17099236641221374
0 0.12601626016260165 0.4297709923664122 0.03658536585365854 0.13893129770992366
0 0.2494918699186992 0.683206106870229 0.0701219512195122 0.26106870229007634
0 0.33130081300813014 0.6129770992366412 0.06707317073170732 0.24580152671755726
0 0.3851626016260163 0.5717557251908397 0.04471544715447155 0.1633587786259542
0 0.42987804878048785 0.6374045801526718 0.06097560975609757 0.22442748091603054
0 0.47611788617886186 0.7244274809160305 0.0660569105691057 0.24274809160305344
0 0.5909552845528456 0.616793893129771 0.05995934959349594 0.22290076335877862
0 0.5741869918699187 0.5885496183206107 0.042682926829268296 0.15725190839694655
0 0.48018292682926833 0.42213740458015264 0.03963414634146342 0.1450381679389313
0 0.5609756097560976 0.42290076335877863 0.034552845528455285 0.1282442748091603
0 0.6082317073170732 0.4206106870229008 0.03556910569105692 0.13282442748091602
0 0.6194105691056911 0.466412213740458 0.03963414634146342 0.1480916030534351
0 0.7108739837398375 0.5061068702290076 0.05182926829268293 0.19083969465648853
0 0.7063008130081302 0.7267175572519083 0.07926829268292684 0.2900763358778626
0 0.8013211382113822 0.7083969465648855 0.0741869918699187 0.2748091603053435
0 0.910569105691057 0.4809160305343511 0.06707317073170732 0.250381679389313
0 0.9380081300813009 0.4480916030534351 0.04065040650406505 0.15114503816793892
0 0.9674796747967481 0.38702290076335877 0.02845528455284553 0.10534351145038168
2 0.08079268292682927 0.3900763358778626 0.037601626016260166 0.06259541984732825
2 0.06351626016260163 0.43282442748091604 0.02947154471544716 0.11755725190839694
2 0.016260162601626018 0.650381679389313 0.032520325203252036 0.2564885496183206
2 0.03963414634146342 0.6129770992366412 0.05487804878048781 0.10229007633587786
2 0.010670731707317074 0.47557251908396947 0.021341463414634148 0.166412213740458
2 0.1326219512195122 0.8404580152671756 0.12906504065040653 0.3068702290076336
2 0.973069105691057 0.5740458015267176 0.04979674796747968 0.1099236641221374
2 0.98119918699187 0.6251908396946565 0.03150406504065041 0.09312977099236641
