0 0.7996093750000001 0.5983072916666666 0.01015625 0.04296875
0 0.791015625 0.6002604166666666 0.01015625 0.041666666666666664
0 0.784765625 0.5970052083333333 0.01015625 0.04036458333333333
0 0.774609375 0.59375 0.00703125 0.028645833333333332
0 0.684765625 0.6100260416666666 0.01015625 0.045572916666666664
0 0.65546875 0.5963541666666666 0.00625 0.028645833333333332
0 0.74765625 0.59375 0.0078125 0.03125
2 0.917578125 0.7942708333333333 0.11328125 0.3958333333333333
2 0.833984375 0.7962239583333333 0.11328125 0.40494791666666663
2 0.75 0.8033854166666666 0.1015625 0.3828125
2 0.662109375 0.8079427083333333 0.10234375000000001 0.35546875
2 0.583203125 0.8059895833333333 0.08515625 0.375
2 0.49453125000000003 0.7936197916666666 0.1046875 0.37369791666666663
2 0.041406250000000006 0.7727864583333333 0.07500000000000001 0.42838541666666663
2 0.11406250000000001 0.779296875 0.1296875 0.43619791666666663
2 0.225390625 0.77734375 0.09765625 0.4375
2 0.3140625 0.791015625 0.0890625 0.40234375
2 0.40234375 0.7825520833333333 0.09843750000000001 0.40625
2 0.507421875 0.3157552083333333 0.41171875 0.6263020833333333
2 0.8425781250000001 0.5950520833333333 0.014843750000000001 0.05208333333333333
