0 0.7051282051282052 0.5813609467455622 0.22682445759368838 0.8313609467455622
0 0.01676528599605523 0.5118343195266272 0.03353057199211046 0.15384615384615385
0 0.04339250493096647 0.5236686390532544 0.05128205128205129 0.1893491124260355
0 0.07495069033530573 0.5133136094674556 0.03550295857988166 0.1390532544378698
0 0.12721893491124261 0.5488165680473372 0.0650887573964497 0.23964497041420119
0 0.16863905325443787 0.5118343195266272 0.04930966469428008 0.1893491124260355
0 0.20611439842209073 0.5177514792899408 0.04930966469428008 0.17751479289940827
0 0.2445759368836292 0.5088757396449703 0.04339250493096647 0.16568047337278105
0 0.2879684418145957 0.5310650887573964 0.05522682445759369 0.20414201183431951
0 0.3560157790927022 0.5724852071005917 0.05325443786982249 0.20414201183431951
0 0.39250493096646943 0.5650887573964497 0.0591715976331361 0.22485207100591714
0 0.4447731755424063 0.5192307692307693 0.04142011834319527 0.15088757396449703
0 0.46844181459566075 0.522189349112426 0.037475345167652864 0.14497041420118342
0 0.5473372781065089 0.5547337278106509 0.0611439842209073 0.22781065088757396
4 0.33333333333333337 0.514792899408284 0.0631163708086785 0.14201183431952663
4 0.495069033530572 0.48668639053254437 0.04733727810650888 0.10946745562130178
4 0.4082840236686391 0.4807692307692308 0.03944773175542406 0.10355029585798817
