0 0.03345388788426763 0.5193236714975845 0.06690777576853527 0.28502415458937197
0 0.14376130198915008 0.5144927536231884 0.0922242314647378 0.3043478260869565
0 0.18083182640144665 0.5700483091787439 0.10126582278481013 0.33816425120772947
0 0.26220614828209765 0.47342995169082125 0.0650994575045208 0.21256038647342995
0 0.29204339963833637 0.48913043478260865 0.0705244122965642 0.23429951690821255
0 0.35171790235081374 0.5531400966183575 0.0922242314647378 0.30917874396135264
0 0.3896925858951175 0.464975845410628 0.0705244122965642 0.22946859903381642
0 0.4213381555153707 0.4903381642512077 0.07233273056057866 0.24154589371980675
0 0.445750452079566 0.46256038647342995 0.023508137432188065 0.08454106280193237
0 0.4972875226039783 0.49275362318840576 0.06148282097649186 0.2077294685990338
0 0.5985533453887885 0.5845410628019323 0.1410488245931284 0.46376811594202894
0 0.7124773960216998 0.466183574879227 0.06148282097649186 0.19806763285024154
0 0.7341772151898734 0.44565217391304346 0.04701627486437613 0.16183574879227053
0 0.8028933092224231 0.46980676328502413 0.05786618444846293 0.19565217391304346
0 0.8417721518987341 0.5241545893719807 0.08860759493670886 0.2898550724637681
0 0.8887884267631103 0.5591787439613526 0.12115732368896925 0.39855072463768115
2 0.5533453887884268 0.3913043478260869 0.028933092224231464 0.06763285024154589
