0 0.05 0.4053398058252427 0.09 0.44174757281553395
0 0.06375 0.28883495145631066 0.0675 0.3349514563106796
0 0.18875 0.46844660194174753 0.11750000000000001 0.558252427184466
0 0.3025 0.4611650485436893 0.1 0.48543689320388345
0 0.36625 0.308252427184466 0.0775 0.36407766990291257
0 0.465 0.674757281553398 0.12 0.5728155339805825
0 0.4975 0.4611650485436893 0.115 0.5533980582524272
0 0.595 0.45388349514563103 0.12 0.5776699029126213
0 0.425 0.38834951456310673 0.095 0.45631067961165045
0 0.255 0.19417475728155337 0.06 0.30097087378640774
0 0.6900000000000001 0.4490291262135922 0.1 0.4902912621359223
0 0.8025 0.5266990291262136 0.12 0.5776699029126213
0 0.74875 0.38834951456310673 0.0925 0.4466019417475728
0 0.8250000000000001 0.3543689320388349 0.09 0.42718446601941745
0 0.88625 0.33252427184466016 0.0825 0.3932038834951456
0 0.95625 0.28883495145631066 0.0775 0.3834951456310679
0 0.20500000000000002 0.27184466019417475 0.085 0.4174757281553398
2 0.94625 0.9004854368932038 0.0725 0.16019417475728154
2 0.7987500000000001 0.8859223300970873 0.0775 0.16019417475728154
2 0.605 0.9199029126213591 0.105 0.15048543689320387
2 0.43 0.924757281553398 0.065 0.10194174757281553
2 0.28250000000000003 0.9344660194174756 0.075 0.08252427184466019
4 0.63875 0.08980582524271843 0.6925 0.1699029126213592
4 0.11875000000000001 0.09708737864077668 0.2275 0.19417475728155337
