0 0.059000000000000004 0.6866666666666666 0.11800000000000001 0.5946666666666667
0 0.223 0.6613333333333333 0.202 0.656
0 0.09 0.7 0.14400000000000002 0.47733333333333333
0 0.322 0.6813333333333333 0.156 0.5093333333333333
0 0.396 0.6533333333333333 0.124 0.4053333333333333
0 0.494 0.64 0.20400000000000001 0.6613333333333333
0 0.8 0.6906666666666667 0.18 0.592
0 0.676 0.6773333333333333 0.10400000000000001 0.3466666666666667
0 0.584 0.7 0.14400000000000002 0.4666666666666667
0 0.902 0.6826666666666666 0.12 0.39999999999999997
0 0.9500000000000001 0.7133333333333333 0.096 0.52
2 0.635 0.5173333333333333 0.038 0.058666666666666666
2 0.845 0.5066666666666666 0.034 0.08533333333333333
