0 0.12250000000000001 0.570625 0.060000000000000005 0.21875
0 0.1525 0.618125 0.028333333333333335 0.10375000000000001
0 0.30625 0.5700000000000001 0.0475 0.1775
0 0.3529166666666667 0.578125 0.0425 0.15625
0 0.38875000000000004 0.564375 0.04416666666666667 0.16375
0 0.49000000000000005 0.588125 0.025 0.09625
0 0.5516666666666667 0.5625 0.03333333333333333 0.1225
0 0.5658333333333334 0.560625 0.030000000000000002 0.11125
0 0.58875 0.56375 0.030833333333333334 0.1125
0 0.61375 0.560625 0.02416666666666667 0.09125
