0 0.04183673469387755 0.5504087193460491 0.0836734693877551 0.5177111716621253
0 0.22142857142857145 0.5708446866485013 0.1163265306122449 0.38419618528610355
0 0.2448979591836735 0.5953678474114441 0.11020408163265308 0.3623978201634877
0 0.3612244897959184 0.5858310626702997 0.10612244897959185 0.3542234332425068
0 0.5142857142857143 0.5504087193460491 0.2693877551020408 0.88283378746594
0 0.6275510204081634 0.5544959128065395 0.25918367346938775 0.8528610354223433
0 0.8571428571428572 0.6253405994550408 0.17551020408163268 0.5803814713896458
0 0.9224489795918368 0.6457765667574932 0.1510204081632653 0.5177111716621253
0 0.7877551020408164 0.5599455040871935 0.11020408163265308 0.3623978201634877
0 0.9591836734693878 0.5286103542234333 0.07755102040816328 0.2670299727520436
0 0.09285714285714286 0.5027247956403269 0.06326530612244899 0.2098092643051771
0 0.11938775510204083 0.4986376021798365 0.05102040816326531 0.16348773841961853
4 0.12142857142857144 0.37738419618528607 0.16938775510204082 0.19346049046321526
