0 0.20400000000000001 0.6661676646706587 0.07200000000000001 0.26047904191616766
0 0.295 0.6916167664670659 0.094 0.3532934131736527
0 0.357 0.6452095808383234 0.07 0.26047904191616766
0 0.462 0.688622754491018 0.084 0.31137724550898205
0 0.495 0.6317365269461078 0.05 0.19161676646706588
0 0.61 0.6541916167664671 0.068 0.25449101796407186
0 0.6940000000000001 0.6392215568862276 0.052000000000000005 0.19461077844311378
0 0.729 0.657185628742515 0.062 0.23053892215568864
0 0.76 0.6302395209580839 0.044 0.15868263473053892
0 0.8190000000000001 0.655688622754491 0.054 0.2035928143712575
0 0.875 0.6736526946107785 0.066 0.23952095808383234
0 0.9440000000000001 0.6347305389221557 0.036000000000000004 0.1377245508982036
