0 0.41583333333333333 0.5653266331658292 0.195 0.7236180904522613
0 0.32833333333333337 0.5138190954773869 0.15333333333333335 0.5703517587939698
0 0.2391666666666667 0.4648241206030151 0.115 0.4271356783919598
0 0.18333333333333335 0.43844221105527637 0.07666666666666667 0.2889447236180905
0 0.1525 0.4020100502512563 0.07166666666666667 0.2613065326633166
0 0.10250000000000001 0.40326633165829145 0.058333333333333334 0.2135678391959799
0 0.04166666666666667 0.36809045226130654 0.02 0.07788944723618091
0 0.6683333333333333 0.6092964824120604 0.2066666666666667 0.7663316582914573
0 0.5408333333333334 0.43592964824120606 0.07833333333333334 0.29396984924623115
0 0.4758333333333334 0.4748743718592965 0.10166666666666667 0.3768844221105528
0 0.6041666666666667 0.47110552763819097 0.11166666666666668 0.41457286432160806
0 0.8475 0.5376884422110553 0.15833333333333335 0.5879396984924623
0 0.9041666666666667 0.46733668341708545 0.115 0.4221105527638191
0 0.9733333333333334 0.44095477386934673 0.05 0.2638190954773869
0 0.7833333333333334 0.4396984924623116 0.07333333333333333 0.271356783919598
0 0.28500000000000003 0.43090452261306533 0.07666666666666667 0.28391959798994976
0 0.07583333333333334 0.3655778894472362 0.015000000000000001 0.05778894472361809
0 0.4841666666666667 0.2537688442211055 0.021666666666666667 0.08040201005025126
0 0.5016666666666667 0.2613065326633166 0.023333333333333334 0.09045226130653267
0 0.5666666666666667 0.27261306532663315 0.02666666666666667 0.09798994974874373
2 0.3775 0.3178391959798995 0.03166666666666667 0.05778894472361809
2 0.4466666666666667 0.31532663316582915 0.03333333333333333 0.052763819095477386
2 0.7183333333333334 0.3731155778894472 0.07 0.1884422110552764
2 0.7616666666666667 0.32537688442211055 0.02 0.02763819095477387
2 0.8191666666666667 0.3391959798994975 0.018333333333333333 0.05527638190954774
2 0.8816666666666667 0.3379396984924623 0.023333333333333334 0.04773869346733668
4 0.018333333333333333 0.3555276381909548 0.03666666666666667 0.10804020100502512
4 0.12083333333333333 0.35050251256281406 0.03166666666666667 0.0728643216080402
