0 0.11333333333333333 0.4768611670020121 0.072 0.2696177062374246
0 0.15066666666666667 0.4366197183098592 0.064 0.24144869215291753
0 0.2633333333333333 0.5704225352112676 0.22533333333333333 0.8350100603621731
0 0.38666666666666666 0.5603621730382294 0.22666666666666666 0.8350100603621731
0 0.5453333333333333 0.5714285714285715 0.21333333333333332 0.7927565392354126
0 0.6966666666666667 0.5824949698189136 0.22266666666666665 0.8229376257545272
0 0.7839999999999999 0.38329979879275655 0.07733333333333334 0.28772635814889336
0 0.9013333333333333 0.37826961770623746 0.056 0.2052313883299799
0 0.938 0.3822937625754527 0.10266666666666667 0.37826961770623746
0 0.98 0.36317907444668013 0.03733333333333333 0.21931589537223342
2 0.45866666666666667 0.30784708249496984 0.026666666666666665 0.048289738430583505
4 0.07333333333333333 0.36619718309859156 0.144 0.12072434607645877
