0 0.082 0.7612612612612613 0.108 0.3933933933933934
0 0.151 0.7657657657657657 0.10200000000000001 0.3843843843843844
0 0.20700000000000002 0.7582582582582582 0.11 0.40540540540540543
0 0.269 0.7702702702702703 0.114 0.4174174174174174
0 0.366 0.7822822822822822 0.116 0.42342342342342343
0 0.455 0.7732732732732732 0.11800000000000001 0.4294294294294294
0 0.541 0.7762762762762763 0.114 0.42342342342342343
0 0.619 0.7717717717717718 0.11800000000000001 0.43243243243243246
0 0.722 0.7672672672672672 0.12 0.44144144144144143
0 0.8160000000000001 0.7762762762762763 0.116 0.42342342342342343
0 0.908 0.6861861861861862 0.156 0.5795795795795796
2 0.8180000000000001 0.5135135135135135 0.064 0.11411411411411411
2 0.752 0.5135135135135135 0.06 0.09009009009009009
2 0.66 0.49399399399399396 0.084 0.11711711711711711
2 0.5740000000000001 0.5195195195195195 0.048 0.08408408408408408
2 0.464 0.5075075075075075 0.056 0.0960960960960961
2 0.36 0.5180180180180181 0.048 0.08108108108108109
2 0.279 0.5255255255255256 0.046 0.07807807807807808
2 0.20600000000000002 0.5225225225225225 0.056 0.06606606606606606
2 0.138 0.5435435435435435 0.036000000000000004 0.07207207207207207
