0 0.201 0.46473029045643155 0.09 0.46473029045643155
0 0.256 0.470954356846473 0.108 0.5518672199170125
0 0.28400000000000003 0.491701244813278 0.12 0.6182572614107884
0 0.388 0.5228215767634855 0.14 0.7219917012448133
0 0.503 0.533195020746888 0.082 0.4190871369294606
0 0.516 0.46473029045643155 0.076 0.3817427385892116
0 0.7010000000000001 0.46887966804979253 0.098 0.5062240663900415
0 0.8270000000000001 0.5 0.11800000000000001 0.5933609958506224
0 0.891 0.504149377593361 0.134 0.6763485477178424
2 0.153 0.46265560165975106 0.054 0.23651452282157676
2 0.018000000000000002 0.4087136929460581 0.036000000000000004 0.15352697095435686
2 0.764 0.46265560165975106 0.052000000000000005 0.2033195020746888
2 0.936 0.44398340248962653 0.036000000000000004 0.15767634854771784
2 0.965 0.4460580912863071 0.03 0.18672199170124482
2 0.985 0.3879668049792531 0.026000000000000002 0.0954356846473029
