0 0.112876254180602 0.43973214285714285 0.17892976588628762 0.5848214285714285
0 0.21906354515050167 0.3995535714285714 0.19732441471571907 0.6428571428571428
0 0.29682274247491636 0.4419642857142857 0.18561872909698995 0.6116071428571428
0 0.3603678929765886 0.40178571428571425 0.18896321070234112 0.6160714285714285
0 0.46571906354515047 0.44754464285714285 0.18896321070234112 0.6227678571428571
0 0.5075250836120401 0.3962053571428571 0.17892976588628762 0.5825892857142857
0 0.5618729096989966 0.4274553571428571 0.17391304347826086 0.5736607142857143
0 0.6488294314381271 0.4430803571428571 0.18729096989966554 0.6183035714285714
0 0.7081939799331104 0.4040178571428571 0.1923076923076923 0.6294642857142857
0 0.7976588628762542 0.43973214285714285 0.1939799331103679 0.6339285714285714
0 0.8653846153846154 0.39285714285714285 0.18561872909698995 0.6116071428571428
0 0.9239130434782609 0.4341517857142857 0.14882943143812707 0.6272321428571428
