0 0.453 0.5493333333333333 0.034 0.11733333333333333
0 0.554 0.5573333333333333 0.028 0.096
0 0.605 0.5586666666666666 0.034 0.10933333333333332
0 0.665 0.5653333333333334 0.03 0.10133333333333333
0 0.73 0.5693333333333334 0.044 0.14133333333333334
0 0.858 0.5559999999999999 0.028 0.09866666666666667
0 0.963 0.6426666666666666 0.07 0.384
0 0.369 0.5506666666666666 0.022 0.07733333333333334
0 0.113 0.5599999999999999 0.042 0.13866666666666666
0 0.077 0.5613333333333334 0.042 0.13599999999999998
0 0.14 0.5519999999999999 0.04 0.13333333333333333
0 0.155 0.5493333333333333 0.038 0.128
0 0.197 0.5479999999999999 0.034 0.12
0 0.355 0.448 0.014 0.048
0 0.249 0.5293333333333333 0.03 0.104
0 0.258 0.532 0.028 0.09866666666666667
0 0.278 0.5266666666666666 0.024 0.088
0 0.307 0.5213333333333333 0.026000000000000002 0.09333333333333332
0 0.33 0.5266666666666666 0.024 0.07733333333333334
0 0.343 0.5266666666666666 0.022 0.072
0 0.545 0.4533333333333333 0.014 0.05333333333333333
0 0.561 0.45199999999999996 0.014 0.050666666666666665
2 0.035 0.5533333333333333 0.046 0.12533333333333332
2 0.241 0.5733333333333334 0.038 0.058666666666666666
2 0.267 0.5666666666666667 0.022 0.056
2 0.289 0.564 0.026000000000000002 0.050666666666666665
2 0.307 0.5559999999999999 0.026000000000000002 0.06133333333333333
2 0.323 0.5546666666666666 0.018000000000000002 0.05333333333333333
2 0.341 0.5546666666666666 0.022 0.048
4 0.88 0.52 0.132 0.06933333333333333
