0 0.15222222222222223 0.4058333333333334 0.013333333333333332 0.05166666666666667
0 0.18333333333333332 0.405 0.011111111111111112 0.04666666666666667
0 0.185 0.4416666666666667 0.01888888888888889 0.07
0 0.24944444444444444 0.4466666666666667 0.01888888888888889 0.07333333333333333
0 0.27 0.43333333333333335 0.017777777777777778 0.06666666666666667
0 0.32 0.3891666666666667 0.011111111111111112 0.04166666666666667
0 0.3638888888888889 0.55 0.03666666666666667 0.13333333333333333
0 0.4122222222222222 0.5733333333333334 0.04 0.14666666666666667
0 0.47833333333333333 0.6091666666666667 0.043333333333333335 0.15833333333333335
0 0.5633333333333334 0.6525000000000001 0.04666666666666667 0.17500000000000002
0 0.6611111111111111 0.5591666666666667 0.03777777777777778 0.13833333333333334
0 0.75 0.5908333333333333 0.04 0.15166666666666667
0 0.5905555555555555 0.53 0.03 0.11
0 0.5333333333333333 0.5091666666666667 0.026666666666666665 0.10166666666666667
0 0.9277777777777778 0.4666666666666667 0.02 0.07333333333333333
0 0.29055555555555557 0.37833333333333335 0.01 0.04
4 0.33555555555555555 0.36583333333333334 0.13111111111111112 0.03833333333333334
4 0.5538888888888889 0.3516666666666667 0.17444444444444446 0.04666666666666667
4 0.8711111111111111 0.3641666666666667 0.12444444444444444 0.045000000000000005
