0 0.57375 0.67875 0.06916666666666667 0.2575
0 0.50625 0.6950000000000001 0.07416666666666667 0.275
0 0.3304166666666667 0.62625 0.0575 0.21
0 0.2941666666666667 0.66125 0.06666666666666667 0.245
0 0.28250000000000003 0.6275000000000001 0.06833333333333334 0.2525
0 0.21416666666666667 0.6168750000000001 0.06166666666666667 0.22625
0 0.16083333333333336 0.639375 0.06166666666666667 0.22875
0 0.07916666666666668 0.620625 0.05166666666666667 0.19375
0 0.02416666666666667 0.61625 0.04833333333333334 0.19
0 0.9508333333333334 0.755625 0.09666666666666668 0.40625
0 0.4420833333333334 0.588125 0.04083333333333333 0.14875
0 0.7037500000000001 0.588125 0.04083333333333333 0.15375
2 0.785 0.595 0.05666666666666667 0.155
