0 0.20623742454728372 0.6813559322033899 0.11066398390342053 0.4542372881355932
0 0.323943661971831 0.7 0.12072434607645877 0.4983050847457627
0 0.42152917505030185 0.6338983050847458 0.08651911468812878 0.36610169491525424
0 0.38128772635814895 0.5440677966101695 0.05432595573440644 0.2271186440677966
0 0.4919517102615695 0.7203389830508474 0.1267605633802817 0.5186440677966102
0 0.5281690140845071 0.6423728813559322 0.10663983903420524 0.45084745762711864
0 0.5623742454728371 0.5796610169491525 0.06639839034205232 0.27796610169491526
0 0.6438631790744467 0.5847457627118644 0.07645875251509054 0.3220338983050847
0 0.6730382293762576 0.659322033898305 0.10261569416498995 0.43050847457627117
0 0.7012072434607647 0.6067796610169491 0.08651911468812878 0.3593220338983051
0 0.7575452716297787 0.6322033898305085 0.08651911468812878 0.3559322033898305
0 0.8450704225352114 0.5898305084745763 0.08048289738430583 0.3389830508474576
0 0.875251509054326 0.5898305084745763 0.06841046277665996 0.2847457627118644
0 0.9185110663983904 0.5644067796610169 0.07042253521126761 0.288135593220339
0 0.9637826961770625 0.5474576271186441 0.05633802816901409 0.2406779661016949
4 0.591549295774648 0.5389830508474576 0.812877263581489 0.27796610169491526
