0 0.8093065693430657 0.640117994100295 0.13686131386861314 0.5368731563421829
0 0.8375912408759124 0.6002949852507374 0.10218978102189781 0.41002949852507375
0 0.7125912408759124 0.6061946902654867 0.10036496350364964 0.39823008849557523
0 0.6678832116788321 0.6563421828908554 0.12408759124087591 0.48672566371681414
0 0.625 0.612094395280236 0.09306569343065693 0.3746312684365782
0 0.5821167883211679 0.6312684365781711 0.0948905109489051 0.38348082595870203
0 0.5474452554744526 0.5766961651917404 0.08759124087591241 0.34513274336283184
0 0.48996350364963503 0.6032448377581121 0.12591240875912407 0.49852507374631266
0 0.4680656934306569 0.6578171091445427 0.12591240875912407 0.5014749262536873
0 0.42883211678832117 0.6047197640117994 0.09124087591240876 0.359882005899705
0 0.3941605839416058 0.6179941002949852 0.09124087591240876 0.35693215339233036
0 0.35583941605839414 0.6784660766961652 0.12408759124087591 0.49557522123893805
0 0.30656934306569344 0.56047197640118 0.06934306569343066 0.2713864306784661
0 0.2554744525547445 0.6342182890855457 0.0948905109489051 0.3775811209439528
0 0.22992700729927007 0.6297935103244837 0.08029197080291971 0.3274336283185841
0 0.18521897810218976 0.6533923303834808 0.09671532846715328 0.39233038348082594
0 0.15693430656934307 0.6946902654867256 0.09854014598540145 0.39233038348082594
0 0.06569343065693431 0.588495575221239 0.07664233576642336 0.30383480825958703
0 0.10127737226277372 0.5914454277286135 0.05656934306569343 0.2271386430678466
0 0.14781021897810218 0.5943952802359882 0.08029197080291971 0.31563421828908556
2 0.20437956204379562 0.4808259587020649 0.032846715328467155 0.10619469026548672
