0 0.14609375 0.6584507042253521 0.0765625 0.2887323943661972
0 0.21328125 0.6185446009389671 0.0765625 0.2793427230046948
0 0.19765625 0.573943661971831 0.08281250000000001 0.3075117370892019
0 0.259375 0.6103286384976526 0.07187500000000001 0.26291079812206575
0 0.24531250000000002 0.5516431924882629 0.08125 0.3051643192488263
0 0.259375 0.3779342723004695 0.03125 0.12206572769953052
0 0.29921875000000003 0.5622065727699531 0.0765625 0.2793427230046948
0 0.36328125 0.4694835680751174 0.045312500000000006 0.16901408450704225
0 0.32343750000000004 0.45422535211267606 0.040625 0.1572769953051643
0 0.340625 0.3744131455399061 0.028125 0.1056338028169014
0 0.40234375 0.5093896713615024 0.0671875 0.24882629107981222
0 0.44062500000000004 0.5845070422535211 0.0625 0.23004694835680753
0 0.503125 0.5610328638497653 0.06875 0.2535211267605634
0 0.45546875000000003 0.4694835680751174 0.0765625 0.2863849765258216
0 0.4109375 0.36619718309859156 0.028125 0.10328638497652583
0 0.51171875 0.4823943661971831 0.0765625 0.2793427230046948
0 0.5437500000000001 0.5598591549295775 0.06875 0.255868544600939
0 0.34140625 0.6314553990610329 0.051562500000000004 0.19248826291079812
0 0.5828125000000001 0.5586854460093896 0.065625 0.24882629107981222
0 0.60703125 0.5176056338028169 0.08281250000000001 0.3075117370892019
0 0.6484375 0.6208920187793427 0.0625 0.23708920187793428
0 0.6781250000000001 0.5434272300469484 0.06875 0.2605633802816901
0 0.64609375 0.42370892018779344 0.035937500000000004 0.13849765258215962
0 0.5593750000000001 0.4859154929577465 0.078125 0.2863849765258216
0 0.70859375 0.607981220657277 0.0734375 0.26760563380281693
0 0.7171875000000001 0.5563380281690141 0.078125 0.2863849765258216
0 0.7609375 0.5669014084507042 0.078125 0.284037558685446
0 0.78125 0.6467136150234742 0.07500000000000001 0.2746478873239437
0 0.8070312500000001 0.6091549295774648 0.08281250000000001 0.31220657276995306
0 0.85703125 0.647887323943662 0.07968750000000001 0.29107981220657275
0 0.9085937500000001 0.6701877934272301 0.0890625 0.32629107981220656
2 0.48750000000000004 0.3403755868544601 0.025 0.06103286384976526
2 0.5296875 0.3345070422535211 0.025 0.0539906103286385
