0 0.11963882618510158 0.5441176470588235 0.02257336343115124 0.06684491978609625
0 0.15011286681715574 0.7286096256684491 0.09706546275395032 0.28609625668449196
0 0.07110609480812641 0.729946524064171 0.09706546275395032 0.2887700534759358
0 0.1963882618510158 0.606951871657754 0.04514672686230248 0.1336898395721925
0 0.2437923250564334 0.5962566844919786 0.05417607223476298 0.16042780748663102
0 0.27426636568848756 0.6082887700534759 0.0474040632054176 0.14705882352941177
0 0.31715575620767494 0.6109625668449198 0.04288939051918735 0.13101604278074866
0 0.3419864559819413 0.5935828877005347 0.03386004514672686 0.10695187165775401
0 0.37584650112866813 0.5868983957219251 0.0474040632054176 0.13636363636363635
0 0.474040632054176 0.6377005347593583 0.05869074492099322 0.16844919786096255
0 0.5045146726862302 0.6323529411764706 0.0564334085778781 0.16310160427807485
0 0.5778781038374717 0.6483957219251336 0.04966139954853273 0.14171122994652405
0 0.6139954853273137 0.7473262032085561 0.08126410835214447 0.23796791443850265
0 0.6896162528216704 0.7566844919786095 0.09706546275395032 0.27807486631016043
0 0.409706546275395 0.7647058823529411 0.10609480812641083 0.3101604278074866
0 0.42325056433408575 0.838235294117647 0.10609480812641083 0.31283422459893045
0 0.8036117381489841 0.8008021390374331 0.05869074492099322 0.17379679144385027
0 0.855530474040632 0.820855614973262 0.1128668171557562 0.3315508021390374
0 0.9198645598194131 0.7580213903743315 0.07900677200902934 0.23262032085561496
0 0.9446952595936794 0.7393048128342246 0.07449209932279909 0.21657754010695185
0 0.9774266365688487 0.8449197860962566 0.040632054176072234 0.2192513368983957
0 0.7268623024830699 0.7179144385026738 0.06772009029345372 0.20588235294117646
0 0.7618510158013544 0.7219251336898396 0.06997742663656885 0.2032085561497326
0 0.6670428893905191 0.6310160427807486 0.02934537246049661 0.0909090909090909
0 0.18510158013544017 0.5467914438502673 0.02257336343115124 0.07219251336898395
0 0.8148984198645598 0.6550802139037433 0.03611738148984198 0.10695187165775401
4 0.6568848758465011 0.5187165775401069 0.16704288939051917 0.0374331550802139
4 0.5248306997742663 0.517379679144385 0.09255079006772009 0.05614973262032085
4 0.4311512415349887 0.517379679144385 0.0857787810383747 0.06684491978609625
4 0.37020316027088035 0.5093582887700534 0.03160270880361173 0.034759358288770054
4 0.8803611738148983 0.6844919786096256 0.02257336343115124 0.0320855614973262
4 0.7302483069977426 0.6016042780748663 0.020316027088036117 0.0320855614973262
4 0.7595936794582392 0.5949197860962566 0.03386004514672686 0.04545454545454545
4 0.9875846501128668 0.6951871657754011 0.020316027088036117 0.06951871657754011
4 0.08352144469525959 0.53475935828877 0.03160270880361173 0.0374331550802139
