0 0.03655913978494624 0.6009316770186335 0.07311827956989247 0.3074534161490683
0 0.0935483870967742 0.6847826086956521 0.10967741935483871 0.3850931677018633
0 0.1693548387096774 0.6366459627329192 0.1064516129032258 0.37888198757763975
0 0.23709677419354838 0.670807453416149 0.11290322580645161 0.39751552795031053
0 0.306989247311828 0.6529503105590062 0.0935483870967742 0.3338509316770186
0 0.3172043010752688 0.5970496894409938 0.07096774193548387 0.24999999999999997
0 0.3634408602150538 0.6661490683229814 0.13333333333333333 0.46894409937888193
0 0.4172043010752688 0.6273291925465838 0.1032258064516129 0.3664596273291925
0 0.5134408602150538 0.6739130434782609 0.1 0.35093167701863354
0 0.5688172043010753 0.7135093167701863 0.11397849462365592 0.40527950310559
0 0.4876344086021505 0.6343167701863354 0.1064516129032258 0.3773291925465838
0 0.4510752688172043 0.6296583850931676 0.0935483870967742 0.3338509316770186
0 0.6908602150537635 0.6785714285714285 0.11290322580645161 0.39751552795031053
0 0.6333333333333333 0.6436335403726707 0.0967741935483871 0.34006211180124224
0 0.7881720430107527 0.6948757763975155 0.12043010752688171 0.4301242236024844
0 0.8263440860215053 0.6731366459627329 0.1064516129032258 0.374223602484472
0 0.9037634408602151 0.6979813664596273 0.11290322580645161 0.4021739130434782
0 0.9591397849462365 0.6304347826086956 0.07956989247311828 0.3354037267080745
