0 0.17895962732919254 0.8216783216783217 0.09472049689440994 0.3484848484848485
0 0.23214285714285712 0.8178904428904429 0.08850931677018634 0.32575757575757575
0 0.36257763975155277 0.8353729603729604 0.08618012422360248 0.3175990675990676
0 0.3932453416149068 0.7855477855477856 0.07142857142857142 0.2634032634032634
0 0.05027173913043478 0.7144522144522144 0.023680124223602484 0.08624708624708624
0 0.07472826086956522 0.7118298368298368 0.027562111801242233 0.10314685314685315
0 0.09569099378881987 0.7162004662004662 0.025232919254658384 0.09207459207459208
0 0.12849378881987578 0.7054195804195804 0.019409937888198756 0.07051282051282051
0 0.15663819875776397 0.6905594405594405 0.01436335403726708 0.053613053613053616
0 0.20807453416149066 0.6748251748251748 0.015527950310559004 0.05827505827505827
0 0.27853260869565216 0.6949300699300699 0.011257763975155278 0.041375291375291376
0 0.29736024844720493 0.6937645687645687 0.011645962732919254 0.04487179487179487
0 0.311917701863354 0.7013403263403264 0.012034161490683228 0.04603729603729604
0 0.32278726708074534 0.7019230769230769 0.011257763975155278 0.042540792540792544
0 0.27115683229813664 0.6864801864801865 0.007375776397515527 0.026806526806526808
0 0.3354037267080745 0.6987179487179487 0.013198757763975154 0.04895104895104895
0 0.43633540372670804 0.7287296037296037 0.02872670807453416 0.10664335664335664
0 0.5069875776397516 0.7558275058275058 0.055124223602484465 0.20163170163170163
0 0.47379658385093165 0.8432400932400932 0.08346273291925466 0.30536130536130535
0 0.5390139751552795 0.7071678321678322 0.016692546583850932 0.06118881118881119
0 0.5954968944099378 0.7293123543123543 0.037267080745341616 0.1381118881118881
0 0.6205357142857142 0.7325174825174825 0.034549689440993785 0.12703962703962704
0 0.9879658385093167 0.7342657342657343 0.023291925465838508 0.1258741258741259
0 0.9635093167701863 0.7328088578088578 0.03416149068322981 0.12645687645687645
0 0.9157608695652173 0.7229020979020979 0.02562111801242236 0.09498834498834499
0 0.8973214285714285 0.7258158508158508 0.027562111801242233 0.10198135198135198
0 0.8819875776397514 0.7383449883449883 0.04114906832298136 0.15268065268065267
0 0.8627717391304347 0.7380536130536131 0.04076086956521739 0.14976689976689977
0 0.8392857142857142 0.7482517482517482 0.04192546583850931 0.15384615384615385
0 0.8163819875776397 0.7462121212121212 0.03804347826086956 0.13927738927738928
0 0.794448757763975 0.717948717948718 0.024456521739130432 0.09090909090909091
0 0.7758152173913043 0.7124125874125874 0.018245341614906832 0.06818181818181818
0 0.7560170807453416 0.7045454545454546 0.01358695652173913 0.05128205128205128
0 0.9347826086956521 0.7231934731934732 0.02562111801242236 0.09557109557109557
0 0.7880434782608695 0.6864801864801865 0.003881987577639751 0.016317016317016316
0 0.7719332298136645 0.6716200466200466 0.007375776397515527 0.027389277389277388
0 0.7426242236024844 0.6911421911421911 0.008540372670807452 0.03263403263403263
0 0.7105978260869564 0.6966783216783217 0.010481366459627328 0.04020979020979021
0 0.6946816770186335 0.7386363636363636 0.035326086956521736 0.12878787878787878
0 0.6535326086956521 0.7310606060606061 0.035326086956521736 0.12995337995337997
0 0.6748835403726707 0.7196969696969697 0.021350931677018632 0.0780885780885781
0 0.6809006211180124 0.6885198135198135 0.006211180124223602 0.023892773892773892
0 0.6292701863354037 0.7118298368298368 0.021739130434782608 0.08100233100233101
0 0.6368400621118012 0.7118298368298368 0.023680124223602484 0.087995337995338
0 0.5689052795031055 0.7048368298368298 0.011257763975155278 0.042540792540792544
0 0.5758928571428571 0.7042540792540792 0.011257763975155278 0.042540792540792544
0 0.5469720496894409 0.708916083916084 0.013198757763975154 0.049533799533799536
0 0.5300854037267081 0.7094988344988346 0.01513975155279503 0.05652680652680653
0 0.4483695652173913 0.7103729603729604 0.017857142857142856 0.0675990675990676
0 0.4303183229813664 0.6858974358974359 0.005046583850931677 0.018648018648018648
0 0.42352484472049684 0.6873543123543123 0.005434782608695652 0.02156177156177156
0 0.2523291925465838 0.7864219114219114 0.07375776397515528 0.2698135198135198
2 0.4120729813664596 0.675990675990676 0.01436335403726708 0.023310023310023312
4 0.10986024844720496 0.6893939393939394 0.007763975155279502 0.026806526806526808
4 0.14305124223602483 0.6838578088578089 0.01358695652173913 0.02972027972027972
4 0.7214673913043478 0.6765734265734266 0.006599378881987577 0.018648018648018648
4 0.7311723602484471 0.6768648018648019 0.009704968944099378 0.019230769230769232
4 0.6036490683229814 0.6742424242424242 0.007763975155279502 0.016317016317016316
4 0.5896739130434783 0.673951048951049 0.008540372670807452 0.011072261072261072
4 0.6677018633540373 0.6832750582750583 0.006987577639751552 0.019230769230769232
4 0.562305900621118 0.6818181818181818 0.011257763975155278 0.018648018648018648
4 0.576669254658385 0.6786130536130536 0.018245341614906832 0.012237762237762238
4 0.5234860248447205 0.678030303030303 0.008152173913043478 0.013403263403263404
