0 0.011278195488721804 0.7919463087248322 0.022556390977443608 0.14093959731543623
0 0.016917293233082706 0.714765100671141 0.02631578947368421 0.11409395973154363
0 0.022556390977443608 0.6560402684563759 0.022556390977443608 0.11073825503355704
0 0.06672932330827067 0.6442953020134228 0.013157894736842105 0.06711409395973154
0 0.08552631578947367 0.709731543624161 0.02443609022556391 0.1174496644295302
0 0.06954887218045112 0.8053691275167785 0.03007518796992481 0.1342281879194631
0 0.1419172932330827 0.8053691275167785 0.02819548872180451 0.1342281879194631
0 0.14661654135338345 0.7080536912751678 0.02631578947368421 0.12080536912751677
0 0.10432330827067668 0.5838926174496644 0.020676691729323307 0.087248322147651
0 0.13345864661654133 0.5486577181208053 0.015037593984962405 0.07718120805369127
0 0.14473684210526316 0.5822147651006712 0.018796992481203006 0.08389261744966443
0 0.15413533834586465 0.5268456375838926 0.015037593984962405 0.0738255033557047
0 0.17481203007518797 0.5536912751677853 0.015037593984962405 0.06711409395973154
0 0.17105263157894735 0.610738255033557 0.018796992481203006 0.09395973154362416
0 0.1870300751879699 0.6543624161073825 0.020676691729323307 0.10067114093959731
0 0.20958646616541352 0.7013422818791946 0.020676691729323307 0.087248322147651
0 0.22838345864661652 0.8036912751677853 0.03195488721804511 0.13758389261744966
0 0.19548872180451127 0.5234899328859061 0.015037593984962405 0.06711409395973154
0 0.1907894736842105 0.5738255033557047 0.016917293233082706 0.08053691275167785
0 0.21710526315789472 0.5385906040268457 0.013157894736842105 0.06375838926174497
0 0.21710526315789472 0.6124161073825504 0.020676691729323307 0.09060402684563758
0 0.2424812030075188 0.5771812080536912 0.018796992481203006 0.08053691275167785
0 0.2612781954887218 0.5469798657718121 0.018796992481203006 0.08053691275167785
0 0.2763157894736842 0.5285234899328859 0.015037593984962405 0.07718120805369127
0 0.2913533834586466 0.5067114093959731 0.015037593984962405 0.06711409395973154
0 0.32424812030075184 0.5251677852348993 0.016917293233082706 0.07046979865771812
0 0.3082706766917293 0.5469798657718121 0.018796992481203006 0.08053691275167785
0 0.3007518796992481 0.5704697986577181 0.015037593984962405 0.0738255033557047
0 0.28101503759398494 0.6157718120805369 0.016917293233082706 0.08389261744966443
0 0.2556390977443609 0.6543624161073825 0.022556390977443608 0.10067114093959731
0 0.27349624060150374 0.7181208053691275 0.02819548872180451 0.12080536912751677
0 0.37687969924812026 0.5016778523489933 0.013157894736842105 0.06375838926174497
0 0.36936090225563906 0.5201342281879194 0.016917293233082706 0.08053691275167785
0 0.3609022556390977 0.5469798657718121 0.018796992481203006 0.087248322147651
0 0.34680451127819545 0.5805369127516778 0.020676691729323307 0.09395973154362416
0 0.30921052631578944 0.6510067114093959 0.020676691729323307 0.09395973154362416
0 0.3176691729323308 0.8087248322147651 0.02631578947368421 0.12751677852348994
0 0.3458646616541353 0.7214765100671141 0.02631578947368421 0.11409395973154363
0 0.375 0.6510067114093959 0.02443609022556391 0.10738255033557047
0 0.3872180451127819 0.6090604026845637 0.022556390977443608 0.09731543624161074
0 0.3975563909774436 0.5771812080536912 0.020676691729323307 0.087248322147651
0 0.4041353383458646 0.5453020134228188 0.015037593984962405 0.07046979865771812
0 0.412593984962406 0.5234899328859061 0.016917293233082706 0.0738255033557047
0 0.4050751879699248 0.8171140939597316 0.03195488721804511 0.15100671140939598
0 0.4163533834586466 0.7130872483221476 0.02443609022556391 0.1174496644295302
0 0.4332706766917293 0.6493288590604027 0.02443609022556391 0.11073825503355704
0 0.44360902255639095 0.6057046979865772 0.022556390977443608 0.09731543624161074
0 0.44924812030075184 0.5788590604026845 0.018796992481203006 0.09060402684563758
0 0.4548872180451128 0.5385906040268457 0.015037593984962405 0.07718120805369127
0 0.4595864661654135 0.5201342281879194 0.016917293233082706 0.0738255033557047
0 0.6390977443609023 0.5033557046979865 0.015037593984962405 0.0738255033557047
0 0.6766917293233082 0.4983221476510067 0.015037593984962405 0.07046979865771812
0 0.6945488721804511 0.5234899328859061 0.013157894736842105 0.06711409395973154
0 0.7133458646616541 0.5453020134228188 0.013157894736842105 0.06375838926174497
0 0.7387218045112781 0.5838926174496644 0.018796992481203006 0.087248322147651
0 0.7556390977443609 0.6191275167785235 0.022556390977443608 0.1040268456375839
0 0.7810150375939849 0.6577181208053691 0.02443609022556391 0.10738255033557047
0 0.7095864661654135 0.4966442953020134 0.013157894736842105 0.06711409395973154
0 0.7434210526315789 0.49328859060402686 0.013157894736842105 0.06711409395973154
0 0.7293233082706767 0.5234899328859061 0.015037593984962405 0.06711409395973154
0 0.7659774436090225 0.5134228187919463 0.013157894736842105 0.060402684563758385
0 0.7537593984962405 0.552013422818792 0.015037593984962405 0.07046979865771812
0 0.7772556390977443 0.5822147651006712 0.016917293233082706 0.08389261744966443
0 0.8026315789473684 0.6157718120805369 0.022556390977443608 0.09731543624161074
0 0.7932330827067668 0.5503355704697986 0.015037593984962405 0.0738255033557047
0 0.8195488721804511 0.5218120805369127 0.015037593984962405 0.07718120805369127
0 0.8270676691729323 0.5805369127516778 0.018796992481203006 0.09395973154362416
0 0.8449248120300752 0.5503355704697986 0.016917293233082706 0.08053691275167785
0 0.881578947368421 0.5771812080536912 0.018796992481203006 0.08053691275167785
0 0.8684210526315789 0.6208053691275167 0.018796992481203006 0.087248322147651
0 0.9351503759398496 0.6258389261744967 0.020676691729323307 0.09731543624161074
0 0.9050751879699248 0.6577181208053691 0.02443609022556391 0.10738255033557047
0 0.9840225563909774 0.639261744966443 0.016917293233082706 0.07718120805369127
0 0.9765037593984962 0.7265100671140939 0.02819548872180451 0.12416107382550336
0 0.9802631578947368 0.8238255033557047 0.03195488721804511 0.1442953020134228
0 0.8843984962406014 0.8120805369127516 0.03195488721804511 0.1476510067114094
0 0.8308270676691729 0.7298657718120806 0.02631578947368421 0.1174496644295302
0 0.7885338345864661 0.8104026845637584 0.03195488721804511 0.1442953020134228
0 0.7537593984962405 0.7315436241610738 0.02631578947368421 0.12080536912751677
0 0.7048872180451128 0.8104026845637584 0.03007518796992481 0.13758389261744966
0 0.7236842105263157 0.6593959731543624 0.022556390977443608 0.1040268456375839
0 0.7048872180451128 0.6174496644295302 0.018796992481203006 0.09395973154362416
0 0.6757518796992481 0.7265100671140939 0.02443609022556391 0.1174496644295302
0 0.6588345864661653 0.6543624161073825 0.020676691729323307 0.09395973154362416
0 0.681390977443609 0.5838926174496644 0.020676691729323307 0.087248322147651
0 0.6616541353383458 0.5469798657718121 0.018796992481203006 0.08053691275167785
0 0.6513157894736842 0.5201342281879194 0.013157894736842105 0.06711409395973154
0 0.6475563909774436 0.6140939597315436 0.020676691729323307 0.09395973154362416
0 0.6231203007518796 0.5453020134228188 0.016917293233082706 0.08389261744966443
0 0.6137218045112781 0.5201342281879194 0.016917293233082706 0.0738255033557047
0 0.6043233082706767 0.49161073825503354 0.016917293233082706 0.07046979865771812
0 0.6099624060150376 0.8087248322147651 0.03571428571428571 0.1610738255033557
0 0.5911654135338346 0.7164429530201342 0.02443609022556391 0.1174496644295302
0 0.5855263157894737 0.6459731543624161 0.020676691729323307 0.09731543624161074
0 0.5770676691729323 0.6174496644295302 0.022556390977443608 0.10067114093959731
0 0.5686090225563909 0.5805369127516778 0.020676691729323307 0.09395973154362416
0 0.5592105263157895 0.5234899328859061 0.016917293233082706 0.0738255033557047
0 0.5272556390977443 0.7986577181208053 0.03195488721804511 0.14093959731543623
0 0.5206766917293233 0.6409395973154363 0.015037593984962405 0.0738255033557047
0 0.6334586466165413 0.5822147651006712 0.018796992481203006 0.09060402684563758
4 0.41541353383458646 0.47651006711409394 0.015037593984962405 0.026845637583892617
4 0.5159774436090225 0.47818791946308725 0.016917293233082706 0.030201342281879193
4 0.5686090225563909 0.511744966442953 0.016917293233082706 0.02348993288590604
4 0.8712406015037594 0.41778523489932884 0.02443609022556391 0.05704697986577181
4 0.8966165413533834 0.4211409395973154 0.02631578947368421 0.06375838926174497
4 0.9821428571428571 0.4093959731543624 0.013157894736842105 0.04697986577181208
4 0.888157894736842 0.37416107382550334 0.03195488721804511 0.030201342281879193
