0 0.20500000000000002 0.7041036717062635 0.14666666666666667 0.470842332613391
0 0.3275 0.6965442764578834 0.11166666666666668 0.3563714902807776
0 0.3066666666666667 0.6457883369330454 0.08666666666666667 0.27213822894168466
0 0.38583333333333336 0.6900647948164147 0.09833333333333334 0.3088552915766739
0 0.46166666666666667 0.7095032397408207 0.18000000000000002 0.5766738660907128
0 0.5325000000000001 0.6792656587473003 0.11166666666666668 0.35205183585313177
0 0.5891666666666667 0.6479481641468683 0.07500000000000001 0.24190064794816415
0 0.6833333333333333 0.6522678185745141 0.08666666666666667 0.27645788336933047
0 0.7825000000000001 0.6911447084233262 0.13833333333333334 0.43628509719222464
0 0.8516666666666667 0.6835853131749461 0.09000000000000001 0.28293736501079914
0 0.9 0.6889848812095033 0.09666666666666668 0.31101511879049676
0 0.9491666666666667 0.7073434125269978 0.09833333333333334 0.32613390928725705
0 0.9575 0.6868250539956804 0.08166666666666667 0.28509719222462204
