0 0.0806159420289855 0.6047430830039525 0.08514492753623189 0.450592885375494
0 0.14221014492753623 0.608695652173913 0.07789855072463768 0.4110671936758893
0 0.22192028985507248 0.6383399209486166 0.06702898550724638 0.3675889328063241
0 0.26268115942028986 0.5909090909090908 0.07246376811594203 0.3913043478260869
0 0.3170289855072464 0.6442687747035573 0.06884057971014493 0.37154150197628455
0 0.35778985507246375 0.6205533596837944 0.06702898550724638 0.3557312252964427
0 0.4148550724637681 0.6185770750988142 0.06884057971014493 0.3675889328063241
0 0.44565217391304346 0.5948616600790514 0.07246376811594203 0.38339920948616596
0 0.5172101449275363 0.5059288537549407 0.016304347826086956 0.09486166007905138
0 0.5878623188405797 0.6146245059288538 0.06340579710144928 0.3438735177865612
0 0.667572463768116 0.6205533596837944 0.06340579710144928 0.34782608695652173
0 0.7083333333333334 0.6343873517786561 0.06159420289855073 0.3359683794466403
0 0.7735507246376812 0.6383399209486166 0.07246376811594203 0.3913043478260869
0 0.7509057971014493 0.5968379446640316 0.07427536231884058 0.3952569169960474
0 0.8876811594202899 0.6047430830039525 0.07608695652173914 0.41897233201581024
0 0.967391304347826 0.592885375494071 0.06159420289855073 0.41897233201581024
2 0.4230072463768116 0.683794466403162 0.08152173913043478 0.308300395256917
2 0.5235507246376812 0.7055335968379446 0.06884057971014493 0.3043478260869565
2 0.6086956521739131 0.6976284584980237 0.09782608695652174 0.3043478260869565
