0 0.035833333333333335 0.3380462724935732 0.07166666666666667 0.326478149100257
0 0.11416666666666668 0.35347043701799485 0.08166666666666667 0.30591259640102825
0 0.14916666666666667 0.3431876606683804 0.08833333333333333 0.34190231362467866
0 0.1991666666666667 0.3444730077120822 0.09166666666666667 0.3444730077120822
0 0.2758333333333334 0.36503856041131105 0.085 0.32390745501285345
0 0.3741666666666667 0.33419023136246784 0.09166666666666667 0.3547557840616966
0 0.4366666666666667 0.2866323907455013 0.05 0.1928020565552699
0 0.505 0.2737789203084833 0.03666666666666667 0.14138817480719792
0 0.5541666666666667 0.2853470437017995 0.05166666666666667 0.1953727506426735
0 0.6116666666666667 0.2737789203084833 0.04 0.15681233933161953
0 0.6933333333333334 0.35089974293059123 0.10666666666666667 0.40359897172236503
0 0.7566666666666667 0.3830334190231362 0.1 0.37532133676092544
0 0.9541666666666667 0.3727506426735218 0.08833333333333333 0.390745501285347
1 0.8441666666666667 0.5231362467866324 0.115 0.4344473007712082
1 0.5966666666666667 0.4203084832904884 0.07333333333333333 0.2853470437017995
1 0.4866666666666667 0.5372750642673522 0.1 0.37532133676092544
1 0.42583333333333334 0.48971722365038556 0.09166666666666667 0.34704370179948585
