0 0.12 0.4668094218415418 0.15714285714285714 0.5738758029978587
0 0.05928571428571429 0.4271948608137045 0.11857142857142858 0.563169164882227
0 0.21 0.4775160599571735 0.13142857142857142 0.48822269807280516
0 0.22857142857142856 0.4379014989293362 0.13714285714285715 0.5032119914346895
0 0.36428571428571427 0.45717344753747324 0.12857142857142856 0.4732334047109208
0 0.49785714285714283 0.4582441113490364 0.11857142857142858 0.4411134903640257
0 0.5835714285714285 0.46466809421841543 0.11285714285714285 0.41113490364025695
0 0.6178571428571429 0.4057815845824411 0.13 0.4732334047109208
0 0.6871428571428572 0.44325481798715205 0.09714285714285714 0.3554603854389722
0 0.7528571428571429 0.4132762312633833 0.10571428571428572 0.3854389721627409
0 0.8264285714285714 0.3993576017130621 0.09571428571428571 0.3533190578158458
0 0.4607142857142857 0.27301927194860814 0.047142857142857146 0.1734475374732334
0 0.6835714285714286 0.37152034261241973 0.09571428571428571 0.3490364025695932
0 0.9628571428571429 0.40471092077087795 0.07142857142857142 0.4325481798715204
0 0.945 0.3929336188436831 0.10714285714285714 0.42184154175588867
0 0.91 0.37687366167023556 0.11714285714285715 0.4282655246252677
0 0.8878571428571429 0.38115631691648827 0.10428571428571429 0.3854389721627409
0 0.8535714285714285 0.37044967880085655 0.11 0.40256959314775165
0 0.7885714285714286 0.37044967880085655 0.1 0.36402569593147754
0 0.5614285714285714 0.20663811563169165 0.025714285714285714 0.09207708779443255
0 0.5178571428571429 0.23447537473233407 0.012857142857142857 0.05353319057815846
0 0.37 0.24411134903640258 0.022857142857142857 0.08993576017130621
0 0.35928571428571426 0.2430406852248394 0.027142857142857142 0.10064239828693791
0 0.34214285714285714 0.24411134903640258 0.02142857142857143 0.08565310492505354
0 0.3335714285714286 0.24946466809421844 0.032857142857142856 0.12205567451820129
0 0.32 0.2537473233404711 0.03428571428571429 0.12633832976445397
0 0.30214285714285716 0.21413276231263384 0.015714285714285715 0.0556745182012848
0 0.023571428571428573 0.1841541755888651 0.027142857142857142 0.10706638115631692
2 0.9335714285714286 0.11670235546038545 0.03857142857142857 0.05781584582441114
2 0.8814285714285715 0.20021413276231265 0.014285714285714285 0.062098501070663815
2 0.7714285714285715 0.19057815845824413 0.03142857142857143 0.05139186295503212
2 0.7057142857142857 0.1734475374732334 0.037142857142857144 0.04282655246252677
2 0.6521428571428571 0.2194860813704497 0.02142857142857143 0.05781584582441114
2 0.6078571428571429 0.19914346895074947 0.018571428571428572 0.0556745182012848
2 0.44571428571428573 0.1766595289079229 0.017142857142857144 0.0278372591006424
2 0.30785714285714283 0.20985010706638116 0.012857142857142857 0.02569593147751606
2 0.13357142857142856 0.15845824411134904 0.041428571428571426 0.0556745182012848
2 0.019285714285714285 0.3211991434689508 0.03857142857142857 0.15417558886509636
4 0.74 0.2119914346895075 0.03142857142857143 0.07280513918629551
4 0.84 0.17558886509635976 0.017142857142857144 0.059957173447537475
4 0.6742857142857143 0.21413276231263384 0.02 0.029978586723768737
4 0.5742857142857143 0.19593147751605997 0.02 0.0278372591006424
4 0.5935714285714285 0.20770877944325483 0.012857142857142857 0.04282655246252677
4 0.5321428571428571 0.20663811563169165 0.024285714285714285 0.036402569593147756
4 0.385 0.20128479657387582 0.027142857142857142 0.05139186295503212
4 0.4114285714285714 0.19700214132762314 0.025714285714285714 0.029978586723768737
4 0.435 0.208779443254818 0.02142857142857143 0.044967880085653104
4 0.49142857142857144 0.20235546038543897 0.037142857142857144 0.032119914346895075
4 0.48714285714285716 0.22376873661670238 0.011428571428571429 0.0278372591006424
4 0.5021428571428571 0.22483940042826553 0.018571428571428572 0.02569593147751606
4 0.5157142857142857 0.19271948608137046 0.011428571428571429 0.017130620985010708
4 0.28214285714285714 0.18950749464668096 0.015714285714285715 0.036402569593147756
4 0.205 0.20235546038543897 0.041428571428571426 0.049250535331905786
