0 0.035 0.6693121693121693 0.07 0.4444444444444444
0 0.12166666666666667 0.6785714285714285 0.11333333333333334 0.4365079365079365
0 0.21500000000000002 0.6851851851851851 0.11666666666666667 0.455026455026455
0 0.2816666666666667 0.6746031746031745 0.11666666666666667 0.4603174603174603
0 0.4191666666666667 0.6785714285714285 0.11833333333333335 0.46825396825396826
0 0.4791666666666667 0.7023809523809523 0.10166666666666667 0.3941798941798942
0 0.6066666666666667 0.705026455026455 0.11666666666666667 0.45238095238095233
0 0.5950000000000001 0.693121693121693 0.10666666666666667 0.41798941798941797
0 0.7341666666666667 0.6798941798941799 0.10833333333333334 0.42857142857142855
0 0.8133333333333334 0.6891534391534391 0.12000000000000001 0.4735449735449735
0 0.8591666666666667 0.6891534391534391 0.115 0.45238095238095233
0 0.9616666666666668 0.664021164021164 0.07333333333333333 0.37566137566137564
