0 0.11 0.6525 0.13 0.47500000000000003
0 0.42500000000000004 0.67125 0.17 0.6225
0 0.5425 0.675 0.1716666666666667 0.63
0 0.6975 0.66 0.18166666666666667 0.67
2 0.18916666666666668 0.6775 0.04833333333333334 0.22
2 0.26333333333333336 0.70375 0.060000000000000005 0.2575
2 0.3466666666666667 0.72375 0.05 0.2725
2 0.8216666666666668 0.7000000000000001 0.07666666666666667 0.29
2 0.8966666666666667 0.6900000000000001 0.07666666666666667 0.265
4 0.26416666666666666 0.59125 0.20833333333333334 0.0975
4 0.8541666666666667 0.5650000000000001 0.18166666666666667 0.075
