0 0.8935000000000001 0.5414012738853503 0.137 0.5382165605095541
0 0.8795000000000001 0.6687898089171975 0.059000000000000004 0.22929936305732485
0 0.7935 0.6353503184713376 0.077 0.29936305732484075
0 0.645 0.5047770700636943 0.156 0.6114649681528663
0 0.5685 0.6226114649681529 0.085 0.3312101910828026
0 0.512 0.6974522292993631 0.038 0.15286624203821658
0 0.531 0.7030254777070064 0.036000000000000004 0.14171974522292993
0 0.417 0.5756369426751593 0.114 0.44745222929936307
0 0.4535 0.6154458598726115 0.091 0.3550955414012739
0 0.34850000000000003 0.6926751592356688 0.043000000000000003 0.16878980891719747
0 0.3185 0.6186305732484076 0.091 0.35191082802547774
0 0.08750000000000001 0.6170382165605096 0.089 0.3455414012738854
0 0.0325 0.6584394904458599 0.065 0.25636942675159236
0 0.2115 0.6536624203821656 0.061 0.2372611464968153
0 0.14 0.642515923566879 0.07200000000000001 0.28503184713375795
0 0.255 0.6799363057324841 0.048 0.18789808917197454
0 0.23950000000000002 0.6648089171974523 0.055 0.21815286624203822
0 0.2915 0.6783439490445861 0.049 0.1910828025477707
0 0.329 0.6910828025477708 0.04 0.15923566878980894
0 0.0315 0.5485668789808917 0.063 0.30095541401273884
0 0.9665 0.6202229299363058 0.065 0.33598726114649685
