0 0.32 0.6766666666666667 0.195 0.6333333333333334
0 0.4225 0.535 0.085 0.2833333333333333
0 0.06375 0.7066666666666667 0.1275 0.5666666666666667
0 0.36 0.49833333333333335 0.065 0.21666666666666667
0 0.435 0.4666666666666667 0.05 0.16666666666666669
0 0.58375 0.46 0.0375 0.13333333333333333
0 0.67625 0.4416666666666667 0.0425 0.14333333333333334
0 0.71 0.4666666666666667 0.04 0.14
0 0.75375 0.46 0.0475 0.16
0 0.8025 0.4683333333333334 0.05 0.16333333333333333
0 0.8612500000000001 0.4633333333333334 0.0425 0.14666666666666667
0 0.8725 0.45833333333333337 0.055 0.17666666666666667
0 0.9275 0.49000000000000005 0.06 0.2
0 0.9675 0.48500000000000004 0.06 0.21000000000000002
0 0.97875 0.46 0.0375 0.17333333333333334
