0 0.081 0.28421052631578947 0.07 0.25563909774436094
0 0.5365 0.5578947368421053 0.137 0.5022556390977444
0 0.633 0.5488721804511278 0.12 0.44511278195488724
0 0.6910000000000001 0.10075187969924812 0.052000000000000005 0.1954887218045113
0 0.71 0.5112781954887219 0.064 0.23759398496240602
2 0.7765 0.5451127819548872 0.067 0.2511278195488722
2 0.5745 0.1992481203007519 0.057 0.1729323308270677
2 0.6205 0.1954887218045113 0.051000000000000004 0.16541353383458648
2 0.6715 0.1992481203007519 0.049 0.1699248120300752
2 0.5975 0.10075187969924812 0.053 0.10526315789473685
2 0.781 0.1330827067669173 0.05 0.1368421052631579
2 0.8255 0.1180451127819549 0.045 0.1368421052631579
2 0.878 0.11654135338345865 0.054 0.14285714285714288
2 0.914 0.1804511278195489 0.064 0.18646616541353384
2 0.1155 0.17819548872180452 0.045 0.0736842105263158
2 0.1625 0.1774436090225564 0.035 0.06917293233082707
2 0.1955 0.1593984962406015 0.041 0.08721804511278196
2 0.20500000000000002 0.14962406015037594 0.034 0.1067669172932331
2 0.274 0.12706766917293233 0.044 0.10075187969924812
2 0.3215 0.1218045112781955 0.055 0.09924812030075189
2 0.3615 0.12030075187969926 0.041 0.10827067669172932
2 0.212 0.2736842105263158 0.062 0.1293233082706767
2 0.2615 0.27518796992481204 0.049 0.11127819548872181
2 0.292 0.20827067669172933 0.042 0.06165413533834587
2 0.313 0.2796992481203008 0.04 0.09924812030075189
2 0.35150000000000003 0.24887218045112783 0.053 0.14586466165413534
