0 0.028235294117647056 0.3962765957446808 0.05647058823529411 0.299645390070922
0 0.0488235294117647 0.3732269503546099 0.08117647058823528 0.3031914893617021
0 0.12705882352941175 0.3546099290780142 0.07058823529411765 0.26595744680851063
0 0.14823529411764705 0.34397163120567376 0.07529411764705882 0.2765957446808511
0 0.19588235294117645 0.34131205673758863 0.0788235294117647 0.28900709219858156
0 0.22235294117647056 0.3546099290780142 0.06117647058823529 0.22695035460992907
0 0.2588235294117647 0.33865248226950356 0.0588235294117647 0.21985815602836878
0 0.32235294117647056 0.374113475177305 0.07058823529411765 0.26595744680851063
0 0.3629411764705882 0.3333333333333333 0.05058823529411764 0.18439716312056736
0 0.3429411764705882 0.3351063829787234 0.04823529411764706 0.1773049645390071
0 0.3964705882352941 0.3191489361702128 0.04941176470588235 0.18439716312056736
0 0.4805882352941176 0.3280141843971631 0.03176470588235294 0.11702127659574468
0 0.458235294117647 0.300531914893617 0.024705882352941175 0.09397163120567376
2 0.686470588235294 0.5177304964539007 0.42470588235294116 0.7872340425531915
