0 0.751 0.6129518072289157 0.162 0.5933734939759037
0 0.877 0.5015060240963856 0.14200000000000002 0.5271084337349398
0 0.644 0.6506024096385542 0.148 0.5481927710843374
0 0.722 0.43222891566265065 0.112 0.4126506024096386
0 0.5760000000000001 0.5421686746987953 0.152 0.5602409638554218
0 0.506 0.5903614457831325 0.22 0.8132530120481928
0 0.36 0.6144578313253012 0.20400000000000001 0.7590361445783133
0 0.262 0.6506024096385542 0.188 0.6927710843373495
0 0.145 0.5587349397590362 0.218 0.8042168674698795
0 0.046 0.5843373493975904 0.092 0.5903614457831325
2 0.63 0.3358433734939759 0.048 0.12349397590361447
2 0.643 0.25903614457831325 0.054 0.10240963855421688
4 0.164 0.21536144578313254 0.324 0.213855421686747
4 0.47500000000000003 0.10843373493975904 0.458 0.21686746987951808
