0 0.07528230865746549 0.8269230769230769 0.1028858218318695 0.3394648829431438
0 0.3067754077791719 0.7667224080267558 0.13676286072772897 0.44648829431438125
0 0.08030112923462986 0.6889632107023411 0.14052697616060225 0.4615384615384615
0 0.12860727728983687 0.6095317725752508 0.1468005018820577 0.48327759197324416
0 0.09661229611041404 0.43812709030100333 0.12296110414052697 0.4013377926421405
0 0.11480552070263488 0.3168896321070234 0.10915934755332496 0.35618729096989965
0 0.2810539523212045 0.2918060200668896 0.12045169385194479 0.39297658862876256
0 0.2929736511919699 0.3712374581939799 0.11668757841907151 0.3812709030100334
0 0.32559598494353825 0.5100334448160535 0.13676286072772897 0.44481605351170567
0 0.32183186951066495 0.6714046822742474 0.14930991217063988 0.4866220735785953
0 0.3030112923462986 0.770066889632107 0.13676286072772897 0.4498327759197324
0 0.47929736511919696 0.35785953177257523 0.1329987452948557 0.43478260869565216
0 0.5125470514429109 0.46571906354515047 0.12672521957340024 0.41304347826086957
0 0.5464240903387704 0.5903010033444815 0.14178168130489335 0.4615384615384615
0 0.5169385194479297 0.7307692307692307 0.15056461731493098 0.4916387959866221
0 0.5602258469259723 0.8277591973244147 0.09912170639899623 0.3277591973244147
0 0.6424090338770388 0.3202341137123746 0.14052697616060225 0.45652173913043476
0 0.7038895859473023 0.4222408026755853 0.15307402760351316 0.49665551839464883
0 0.7421580928481806 0.5568561872909699 0.15683814303638643 0.5083612040133779
0 0.7340025094102886 0.7115384615384616 0.1606022584692597 0.5234113712374582
0 0.7948557089084065 0.7892976588628763 0.12170639899623588 0.4013377926421405
0 0.9272271016311167 0.6421404682274248 0.14303638644918443 0.5317725752508361
0 0.9121706398996235 0.5058528428093645 0.15558343789209533 0.5100334448160535
0 0.9065244667503136 0.36872909698996653 0.1317440401505646 0.4331103678929766
