0 0.21272727272727274 0.3063660477453581 0.16727272727272727 0.6021220159151194
0 0.16545454545454547 0.4442970822281167 0.15272727272727274 0.5437665782493368
0 0.39545454545454545 0.28249336870026526 0.13636363636363635 0.4907161803713528
0 0.4636363636363636 0.2493368700265252 0.07272727272727272 0.2652519893899204
0 0.5081818181818182 0.21087533156498672 0.0890909090909091 0.3262599469496021
0 0.5963636363636363 0.22015915119363394 0.10545454545454545 0.3819628647214854
0 0.6454545454545455 0.20557029177718833 0.08 0.29442970822281167
0 0.7036363636363636 0.21618037135278514 0.10545454545454545 0.3740053050397878
0 0.7881818181818182 0.22015915119363394 0.0890909090909091 0.3183023872679045
0 0.9309090909090909 0.3209549071618037 0.13454545454545455 0.6206896551724138
0 0.33090909090909093 0.21352785145888592 0.11272727272727273 0.4005305039787798
2 0.5327272727272727 0.0636604774535809 0.03272727272727273 0.10079575596816975
