0 0.8566666666666667 0.64 0.08 0.3
0 0.78 0.64125 0.08 0.2975
0 0.7108333333333334 0.6475 0.07833333333333334 0.28500000000000003
0 0.6791666666666667 0.65625 0.07833333333333334 0.28750000000000003
0 0.6341666666666667 0.625 0.07833333333333334 0.295
0 0.6066666666666667 0.64875 0.07666666666666667 0.28250000000000003
0 0.5325000000000001 0.62125 0.07500000000000001 0.2775
0 0.47500000000000003 0.635 0.07 0.26
0 0.42583333333333334 0.63125 0.07166666666666667 0.2675
0 0.4108333333333334 0.6225 0.07833333333333334 0.28500000000000003
0 0.325 0.62125 0.07333333333333333 0.2775
0 0.30833333333333335 0.6375000000000001 0.07666666666666667 0.28
0 0.2525 0.65 0.07833333333333334 0.295
0 0.25583333333333336 0.64 0.07833333333333334 0.28500000000000003
0 0.2225 0.635 0.07833333333333334 0.29
0 0.20083333333333334 0.62625 0.07500000000000001 0.2775
2 0.3433333333333334 0.6925 0.06333333333333334 0.195
2 0.4108333333333334 0.7025 0.065 0.195
2 0.4783333333333334 0.7075 0.07666666666666667 0.20500000000000002
2 0.5658333333333334 0.71 0.07166666666666667 0.2
