0 0.13055555555555556 0.7208333333333333 0.1462962962962963 0.5416666666666667
0 0.3148148148148148 0.7430555555555556 0.13333333333333333 0.49722222222222223
0 0.4712962962962963 0.725 0.1388888888888889 0.5055555555555555
0 0.625 0.7305555555555556 0.1425925925925926 0.5222222222222223
0 0.7212962962962963 0.6805555555555556 0.10555555555555556 0.3888888888888889
0 0.8240740740740741 0.75 0.12962962962962962 0.47222222222222227
0 0.7898148148148149 0.6972222222222223 0.09814814814814815 0.3611111111111111
0 0.8972222222222223 0.7125 0.10925925925925926 0.4083333333333333
0 0.9425925925925926 0.7305555555555556 0.11111111111111112 0.48888888888888893
0 0.5324074074074074 0.7097222222222223 0.09074074074074075 0.3416666666666667
4 0.6037037037037037 0.5319444444444444 0.788888888888889 0.225
