0 0.03 0.5716666666666667 0.06 0.33666666666666667
0 0.085 0.4683333333333334 0.06 0.20333333333333334
0 0.11 0.62 0.115 0.3866666666666667
0 0.17500000000000002 0.5266666666666667 0.07 0.22666666666666668
0 0.26 0.5650000000000001 0.095 0.31
0 0.34 0.6083333333333334 0.11 0.36333333333333334
0 0.46875 0.5650000000000001 0.08750000000000001 0.2833333333333333
0 0.425 0.48000000000000004 0.06 0.19333333333333336
0 0.53 0.5333333333333333 0.06 0.2066666666666667
0 0.585 0.61 0.1 0.33333333333333337
0 0.66625 0.5700000000000001 0.0725 0.24666666666666667
0 0.7275 0.63 0.115 0.38
0 0.8125 0.6233333333333334 0.085 0.2733333333333334
0 0.96125 0.5916666666666667 0.0725 0.2833333333333333
4 0.24125 0.3766666666666667 0.47750000000000004 0.14666666666666667
4 0.74125 0.43000000000000005 0.4975 0.16666666666666669
