0 0.10217391304347827 0.48039215686274517 0.06521739130434782 0.23747276688453162
0 0.22536231884057972 0.6111111111111112 0.1753623188405797 0.6427015250544663
0 0.3427536231884058 0.6089324618736384 0.16086956521739132 0.5904139433551199
0 0.46594202898550724 0.6002178649237473 0.1492753623188406 0.5555555555555556
0 0.5536231884057972 0.6100217864923748 0.14782608695652175 0.5403050108932462
0 0.6456521739130435 0.5893246187363835 0.15217391304347827 0.5599128540305012
0 0.7246376811594203 0.6176470588235294 0.15072463768115943 0.5555555555555556
0 0.8318840579710145 0.43137254901960786 0.03188405797101449 0.12200435729847496
0 0.808695652173913 0.43355119825708066 0.026086956521739132 0.10021786492374729
0 0.9268115942028986 0.4586056644880175 0.059420289855072465 0.22004357298474947
2 0.042753623188405795 0.5446623093681918 0.06811594202898551 0.14814814814814817
2 0.2992753623188406 0.7636165577342049 0.1289855072463768 0.3594771241830066
2 0.4007246376811594 0.7549019607843138 0.09710144927536232 0.35511982570806105
2 0.5152173913043478 0.7396514161220045 0.13768115942028986 0.3812636165577342
2 0.6434782608695653 0.7429193899782136 0.13623188405797101 0.4052287581699347
2 0.7797101449275362 0.7766884531590414 0.1391304347826087 0.4379084967320262
