0 0.053125000000000006 0.329520697167756 0.05625 0.0991285403050109
0 0.10546875 0.3257080610021787 0.0578125 0.10239651416122006
0 0.23046875 0.3240740740740741 0.060937500000000006 0.1056644880174292
0 0.284375 0.32843137254901966 0.059375000000000004 0.10130718954248367
0 0.3640625 0.32135076252723316 0.065625 0.11111111111111112
0 0.41484375 0.32788671023965144 0.0578125 0.10239651416122006
0 0.47187500000000004 0.32843137254901966 0.053125000000000006 0.0925925925925926
0 0.5375 0.32080610021786493 0.0625 0.10784313725490197
0 0.7601562500000001 0.32080610021786493 0.060937500000000006 0.1056644880174292
0 0.7914062500000001 0.3186274509803922 0.0578125 0.0991285403050109
0 0.82578125 0.3169934640522876 0.06406250000000001 0.10893246187363835
0 0.8445312500000001 0.32026143790849676 0.060937500000000006 0.10457516339869283
0 0.44453125000000004 0.32516339869281047 0.0546875 0.0925925925925926
2 0.037500000000000006 0.7510893246187365 0.07500000000000001 0.2821350762527233
2 0.14765625000000002 0.7576252723311547 0.11406250000000001 0.2799564270152506
2 0.27421875 0.7652505446623095 0.0859375 0.2777777777777778
2 0.47734375 0.7587145969498912 0.1484375 0.28867102396514166
2 0.6984375 0.7603485838779958 0.17500000000000002 0.28540305010893247
2 0.9265625000000001 0.7543572984749456 0.140625 0.2995642701525055
2 0.6781250000000001 0.3415032679738562 0.05 0.06862745098039216
2 0.70859375 0.329520697167756 0.0328125 0.08387799564270153
