0 0.11 0.7766355140186916 0.12 0.4429906542056075
0 0.098125 0.5962616822429907 0.18375 0.6766355140186916
0 0.16625 0.594392523364486 0.0675 0.2504672897196262
0 0.2775 0.5551401869158878 0.1 0.3663551401869159
0 0.68875 0.4710280373831776 0.1325 0.48598130841121495
2 0.32875 0.5345794392523364 0.0825 0.2953271028037383
2 0.379375 0.4719626168224299 0.08625000000000001 0.17757009345794394
2 0.2125 0.43831775700934583 0.0925 0.18878504672897198
2 0.5625 0.6401869158878505 0.1675 0.41682242990654206
2 0.574375 0.6672897196261682 0.21375 0.6616822429906543
2 0.7731250000000001 0.5093457943925234 0.12375 0.28971962616822433
2 0.9275 0.6560747663551402 0.14250000000000002 0.5495327102803739
2 0.576875 0.3280373831775701 0.04625 0.13271028037383178
2 0.601875 0.4710280373831776 0.05375 0.2205607476635514
2 0.646875 0.4280373831775701 0.04125 0.10841121495327104
2 0.45687500000000003 0.4177570093457944 0.05625 0.17009345794392525
2 0.43 0.383177570093458 0.0275 0.07850467289719626
2 0.398125 0.4261682242990654 0.04125 0.08224299065420561
