0 0.12333333333333334 0.904399323181049 0.05333333333333334 0.13705583756345177
0 0.1366666666666667 0.7698815566835872 0.043333333333333335 0.10829103214890017
0 0.24083333333333334 0.7961082910321489 0.045000000000000005 0.11675126903553298
0 0.26666666666666666 0.8003384094754653 0.06666666666666667 0.1658206429780034
0 0.34 0.8291032148900169 0.04666666666666667 0.11505922165820642
0 0.34750000000000003 0.9179357021996616 0.055 0.13705583756345177
0 0.43583333333333335 0.8333333333333333 0.065 0.16074450084602368
0 0.4591666666666667 0.8570219966159052 0.06166666666666667 0.15736040609137056
0 0.48500000000000004 0.811336717428088 0.060000000000000005 0.1505922165820643
0 0.5650000000000001 0.9340101522842639 0.04666666666666667 0.11505922165820642
0 0.6925 0.9280879864636209 0.05166666666666667 0.12690355329949238
0 0.7725000000000001 0.8798646362098138 0.055 0.14213197969543145
0 0.8008333333333334 0.9280879864636209 0.045000000000000005 0.11336717428087986
0 0.7508333333333334 0.8502538071065989 0.06166666666666667 0.15397631133671744
0 0.7383333333333334 0.817258883248731 0.023333333333333334 0.06091370558375634
0 0.6283333333333334 0.7402707275803723 0.05 0.12690355329949238
0 0.5533333333333333 0.7445008460236886 0.05 0.12521150592216582
0 0.5758333333333334 0.6269035532994923 0.04166666666666667 0.1065989847715736
0 0.5408333333333334 0.6353637901861252 0.045000000000000005 0.11675126903553298
0 0.5275000000000001 0.703891708967851 0.04166666666666667 0.10829103214890017
0 0.49750000000000005 0.7182741116751269 0.025 0.06260575296108291
0 0.3891666666666667 0.7495769881556683 0.04833333333333334 0.11844331641285956
0 0.41750000000000004 0.7571912013536378 0.045000000000000005 0.10998307952622673
0 0.32833333333333337 0.799492385786802 0.04666666666666667 0.11675126903553298
0 0.39416666666666667 0.6142131979695431 0.03166666666666667 0.08460236886632826
0 0.5125000000000001 0.5389170896785109 0.035 0.08629441624365482
0 0.8066666666666668 0.628595600676819 0.04666666666666667 0.11675126903553298
0 0.7483333333333334 0.5956006768189509 0.03333333333333333 0.08121827411167512
0 0.7325 0.6573604060913706 0.035 0.08967851099830795
0 0.6608333333333334 0.5913705583756345 0.035 0.08629441624365482
0 0.17 0.7800338409475465 0.03333333333333333 0.08460236886632826
0 0.20500000000000002 0.7749576988155668 0.03333333333333333 0.08121827411167512
0 0.5033333333333334 0.44247038917089676 0.03333333333333333 0.0829103214890017
0 0.5208333333333334 0.44839255499153974 0.03166666666666667 0.077834179357022
0 0.5383333333333333 0.4450084602368866 0.03666666666666667 0.09475465313028765
0 0.5625 0.43824027072758037 0.03166666666666667 0.077834179357022
0 0.5816666666666667 0.4365482233502538 0.04 0.09813874788494077
0 0.6025 0.4255499153976311 0.028333333333333335 0.07614213197969542
0 0.6208333333333333 0.4416243654822335 0.03166666666666667 0.08121827411167512
0 0.6433333333333334 0.44247038917089676 0.03666666666666667 0.08967851099830795
0 0.5283333333333333 0.3781725888324873 0.02 0.05583756345177665
0 0.5533333333333333 0.36971235194585444 0.02666666666666667 0.06598984771573604
0 0.6066666666666667 0.3392554991539763 0.02 0.05583756345177665
0 0.6158333333333333 0.33587140439932317 0.025 0.06260575296108291
0 0.6408333333333334 0.3333333333333333 0.018333333333333333 0.050761421319796954
0 0.6533333333333333 0.3536379018612521 0.016666666666666666 0.047377326565143825
2 0.18916666666666668 0.9052453468697124 0.07833333333333334 0.12859560067681894
2 0.48500000000000004 0.46785109983079526 0.03666666666666667 0.06937394247038917
4 0.6083333333333334 0.227580372250423 0.09333333333333334 0.1505922165820643
