0 0.14416666666666667 0.81 0.07666666666666667 0.28500000000000003
0 0.18500000000000003 0.819375 0.08 0.29375
0 0.21125000000000002 0.794375 0.07416666666666667 0.27125
0 0.26083333333333336 0.81125 0.07500000000000001 0.275
0 0.32125000000000004 0.810625 0.0825 0.30125
0 0.39958333333333335 0.808125 0.07583333333333334 0.27875
0 0.44125000000000003 0.8225 0.08583333333333334 0.3175
0 0.5 0.8225 0.085 0.3125
0 0.5716666666666667 0.8300000000000001 0.07500000000000001 0.2775
0 0.6312500000000001 0.84125 0.0775 0.28500000000000003
0 0.7000000000000001 0.790625 0.07333333333333333 0.27125
0 0.8250000000000001 0.6525 0.08333333333333334 0.3075
0 0.9758333333333334 0.709375 0.04666666666666667 0.29875
2 0.79125 0.71125 0.0625 0.17250000000000001
2 0.8983333333333334 0.706875 0.08666666666666667 0.21125
