0 0.9448529411764706 0.6400523560209425 0.04852941176470588 0.21204188481675393
0 0.9154411764705882 0.8206806282722514 0.07794117647058824 0.34293193717277487
0 0.8330882352941177 0.6714659685863875 0.039705882352941174 0.17015706806282724
0 0.75 0.6832460732984293 0.032352941176470584 0.14136125654450263
0 0.8051470588235294 0.5863874345549739 0.027941176470588233 0.13089005235602094
0 0.7735294117647059 0.5916230366492147 0.03529411764705882 0.15706806282722513
0 0.6933823529411764 0.587696335078534 0.04852941176470588 0.21204188481675393
0 0.7051470588235293 0.612565445026178 0.03676470588235294 0.16753926701570682
0 0.6433823529411765 0.7395287958115184 0.051470588235294115 0.22774869109947646
0 0.5514705882352942 0.7316753926701571 0.06470588235294117 0.2801047120418848
0 0.5720588235294117 0.6780104712041886 0.047058823529411764 0.2041884816753927
0 0.638235294117647 0.6662303664921466 0.047058823529411764 0.2068062827225131
0 0.3963235294117647 0.7578534031413613 0.057352941176470586 0.25392670157068065
0 0.4566176470588235 0.7002617801047121 0.051470588235294115 0.22251308900523561
0 0.5213235294117647 0.6963350785340314 0.04852941176470588 0.2198952879581152
0 0.1323529411764706 0.7604712041884817 0.058823529411764705 0.25392670157068065
0 0.14779411764705883 0.6348167539267016 0.025 0.10732984293193717
0 0.21029411764705883 0.6583769633507853 0.029411764705882353 0.12827225130890052
0 0.2757352941176471 0.6780104712041886 0.030882352941176472 0.14136125654450263
0 0.3235294117647059 0.6479057591623038 0.032352941176470584 0.14397905759162305
0 0.3367647058823529 0.5837696335078535 0.020588235294117647 0.09947643979057592
0 0.25220588235294117 0.6164921465968587 0.022058823529411763 0.10209424083769635
0 0.08823529411764705 0.62434554973822 0.020588235294117647 0.09162303664921466
0 0.11838235294117647 0.6348167539267016 0.01911764705882353 0.08115183246073299
0 0.054411764705882354 0.6400523560209425 0.01764705882352941 0.08638743455497383
2 0.019852941176470587 0.6479057591623038 0.025 0.06544502617801047
