0 0.9458333333333334 0.9044444444444445 0.055 0.18222222222222223
0 0.7875000000000001 0.9222222222222223 0.04166666666666667 0.14222222222222222
0 0.7283333333333334 0.9166666666666666 0.043333333333333335 0.14888888888888888
0 0.7558333333333334 0.8922222222222222 0.03166666666666667 0.10444444444444445
0 0.8841666666666668 0.8866666666666667 0.025 0.08
0 0.5891666666666667 0.9122222222222223 0.04833333333333334 0.15777777777777777
0 0.5366666666666667 0.9111111111111111 0.05 0.1688888888888889
0 0.5191666666666667 0.9 0.045000000000000005 0.14666666666666667
0 0.5633333333333334 0.8922222222222222 0.03666666666666667 0.12222222222222222
0 0.4241666666666667 0.9177777777777778 0.03833333333333334 0.1288888888888889
0 0.3841666666666667 0.9 0.04833333333333334 0.15555555555555556
0 0.42500000000000004 0.89 0.043333333333333335 0.14888888888888888
0 0.2566666666666667 0.8922222222222222 0.03666666666666667 0.11777777777777777
0 0.15000000000000002 0.8111111111111111 0.030000000000000002 0.09777777777777778
0 0.022500000000000003 0.8088888888888889 0.028333333333333335 0.09777777777777778
