0 0.11454545454545455 0.5849514563106796 0.2290909090909091 0.7864077669902912
0 0.21727272727272728 0.5182038834951456 0.11454545454545455 0.3810679611650485
0 0.28909090909090907 0.6237864077669902 0.21454545454545454 0.703883495145631
0 0.4627272727272727 0.5764563106796116 0.25272727272727274 0.8276699029126213
0 0.5727272727272728 0.31796116504854366 0.08 0.2621359223300971
0 0.6654545454545454 0.5364077669902912 0.22181818181818183 0.7233009708737863
0 0.7672727272727272 0.5461165048543689 0.26181818181818184 0.8592233009708737
0 0.9272727272727272 0.5837378640776698 0.14181818181818182 0.6820388349514562
2 0.20909090909090908 0.2779126213592233 0.05090909090909091 0.12378640776699028
2 0.17454545454545456 0.27427184466019416 0.04363636363636364 0.11650485436893203
2 0.13545454545454547 0.24635922330097085 0.02 0.07524271844660194
2 0.33636363636363636 0.28883495145631066 0.04727272727272727 0.14563106796116504
2 0.3690909090909091 0.2779126213592233 0.02909090909090909 0.11407766990291261
2 0.5009090909090909 0.2669902912621359 0.034545454545454546 0.09708737864077668
2 0.5263636363636364 0.2973300970873786 0.04181818181818182 0.09466019417475727
2 0.8472727272727273 0.2827669902912621 0.025454545454545455 0.10436893203883495
2 0.9236363636363636 0.28640776699029125 0.04 0.11650485436893203
