0 0.07416666666666667 0.5575 0.085 0.315
0 0.12250000000000001 0.55125 0.058333333333333334 0.2175
0 0.18416666666666667 0.5775 0.095 0.35000000000000003
0 0.24416666666666667 0.5387500000000001 0.06833333333333334 0.2525
0 0.37000000000000005 0.68625 0.16666666666666669 0.6075
0 0.4816666666666667 0.58 0.09666666666666668 0.36
0 0.5241666666666667 0.57875 0.07833333333333334 0.28750000000000003
0 0.5900000000000001 0.5775 0.08 0.295
0 0.6391666666666667 0.65125 0.155 0.5675
0 0.78 0.65375 0.09666666666666668 0.3525
0 0.8500000000000001 0.5875 0.09000000000000001 0.335
0 0.3116666666666667 0.5387500000000001 0.060000000000000005 0.2225
2 0.3983333333333334 0.46375 0.04666666666666667 0.1475
4 0.7375 0.48625 0.058333333333333334 0.1775
