0 0.05918367346938776 0.5874233128834356 0.0816326530612245 0.29754601226993865
0 0.07040816326530613 0.5797546012269938 0.04285714285714286 0.16564417177914112
0 0.10918367346938776 0.593558282208589 0.02653061224489796 0.10122699386503067
0 0.13775510204081634 0.5720858895705522 0.02653061224489796 0.0950920245398773
0 0.1153061224489796 0.5690184049079755 0.02653061224489796 0.0950920245398773
0 0.17142857142857143 0.5858895705521473 0.06122448979591837 0.23312883435582823
0 0.15816326530612246 0.5751533742331288 0.018367346938775512 0.0705521472392638
0 0.19183673469387758 0.5690184049079755 0.02448979591836735 0.08895705521472393
0 0.21122448979591837 0.5705521472392638 0.022448979591836737 0.07975460122699386
0 0.22040816326530616 0.5644171779141104 0.020408163265306124 0.0736196319018405
0 0.2469387755102041 0.5720858895705522 0.028571428571428574 0.11349693251533742
0 0.27040816326530615 0.5659509202453988 0.018367346938775512 0.06441717791411043
0 0.2908163265306123 0.5628834355828221 0.018367346938775512 0.07668711656441718
0 0.30306122448979594 0.5659509202453988 0.018367346938775512 0.0705521472392638
0 0.32142857142857145 0.5613496932515337 0.018367346938775512 0.0736196319018405
0 0.3377551020408164 0.5659509202453988 0.018367346938775512 0.07668711656441718
0 0.3734693877551021 0.5705521472392638 0.04489795918367347 0.17177914110429449
0 0.4142857142857143 0.5230061349693251 0.0816326530612245 0.29754601226993865
0 0.4755102040816327 0.5276073619631902 0.07755102040816328 0.2822085889570552
0 0.516326530612245 0.5214723926380368 0.07755102040816328 0.2883435582822086
0 0.5673469387755102 0.5736196319018405 0.05306122448979592 0.19631901840490798
0 0.7306122448979593 0.593558282208589 0.05714285714285715 0.2116564417177914
0 0.7867346938775511 0.584355828220859 0.07142857142857144 0.2607361963190184
0 0.9051020408163266 0.6257668711656442 0.10408163265306124 0.38650306748466257
0 0.023469387755102045 0.5690184049079755 0.022448979591836737 0.08282208588957056
4 0.6438775510204082 0.5598159509202454 0.12448979591836735 0.13803680981595093
4 0.8367346938775511 0.558282208588957 0.06938775510204082 0.12883435582822086
4 0.9653061224489797 0.5628834355828221 0.05714285714285715 0.10736196319018405
