0 0.12885662431941924 0.48500000000000004 0.1851179673321234 0.8300000000000001
0 0.20054446460980035 0.5016666666666667 0.07441016333938294 0.33666666666666667
0 0.2704174228675136 0.4966666666666667 0.1161524500907441 0.5266666666666667
0 0.3058076225045372 0.4816666666666667 0.0925589836660617 0.42333333333333334
0 0.3629764065335753 0.5033333333333334 0.1451905626134301 0.66
0 0.42286751361161523 0.49500000000000005 0.11978221415607986 0.5366666666666667
0 0.45462794918330307 0.5 0.0852994555353902 0.3866666666666667
0 0.4954627949183303 0.5116666666666667 0.08711433756805807 0.39666666666666667
0 0.5362976406533575 0.5033333333333334 0.0998185117967332 0.46
0 0.602540834845735 0.49500000000000005 0.08348457350272231 0.3766666666666667
0 0.8593466424682396 0.51 0.019963702359346643 0.08666666666666667
