0 0.10125 0.39711934156378603 0.0675 0.2674897119341564
0 0.2475 0.33539094650205764 0.03 0.11934156378600824
0 0.21 0.6337448559670782 0.17500000000000002 0.7078189300411524
0 0.30625 0.4320987654320988 0.0775 0.3209876543209877
0 0.34 0.37860082304526754 0.05 0.19753086419753088
0 0.41875 0.448559670781893 0.0825 0.34567901234567905
0 0.54 0.40534979423868317 0.065 0.2592592592592593
0 0.62125 0.42798353909465026 0.0825 0.34567901234567905
0 0.6687500000000001 0.4156378600823046 0.0725 0.29629629629629634
0 0.76875 0.5164609053497943 0.1125 0.45679012345679015
0 0.8975 0.448559670781893 0.08 0.32921810699588483
4 0.94875 0.34567901234567905 0.0975 0.19753086419753088
4 0.84375 0.3436213991769548 0.0675 0.1769547325102881
4 0.7175 0.3415637860082305 0.095 0.15637860082304528
4 0.485 0.3209876543209877 0.07 0.13168724279835392
4 0.385 0.31275720164609055 0.055 0.11522633744855967
