0 0.046641791044776115 0.6865671641791045 0.09328358208955223 0.3781094527363184
0 0.09328358208955223 0.6666666666666666 0.12686567164179105 0.42786069651741293
0 0.1623134328358209 0.6865671641791045 0.11567164179104478 0.3781094527363184
0 0.2332089552238806 0.6741293532338308 0.13059701492537312 0.43283582089552236
0 0.33955223880597013 0.6965174129353233 0.12686567164179105 0.4079601990049751
0 0.40671641791044777 0.708955223880597 0.13432835820895522 0.43283582089552236
0 0.5 0.7213930348258706 0.11940298507462686 0.3980099502487562
0 0.5914179104477612 0.7139303482587065 0.13059701492537312 0.43283582089552236
0 0.6865671641791045 0.7238805970149254 0.12686567164179105 0.4129353233830846
0 0.7910447761194029 0.7313432835820896 0.12686567164179105 0.42786069651741293
0 0.8843283582089552 0.753731343283582 0.12686567164179105 0.4129353233830846
0 0.9496268656716418 0.7437810945273632 0.09328358208955223 0.43283582089552236
