0 0.23550724637681159 0.5555555555555556 0.1289855072463768 0.47930283224400877
0 0.4420289855072464 0.547930283224401 0.2289855072463768 0.8387799564270153
0 0.6 0.477124183006536 0.06956521739130435 0.26143790849673204
0 0.3536231884057971 0.44117647058823534 0.0463768115942029 0.17647058823529413
0 0.3282608695652174 0.4607843137254902 0.030434782608695653 0.11546840958605666
0 0.34057971014492755 0.4139433551198258 0.03188405797101449 0.12200435729847496
0 0.5391304347826087 0.42047930283224405 0.043478260869565216 0.16122004357298478
0 0.5202898550724637 0.4302832244008715 0.02318840579710145 0.08932461873638345
0 0.558695652173913 0.40740740740740744 0.042028985507246375 0.1525054466230937
0 0.6210144927536232 0.4139433551198258 0.036231884057971016 0.13507625272331156
0 0.6340579710144928 0.3910675381263617 0.030434782608695653 0.11546840958605666
0 0.663768115942029 0.383442265795207 0.028985507246376812 0.10457516339869283
0 0.7369565217391304 0.3812636165577342 0.030434782608695653 0.11764705882352942
0 0.7507246376811594 0.39433551198257083 0.03188405797101449 0.11764705882352942
0 0.7949275362318841 0.38779956427015255 0.030434782608695653 0.11764705882352942
0 0.8753623188405797 0.39542483660130723 0.04927536231884058 0.1851851851851852
0 0.8905797101449275 0.39433551198257083 0.04492753623188406 0.16993464052287582
0 0.9173913043478261 0.3823529411764706 0.04057971014492753 0.15032679738562094
0 0.9050724637681159 0.4106753812636166 0.030434782608695653 0.11111111111111112
0 0.9405797101449276 0.37363834422657954 0.03768115942028986 0.1459694989106754
0 0.977536231884058 0.36819172113289766 0.042028985507246375 0.16993464052287582
0 0.9869565217391304 0.3921568627450981 0.02318840579710145 0.15686274509803924
0 0.8579710144927536 0.4150326797385621 0.026086956521739132 0.09803921568627452
2 0.1891304347826087 0.35403050108932466 0.06231884057971015 0.11546840958605666
2 0.8420289855072464 0.4052287581699347 0.020289855072463767 0.06971677559912855
