0 0.19784172661870503 0.32441113490364026 0.09928057553956834 0.3618843683083512
0 0.33884892086330937 0.3233404710920771 0.06762589928057554 0.25267665952890794
0 0.5014388489208633 0.3276231263383298 0.08776978417266187 0.3211991434689508
0 0.5453237410071943 0.24518201284796576 0.05755395683453238 0.2162740899357602
0 0.5971223021582734 0.3340471092077088 0.08057553956834533 0.2955032119914347
0 0.8057553956834532 0.30513918629550324 0.07482014388489208 0.27194860813704497
0 0.9251798561151079 0.2890792291220557 0.08920863309352518 0.32548179871520344
0 0.03381294964028777 0.21520342612419702 0.04748201438848921 0.1777301927194861
0 0.07841726618705036 0.24089935760171308 0.033093525179856115 0.12633832976445397
0 0.09352517985611511 0.23554603854389722 0.04316546762589928 0.16274089935760172
0 0.13237410071942446 0.23126338329764456 0.040287769784172665 0.15417558886509636
0 0.23309352517985613 0.21306209850107066 0.05755395683453238 0.2162740899357602
0 0.2712230215827338 0.24732334047109208 0.03884892086330936 0.14775160599571735
0 0.2906474820143885 0.23875802997858675 0.04316546762589928 0.1605995717344754
0 0.37194244604316545 0.24732334047109208 0.041726618705035974 0.15203426124197003
0 0.3827338129496403 0.24518201284796576 0.040287769784172665 0.14775160599571735
0 0.4 0.24732334047109208 0.04316546762589928 0.1605995717344754
2 0.8553956834532375 0.39186295503211993 0.07913669064748202 0.17558886509635976
2 0.9129496402877698 0.40149892933618847 0.050359712230215826 0.15203426124197003
2 0.9676258992805755 0.4261241970021413 0.0618705035971223 0.16274089935760172
