0 0.17606516290726815 0.8208333333333334 0.17418546365914786 0.28500000000000003
0 0.2907268170426065 0.8058333333333334 0.19047619047619047 0.30833333333333335
0 0.3421052631578947 0.7383333333333334 0.10025062656641603 0.16333333333333333
0 0.41102756892230574 0.7400000000000001 0.09774436090225563 0.16166666666666668
0 0.44548872180451127 0.7612500000000001 0.11403508771929824 0.18583333333333335
0 0.47681704260651625 0.73375 0.11152882205513784 0.18250000000000002
0 0.5338345864661653 0.7754166666666668 0.11027568922305764 0.18083333333333335
0 0.5588972431077694 0.7375 0.09273182957393483 0.15166666666666667
0 0.6171679197994987 0.7416666666666667 0.10150375939849623 0.165
0 0.6585213032581453 0.7570833333333333 0.12155388471177944 0.1991666666666667
0 0.8546365914786966 0.8295833333333333 0.17794486215538846 0.2891666666666667
0 0.9436090225563909 0.79 0.11027568922305764 0.19666666666666668
0 0.8677944862155388 0.6583333333333333 0.06390977443609022 0.10666666666666667
0 0.7406015037593985 0.68125 0.08771929824561403 0.14250000000000002
0 0.6666666666666666 0.6804166666666667 0.07769423558897243 0.1275
0 0.7023809523809523 0.6545833333333334 0.07644110275689223 0.12583333333333335
0 0.6322055137844611 0.65375 0.08897243107769423 0.14583333333333334
0 0.5419799498746867 0.5954166666666667 0.06140350877192982 0.09916666666666667
0 0.43421052631578944 0.6333333333333334 0.06892230576441102 0.11166666666666668
0 0.600250626566416 0.5833333333333334 0.07518796992481203 0.12166666666666667
0 0.763157894736842 0.6133333333333334 0.07017543859649122 0.11333333333333334
0 0.41604010025062654 0.5616666666666666 0.05764411027568922 0.095
0 0.3590225563909774 0.5608333333333334 0.05889724310776942 0.09833333333333334
0 0.38032581453634084 0.5220833333333333 0.05639097744360902 0.09083333333333334
0 0.3972431077694235 0.4766666666666667 0.03508771929824561 0.058333333333333334
0 0.45676691729323304 0.4716666666666667 0.041353383458646614 0.06666666666666667
0 0.47117794486215536 0.47000000000000003 0.03508771929824561 0.058333333333333334
0 0.5858395989974937 0.44958333333333333 0.03132832080200501 0.050833333333333335
0 0.6209273182957393 0.4716666666666667 0.03132832080200501 0.05
0 0.6760651629072681 0.4666666666666667 0.03383458646616541 0.055
0 0.7005012531328321 0.4529166666666667 0.03007518796992481 0.050833333333333335
0 0.7155388471177945 0.5079166666666667 0.03759398496240601 0.060833333333333336
0 0.6641604010025062 0.43875000000000003 0.03007518796992481 0.04916666666666667
0 0.6046365914786967 0.4241666666666667 0.03132832080200501 0.05
0 0.6860902255639098 0.43125 0.02882205513784461 0.0475
2 0.9104010025062657 0.71625 0.043859649122807015 0.07250000000000001
2 0.5776942355889724 0.42083333333333334 0.02756892230576441 0.02666666666666667
