0 0.09572490706319702 0.5976220275344181 0.046468401486988845 0.15644555694618273
0 0.1366171003717472 0.6007509386733417 0.05018587360594795 0.1677096370463079
0 0.18262081784386616 0.613892365456821 0.05669144981412639 0.18898623279098875
0 0.2128252788104089 0.5819774718397998 0.04275092936802974 0.14017521902377972
0 0.23234200743494424 0.5888610763454318 0.04460966542750929 0.14893617021276595
0 0.2616171003717472 0.6126408010012516 0.06598513011152415 0.21902377972465584
0 0.30343866171003714 0.5801001251564456 0.054832713754646836 0.18397997496871088
0 0.32481412639405205 0.6076345431789737 0.07527881040892193 0.24906132665832292
0 0.3652416356877323 0.5832290362953693 0.05204460966542751 0.17271589486858574
0 0.38382899628252787 0.5750938673341677 0.05018587360594795 0.1639549436795995
0 0.3986988847583643 0.5556946182728411 0.040892193308550186 0.1376720901126408
0 0.46793680297397766 0.6320400500625782 0.09200743494423791 0.30287859824780977
0 0.546003717472119 0.5969962453066333 0.07527881040892193 0.24780976220275344
0 0.5144052044609665 0.5588235294117647 0.04182156133828996 0.1414267834793492
0 0.591542750929368 0.6408010012515645 0.09944237918215613 0.327909887359199
0 0.6570631970260222 0.5775969962453067 0.05762081784386617 0.1939924906132666
0 0.6231412639405204 0.5506883604505632 0.04553903345724907 0.15269086357947434
0 0.6779739776951672 0.5519399249061326 0.05111524163568773 0.1702127659574468
0 0.7002788104089219 0.6032540675844806 0.07713754646840149 0.2553191489361702
0 0.766728624535316 0.5657071339173968 0.07434944237918215 0.24530663329161453
0 0.8178438661710037 0.6332916145181477 0.11152416356877323 0.36795994993742176
0 0.9289033457249071 0.5663329161451814 0.08085501858736059 0.2665832290362954
0 0.9614312267657992 0.6689612015018773 0.07527881040892193 0.4718397997496871
