0 0.1875 0.52125 0.15166666666666667 0.5625
0 0.6275000000000001 0.47125 0.11166666666666668 0.41250000000000003
0 0.7691666666666667 0.5375 0.13166666666666668 0.485
0 0.6941666666666667 0.41375 0.065 0.23750000000000002
0 0.4141666666666667 0.3975 0.06833333333333334 0.25
0 0.0675 0.395 0.055 0.20500000000000002
0 0.12250000000000001 0.41000000000000003 0.05166666666666667 0.195
0 0.2391666666666667 0.4025 0.055 0.21
0 0.2575 0.40875 0.045000000000000005 0.1675
0 0.315 0.41250000000000003 0.05 0.185
0 0.3741666666666667 0.40875 0.055 0.20750000000000002
0 0.4516666666666667 0.385 0.04666666666666667 0.17500000000000002
0 0.5341666666666667 0.3775 0.05166666666666667 0.19
0 0.81 0.42 0.04666666666666667 0.18
0 0.8425 0.42875 0.045000000000000005 0.17250000000000001
0 0.8641666666666667 0.4325 0.05166666666666667 0.19
0 0.8975000000000001 0.435 0.04166666666666667 0.16
0 0.9291666666666667 0.42875 0.04833333333333334 0.1825
0 0.9733333333333334 0.43125 0.05 0.1875
4 0.49083333333333334 0.3325 0.055 0.105
4 0.5766666666666667 0.355 0.060000000000000005 0.14
4 0.32333333333333336 0.31375000000000003 0.06333333333333334 0.0725
