0 0.9176776429809358 0.6012987012987013 0.1611785095320624 0.7818181818181819
0 0.8474870017331022 0.6298701298701299 0.18717504332755633 0.6883116883116883
0 0.6507798960138648 0.5961038961038961 0.16464471403812825 0.6
0 0.7157712305025996 0.574025974025974 0.14904679376083188 0.5506493506493506
0 0.5103986135181976 0.5987012987012987 0.1334488734835355 0.4909090909090909
0 0.20363951473136915 0.5883116883116883 0.14731369150779894 0.5428571428571428
2 0.15077989601386482 0.7155844155844155 0.11091854419410745 0.4649350649350649
2 0.23743500866551126 0.7116883116883117 0.0658578856152513 0.4103896103896104
2 0.2946273830155979 0.6818181818181818 0.0658578856152513 0.4077922077922078
2 0.3457538994800693 0.5454545454545454 0.03986135181975736 0.1038961038961039
2 0.38734835355285957 0.5493506493506494 0.06412478336221837 0.10649350649350649
2 0.4601386481802426 0.7116883116883117 0.08145580589254765 0.4155844155844156
2 0.5753899480069323 0.7077922077922078 0.10398613518197573 0.4077922077922078
2 0.17331022530329288 0.3155844155844156 0.09705372616984402 0.18961038961038962
2 0.2720970537261698 0.33766233766233766 0.04852686308492201 0.0987012987012987
2 0.35008665511265163 0.4064935064935065 0.04506065857885615 0.22597402597402597
2 0.4168110918544194 0.43896103896103894 0.06412478336221837 0.2077922077922078
2 0.44194107452339687 0.34675324675324676 0.05545927209705372 0.14285714285714285
2 0.4705372616984402 0.44155844155844154 0.05719237435008665 0.21298701298701297
2 0.5233968804159446 0.37272727272727274 0.05545927209705372 0.16883116883116883
2 0.57105719237435 0.43766233766233764 0.06412478336221837 0.2779220779220779
2 0.6143847487001732 0.35324675324675325 0.03292894280762565 0.11428571428571428
2 0.7642980935875217 0.7259740259740259 0.1629116117850953 0.4649350649350649
2 0.2920277296360485 0.4116883116883117 0.12305025996533794 0.22597402597402597
