0 0.0734375 0.6572916666666666 0.134375 0.4395833333333333
0 0.171875 0.659375 0.140625 0.46458333333333335
0 0.35078125000000004 0.675 0.1390625 0.45416666666666666
0 0.2984375 0.6208333333333333 0.10625000000000001 0.3458333333333333
0 0.38671875 0.60625 0.1015625 0.32916666666666666
0 0.525 0.6229166666666667 0.109375 0.3541666666666667
0 0.5609375 0.625 0.10312500000000001 0.3416666666666667
0 0.60703125 0.6385416666666667 0.1046875 0.33958333333333335
0 0.690625 0.6604166666666667 0.115625 0.3833333333333333
0 0.734375 0.628125 0.10312500000000001 0.33958333333333335
0 0.7992187500000001 0.64375 0.11093750000000001 0.36666666666666664
0 0.8539062500000001 0.59375 0.051562500000000004 0.17083333333333334
0 0.14296875 0.5729166666666666 0.08281250000000001 0.2708333333333333
0 0.253125 0.55 0.05 0.16666666666666666
