2 0.08394263217097864 0.7300688976377953 0.08970753655793026 0.3016732283464567
2 0.15059055118110237 0.7244094488188977 0.08183352080989877 0.3051181102362205
2 0.2050056242969629 0.7231791338582677 0.060179977502812156 0.3075787401574803
2 0.2675759280089989 0.7268700787401575 0.05371203599550057 0.31200787401574803
2 0.328880764904387 0.7172736220472441 0.06552305961754781 0.3312007874015748
2 0.39426321709786283 0.7234251968503936 0.05455568053993251 0.2992125984251969
2 0.45317772778402704 0.7239173228346456 0.05933633295838021 0.3021653543307087
2 0.11459505061867267 0.5708661417322834 0.060461192350956136 0.17125984251968504
2 0.12893700787401577 0.48868110236220474 0.05371203599550057 0.15255905511811024
2 0.16408886389201352 0.5748031496062992 0.0548368953880765 0.1594488188976378
2 0.18658605174353207 0.4763779527559055 0.05708661417322835 0.19783464566929135
2 0.22609673790776155 0.5748031496062992 0.05286839145106862 0.1702755905511811
2 0.2488751406074241 0.47096456692913385 0.062429696287964014 0.15551181102362205
2 0.27516872890888644 0.5642224409448818 0.060461192350956136 0.1904527559055118
2 0.3035714285714286 0.46161417322834647 0.048087739032620924 0.13976377952755906
2 0.3367547806524185 0.5492125984251969 0.062148481439820026 0.16830708661417323
2 0.36403262092238475 0.4714566929133858 0.046962879640045 0.1437007874015748
2 0.3960911136107987 0.5440452755905512 0.05596175478065243 0.18848425196850394
2 0.4163385826771654 0.47687007874015747 0.03683914510686165 0.1309055118110236
2 0.4566929133858268 0.4746555118110236 0.046119235095613054 0.13041338582677164
2 0.4520528683914511 0.5642224409448818 0.060461192350956136 0.18946850393700787
2 0.5023903262092239 0.4731791338582677 0.05033745781777278 0.14025590551181102
2 0.5142013498312712 0.5573326771653543 0.048087739032620924 0.1609251968503937
2 0.5434476940382452 0.47071850393700787 0.04977502812148482 0.1579724409448819
2 0.5672103487064117 0.5570866141732284 0.06467941507311586 0.13385826771653542
2 0.5904105736782903 0.4795767716535433 0.05033745781777278 0.15403543307086615
2 0.6377952755905513 0.4749015748031496 0.0500562429696288 0.1545275590551181
2 0.6205005624296963 0.5595472440944882 0.059898762654668175 0.14862204724409447
2 0.515888638920135 0.7138287401574803 0.06833520809898763 0.3125
2 0.579161979752531 0.7066929133858267 0.07058492688413949 0.31791338582677164
2 0.6348425196850395 0.7123523622047244 0.06439820022497189 0.3016732283464567
2 0.6971316085489314 0.7128444881889764 0.07930258717660293 0.31348425196850394
2 0.750843644544432 0.7145669291338582 0.0658042744656918 0.31496062992125984
2 0.6736501687289089 0.5489665354330708 0.05539932508436446 0.13533464566929135
2 0.6777277840269967 0.4645669291338583 0.04105736782902138 0.1466535433070866
2 0.719769403824522 0.46186023622047245 0.05258717660292464 0.15698818897637795
2 0.7204724409448819 0.5519192913385826 0.05455568053993251 0.1638779527559055
2 0.7634983127109112 0.46653543307086615 0.04105736782902138 0.13976377952755906
2 0.7692632170978628 0.5514271653543307 0.048087739032620924 0.15108267716535434
2 0.8232564679415074 0.5543799212598425 0.05146231721034871 0.15501968503937008
2 0.8083520809898763 0.47096456692913385 0.05089988751406075 0.14271653543307086
2 0.8488470191226097 0.46948818897637795 0.04865016872890889 0.1594488188976378
2 0.7999156355455569 0.703494094488189 0.0750843644544432 0.31151574803149606
2 0.8650168728908887 0.7167814960629921 0.07311586051743532 0.2947834645669291
2 0.9288526434195726 0.7125984251968503 0.09786276715410575 0.30708661417322836
2 0.8818897637795277 0.5546259842519685 0.0719910011248594 0.1466535433070866
