0 0.3891666666666667 0.6380952380952382 0.13166666666666668 0.4571428571428572
0 0.5933333333333334 0.6023809523809525 0.11666666666666667 0.40952380952380957
0 0.7891666666666667 0.630952380952381 0.13166666666666668 0.46190476190476193
0 0.8650000000000001 0.6190476190476191 0.11 0.39047619047619053
0 0.9391666666666667 0.5833333333333334 0.11833333333333335 0.42380952380952386
0 0.9650000000000001 0.29880952380952386 0.06666666666666667 0.3261904761904762
0 0.8475 0.34880952380952385 0.055 0.19285714285714287
0 0.7608333333333334 0.3190476190476191 0.06166666666666667 0.22380952380952382
0 0.8983333333333334 0.2916666666666667 0.06666666666666667 0.2404761904761905
0 0.8841666666666668 0.3452380952380953 0.058333333333333334 0.20952380952380956
0 0.18500000000000003 0.49404761904761907 0.09333333333333334 0.330952380952381
0 0.2341666666666667 0.5666666666666668 0.085 0.3047619047619048
0 0.37333333333333335 0.29285714285714287 0.09333333333333334 0.3285714285714286
0 0.9241666666666667 0.2666666666666667 0.06166666666666667 0.2142857142857143
2 0.2866666666666667 0.6178571428571429 0.13333333333333333 0.23571428571428574
2 0.48583333333333334 0.5928571428571429 0.11166666666666668 0.28095238095238095
2 0.8525 0.2392857142857143 0.045000000000000005 0.10238095238095239
2 0.7825000000000001 0.19642857142857145 0.045000000000000005 0.08333333333333334
2 0.7791666666666667 0.1285714285714286 0.055 0.06666666666666668
4 0.2808333333333333 0.12619047619047621 0.545 0.17142857142857143
