0 0.12187500000000001 0.6364583333333333 0.171875 0.5645833333333333
0 0.23671875 0.653125 0.20468750000000002 0.6645833333333333
0 0.3140625 0.6354166666666666 0.19062500000000002 0.6208333333333333
0 0.38984375000000004 0.6125 0.1296875 0.42916666666666664
0 0.47187500000000004 0.59375 0.115625 0.375
0 0.52109375 0.5770833333333333 0.1203125 0.3958333333333333
0 0.5734375 0.5854166666666667 0.096875 0.31666666666666665
0 0.67578125 0.6041666666666666 0.1234375 0.4041666666666667
0 0.63046875 0.5916666666666667 0.1171875 0.3833333333333333
0 0.77734375 0.6020833333333333 0.1265625 0.4125
0 0.8695312500000001 0.578125 0.11093750000000001 0.36875
0 0.953125 0.58125 0.09062500000000001 0.4041666666666667
0 0.7375 0.5791666666666666 0.109375 0.3541666666666667
0 0.078125 0.6302083333333334 0.15625 0.5104166666666666
2 0.6156250000000001 0.425 0.043750000000000004 0.07916666666666666
2 0.5453125 0.43124999999999997 0.03125 0.0625
2 0.49609375 0.40729166666666666 0.035937500000000004 0.07291666666666667
2 0.15859375 0.4197916666666667 0.0484375 0.15625
