0 0.02727272727272727 0.42493946731234866 0.05454545454545454 0.2929782082324455
0 0.09272727272727273 0.42372881355932207 0.06909090909090909 0.22760290556900728
0 0.14909090909090908 0.42372881355932207 0.06181818181818182 0.2033898305084746
0 0.19363636363636363 0.43099273607748184 0.09272727272727273 0.30024213075060535
0 0.25636363636363635 0.43341404358353514 0.07272727272727272 0.23728813559322035
0 0.29818181818181816 0.42493946731234866 0.05090909090909091 0.16707021791767554
0 0.31727272727272726 0.4176755447941889 0.045454545454545456 0.1476997578692494
0 0.3463636363636364 0.4213075060532688 0.03090909090909091 0.10653753026634383
0 0.4018181818181818 0.4394673123486683 0.08363636363636363 0.2736077481840194
0 0.5963636363636363 0.4322033898305085 0.08 0.26392251815980633
0 0.5527272727272727 0.4358353510895884 0.06909090909090909 0.22760290556900728
0 0.6418181818181818 0.43341404358353514 0.05090909090909091 0.16464891041162227
0 0.6663636363636364 0.42736077481840196 0.056363636363636366 0.18159806295399517
0 0.7054545454545454 0.43341404358353514 0.06181818181818182 0.20823244552058112
0 0.7527272727272727 0.4394673123486683 0.07272727272727272 0.23486682808716708
0 0.8436363636363636 0.44794188861985473 0.10545454545454545 0.34866828087167073
0 0.9445454545454546 0.4430992736077482 0.07090909090909091 0.2324455205811138
0 0.9736363636363636 0.4358353510895884 0.04909090909090909 0.19370460048426152
0 0.9127272727272727 0.43099273607748184 0.05090909090909091 0.16949152542372883
0 0.8045454545454546 0.44430992736077485 0.05272727272727273 0.1719128329297821
4 0.5118181818181818 0.414043583535109 0.06 0.15012106537530268
