0 0.14375000000000002 0.7022569444444444 0.13194444444444445 0.40104166666666663
0 0.2715277777777778 0.6024305555555555 0.0763888888888889 0.23263888888888887
0 0.30833333333333335 0.5633680555555555 0.044444444444444446 0.13715277777777776
0 0.33958333333333335 0.5520833333333333 0.04583333333333334 0.1388888888888889
0 0.08888888888888889 0.5685763888888888 0.04722222222222222 0.14756944444444445
0 0.14305555555555557 0.5381944444444444 0.02777777777777778 0.08680555555555555
0 0.4354166666666667 0.5494791666666666 0.043055555555555555 0.13715277777777776
0 0.5006944444444444 0.6397569444444444 0.09305555555555556 0.2864583333333333
0 0.5298611111111111 0.5494791666666666 0.04027777777777778 0.1267361111111111
0 0.7465277777777778 0.5859375 0.059722222222222225 0.18229166666666666
0 0.8069444444444445 0.5503472222222222 0.044444444444444446 0.13541666666666666
0 0.925 0.548611111111111 0.04166666666666667 0.1284722222222222
0 0.9756944444444445 0.548611111111111 0.04583333333333334 0.1423611111111111
0 0.9847222222222223 0.556423611111111 0.02777777777777778 0.1440972222222222
2 0.5645833333333333 0.5460069444444444 0.018055555555555557 0.06770833333333333
2 0.5888888888888889 0.556423611111111 0.030555555555555558 0.078125
