0 0.031506849315068496 0.2766990291262136 0.06301369863013699 0.13398058252427184
0 0.11506849315068493 0.32233009708737864 0.10410958904109589 0.18640776699029127
0 0.16164383561643836 0.2650485436893204 0.0547945205479452 0.09902912621359222
0 0.19726027397260273 0.2854368932038835 0.07123287671232877 0.12815533980582525
0 0.23835616438356164 0.24757281553398058 0.038356164383561646 0.07184466019417475
0 0.3041095890410959 0.3504854368932039 0.1315068493150685 0.22718446601941747
0 0.34383561643835614 0.2815533980582524 0.08493150684931507 0.15145631067961166
0 0.4191780821917808 0.2524271844660194 0.06575342465753425 0.11262135922330097
0 0.4602739726027397 0.2834951456310679 0.08767123287671233 0.15145631067961166
0 0.5356164383561643 0.3485436893203883 0.15616438356164383 0.27378640776699026
0 0.5917808219178082 0.27766990291262134 0.07671232876712329 0.1320388349514563
0 0.6452054794520548 0.3029126213592233 0.11232876712328767 0.19805825242718444
0 0.773972602739726 0.26990291262135924 0.09041095890410959 0.15922330097087378
0 0.8136986301369863 0.2553398058252427 0.07123287671232877 0.13009708737864076
0 0.8575342465753425 0.23883495145631067 0.0547945205479452 0.0970873786407767
0 0.9178082191780822 0.30679611650485433 0.12054794520547946 0.21359223300970873
0 0.13287671232876713 0.8961165048543689 0.11232876712328767 0.19999999999999998
0 0.17945205479452056 0.8864077669902912 0.12328767123287672 0.21553398058252426
0 0.056164383561643834 0.8650485436893204 0.10684931506849316 0.18446601941747573
0 0.31232876712328766 0.8757281553398057 0.1095890410958904 0.19029126213592232
0 0.38082191780821917 0.8611650485436892 0.1095890410958904 0.18834951456310678
0 0.4684931506849315 0.8805825242718446 0.12602739726027398 0.2233009708737864
0 0.5547945205479452 0.8834951456310679 0.12328767123287672 0.2174757281553398
0 0.6602739726027397 0.8766990291262136 0.09863013698630137 0.17281553398058253
0 0.7 0.8854368932038834 0.12328767123287672 0.21359223300970873
0 0.8397260273972603 0.8514563106796116 0.0958904109589041 0.17281553398058253
0 0.873972602739726 0.8766990291262136 0.12602739726027398 0.21941747572815534
0 0.9342465753424658 0.8242718446601941 0.07671232876712329 0.13398058252427184
