0 0.09000000000000001 0.645 0.18000000000000002 0.705
0 0.2725 0.67 0.17833333333333334 0.655
0 0.225 0.66 0.16666666666666669 0.615
0 0.39333333333333337 0.64375 0.18333333333333335 0.6775
0 0.55 0.65 0.17 0.63
0 0.6533333333333333 0.62125 0.14333333333333334 0.5275
0 0.7358333333333333 0.6025 0.13166666666666668 0.485
0 0.8241666666666667 0.57875 0.11166666666666668 0.40750000000000003
0 0.8641666666666667 0.5675 0.10166666666666667 0.375
0 0.9033333333333334 0.55125 0.09333333333333334 0.34750000000000003
0 0.9533333333333334 0.51375 0.09000000000000001 0.3425
0 0.9741666666666667 0.5275 0.04833333333333334 0.295
2 0.32333333333333336 0.395 0.03333333333333333 0.135
2 0.4666666666666667 0.44 0.05333333333333334 0.22
2 0.5991666666666667 0.40625 0.03833333333333334 0.11750000000000001
2 0.13 0.38875 0.04 0.1475
2 0.17666666666666667 0.37375 0.03666666666666667 0.1125
