0 0.015833333333333335 0.3328729281767956 0.03166666666666667 0.1574585635359116
0 0.05916666666666667 0.2803867403314917 0.028333333333333335 0.12430939226519336
0 0.11333333333333334 0.649171270718232 0.07 0.281767955801105
0 0.26333333333333336 0.43646408839779005 0.04 0.1602209944751381
0 0.37000000000000005 0.47790055248618785 0.05333333333333334 0.2154696132596685
0 0.42750000000000005 0.5207182320441989 0.058333333333333334 0.24033149171270718
0 0.5466666666666667 0.48066298342541436 0.05666666666666667 0.22651933701657456
0 0.7566666666666667 0.4447513812154696 0.04666666666666667 0.19889502762430938
0 0.7641666666666667 0.6961325966850829 0.07166666666666667 0.287292817679558
0 0.55 0.6533149171270718 0.05333333333333334 0.21823204419889503
2 0.08916666666666667 0.3259668508287293 0.04833333333333334 0.1270718232044199
2 0.05916666666666667 0.7693370165745856 0.115 0.20718232044198895
2 0.25083333333333335 0.4654696132596685 0.11166666666666668 0.10773480662983426
2 0.30833333333333335 0.6325966850828729 0.08333333333333334 0.17679558011049723
2 0.3716666666666667 0.6975138121546961 0.05666666666666667 0.2016574585635359
2 0.49083333333333334 0.660220994475138 0.07833333333333334 0.2044198895027624
2 0.6291666666666667 0.8743093922651933 0.11833333333333335 0.20718232044198895
3 0.8400000000000001 0.30939226519337015 0.08 0.23204419889502761
3 0.91 0.33977900552486184 0.03666666666666667 0.13259668508287292
3 0.8858333333333334 0.3259668508287293 0.03833333333333334 0.08287292817679558
3 0.775 0.33701657458563533 0.04 0.11602209944751381
