0 0.15875 0.619375 0.05916666666666667 0.21625
0 0.19416666666666668 0.578125 0.03833333333333334 0.14375000000000002
0 0.21750000000000003 0.58 0.03666666666666667 0.1375
0 0.23708333333333334 0.61625 0.05583333333333334 0.20500000000000002
0 0.27958333333333335 0.5700000000000001 0.035833333333333335 0.1325
0 0.3716666666666667 0.574375 0.03333333333333333 0.12125
0 0.45583333333333337 0.58125 0.03666666666666667 0.135
0 0.49083333333333334 0.579375 0.03333333333333333 0.12625
0 0.5095833333333334 0.596875 0.0475 0.17625
0 0.5479166666666667 0.59875 0.04916666666666667 0.18
0 0.5729166666666667 0.5806250000000001 0.03416666666666667 0.12875
0 0.58125 0.566875 0.0325 0.11875000000000001
0 0.6166666666666667 0.5775 0.03833333333333334 0.14250000000000002
