0 0.08916666666666667 0.55 0.14833333333333334 0.545
0 0.1625 0.61 0.16166666666666668 0.6
0 0.17750000000000002 0.36 0.095 0.35000000000000003
0 0.2758333333333334 0.29875 0.08166666666666667 0.2975
0 0.3091666666666667 0.275 0.06166666666666667 0.23500000000000001
0 0.40750000000000003 0.24 0.065 0.24
0 0.5 0.24 0.060000000000000005 0.22
0 0.5566666666666668 0.2325 0.07 0.265
0 0.5866666666666667 0.24875 0.06333333333333334 0.2325
0 0.6658333333333334 0.27875 0.07500000000000001 0.2775
0 0.7316666666666667 0.29625 0.08 0.2925
0 0.7583333333333334 0.25375000000000003 0.08333333333333334 0.3075
0 0.7916666666666667 0.305 0.09333333333333334 0.34
0 0.8466666666666667 0.5125 0.13 0.48
0 0.8966666666666667 0.32875 0.09000000000000001 0.3275
0 0.9791666666666667 0.1625 0.03833333333333334 0.19
0 0.9650000000000001 0.5275 0.06666666666666667 0.335
0 0.32 0.6475 0.17333333333333334 0.64
0 0.6366666666666667 0.69375 0.16 0.5925
0 0.6891666666666667 0.5525 0.15833333333333335 0.58
0 0.06166666666666667 0.47875 0.12333333333333334 0.4575
2 0.24500000000000002 0.525 0.06333333333333334 0.3
2 0.49083333333333334 0.585 0.08833333333333333 0.32
2 0.5858333333333333 0.5700000000000001 0.10833333333333334 0.295
2 0.3775 0.40625 0.07833333333333334 0.1875
2 0.40750000000000003 0.355 0.045000000000000005 0.11
2 0.4525 0.3925 0.06166666666666667 0.195
2 0.5025000000000001 0.37625000000000003 0.058333333333333334 0.2025
2 0.5566666666666668 0.37125 0.05 0.20750000000000002
2 0.6125 0.37625000000000003 0.05166666666666667 0.1975
2 0.14750000000000002 0.81875 0.2783333333333334 0.3575
