0 0.485 0.484 0.074 0.24266666666666667
0 0.34700000000000003 0.4453333333333333 0.042 0.144
0 0.974 0.47333333333333333 0.048 0.23199999999999998
0 0.9400000000000001 0.46266666666666667 0.068 0.22133333333333333
0 0.907 0.4666666666666667 0.058 0.18666666666666665
0 0.877 0.4573333333333333 0.054 0.184
0 0.8220000000000001 0.4573333333333333 0.052000000000000005 0.17333333333333334
0 0.78 0.45999999999999996 0.052000000000000005 0.17333333333333334
0 0.8 0.4533333333333333 0.056 0.18133333333333332
0 0.749 0.4533333333333333 0.05 0.16
0 0.736 0.4493333333333333 0.044 0.152
0 0.6920000000000001 0.4533333333333333 0.044 0.14933333333333332
0 0.722 0.4493333333333333 0.044 0.14666666666666667
0 0.645 0.43466666666666665 0.038 0.12266666666666666
0 0.616 0.448 0.04 0.128
0 0.595 0.43866666666666665 0.034 0.10933333333333332
0 0.581 0.436 0.038 0.12533333333333332
0 0.556 0.4533333333333333 0.028 0.10133333333333333
0 0.545 0.4333333333333333 0.034 0.12
0 0.531 0.4333333333333333 0.034 0.10933333333333332
0 0.517 0.4373333333333333 0.03 0.096
0 0.064 0.54 0.108 0.34933333333333333
4 0.209 0.424 0.23800000000000002 0.11733333333333333
4 0.40800000000000003 0.42266666666666663 0.112 0.09866666666666667
