0 0.31884057971014496 0.8469162995594715 0.017391304347826087 0.06828193832599119
0 0.3282608695652174 0.8502202643171807 0.015942028985507246 0.06607929515418502
0 0.336231884057971 0.8524229074889869 0.017391304347826087 0.07048458149779736
0 0.358695652173913 0.8447136563876653 0.015942028985507246 0.06387665198237887
0 0.3789855072463768 0.8447136563876653 0.01884057971014493 0.07268722466960353
0 0.3891304347826087 0.8469162995594715 0.015942028985507246 0.06387665198237887
0 0.40942028985507245 0.8447136563876653 0.01884057971014493 0.07709251101321586
0 0.42681159420289855 0.8458149779735684 0.021739130434782608 0.07929515418502203
0 0.486231884057971 0.8403083700440529 0.021739130434782608 0.0814977973568282
0 0.5007246376811594 0.8447136563876653 0.015942028985507246 0.06387665198237887
0 0.5739130434782609 0.8480176211453745 0.020289855072463767 0.07929515418502203
0 0.6065217391304348 0.8458149779735684 0.01884057971014493 0.0748898678414097
0 0.6891304347826087 0.9019823788546256 0.021739130434782608 0.08590308370044053
0 0.6565217391304348 0.9107929515418504 0.020289855072463767 0.0814977973568282
0 0.6152173913043478 0.9052863436123348 0.021739130434782608 0.08370044052863437
0 0.5731884057971015 0.907488986784141 0.01884057971014493 0.0748898678414097
0 0.5108695652173914 0.9030837004405288 0.021739130434782608 0.08370044052863437
0 0.2891304347826087 0.907488986784141 0.021739130434782608 0.0881057268722467
0 0.34492753623188405 0.9107929515418504 0.017391304347826087 0.06387665198237887
0 0.17971014492753623 0.9174008810572688 0.02318840579710145 0.08590308370044053
2 0.03840579710144928 0.9052863436123348 0.030434782608695653 0.07048458149779736
2 0.07971014492753624 0.9030837004405288 0.057971014492753624 0.08370044052863437
2 0.09927536231884058 0.8832599118942732 0.02753623188405797 0.052863436123348026
2 0.1318840579710145 0.9151982378854626 0.02318840579710145 0.059471365638766524
