0 0.14453125 0.5486979166666667 0.06875 0.22552083333333334
0 0.15683593750000002 0.4309895833333333 0.042578125 0.1390625
0 0.234765625 0.42343749999999997 0.0421875 0.13854166666666667
0 0.2568359375 0.4192708333333333 0.039453125000000006 0.13020833333333334
0 0.27089843750000003 0.45729166666666665 0.039453125000000006 0.12916666666666665
0 0.276953125 0.421875 0.041406250000000006 0.13541666666666666
0 0.30097656250000004 0.42864583333333334 0.035546875 0.11666666666666667
0 0.3130859375 0.56171875 0.067578125 0.2203125
0 0.3416015625 0.50859375 0.056640625 0.1859375
0 0.3689453125 0.47630208333333335 0.10117187500000001 0.3307291666666667
0 0.3376953125 0.4119791666666667 0.038671875 0.12604166666666666
0 0.4119140625 0.41901041666666666 0.042578125 0.13802083333333334
0 0.46171875 0.5575520833333333 0.07421875 0.24114583333333334
0 0.4853515625 0.5044270833333333 0.056640625 0.18385416666666665
0 0.44941406250000004 0.41015625 0.043359375000000006 0.14114583333333333
0 0.4234375 0.4197916666666667 0.0390625 0.12708333333333333
0 0.467578125 0.41744791666666664 0.035937500000000004 0.1171875
0 0.523828125 0.42135416666666664 0.03671875 0.11979166666666667
0 0.5171875 0.40963541666666664 0.03359375 0.10885416666666667
0 0.5498046875 0.4088541666666667 0.037890625000000004 0.125
0 0.556640625 0.5143229166666666 0.06171875 0.20052083333333334
0 0.6087890625000001 0.5661458333333333 0.075390625 0.24687499999999998
0 0.6121093750000001 0.4236979166666667 0.05 0.16302083333333334
0 0.6826171875 0.465625 0.071484375 0.234375
0 0.7052734375 0.5200520833333333 0.058984375000000006 0.19322916666666667
0 0.7638671875 0.5770833333333333 0.075390625 0.24479166666666666
0 0.7248046875 0.41354166666666664 0.037890625000000004 0.12395833333333334
0 0.7337890625000001 0.3815104166666667 0.019921875000000002 0.06510416666666667
0 0.7412109375 0.4127604166666667 0.042578125 0.13802083333333334
0 0.7542968750000001 0.41692708333333334 0.0421875 0.13802083333333334
0 0.7818359375 0.41562499999999997 0.040234375 0.13229166666666667
0 0.825390625 0.5169270833333334 0.06484375 0.2109375
0 0.8013671875 0.41953124999999997 0.044921875 0.14739583333333334
0 0.8248046875 0.3854166666666667 0.018359375 0.06145833333333333
0 0.8390625 0.42343749999999997 0.039843750000000004 0.13020833333333334
0 0.9677734375 0.4088541666666667 0.048828125 0.15833333333333333
0 0.9841796875000001 0.41770833333333335 0.030859375 0.12604166666666666
2 0.034960937500000004 0.4484375 0.036328125 0.10729166666666666
2 0.058007812500000006 0.4947916666666667 0.051171875000000006 0.1
2 0.0814453125 0.48463541666666665 0.037109375 0.1015625
2 0.09726562500000001 0.44375 0.02734375 0.06354166666666666
2 0.121484375 0.47369791666666666 0.029687500000000002 0.08697916666666666
2 0.2068359375 0.459375 0.038671875 0.07604166666666666
2 0.630859375 0.3692708333333333 0.0234375 0.051041666666666666
2 0.640234375 0.38125 0.017968750000000002 0.05520833333333333
2 0.6541015625000001 0.38828125 0.019921875000000002 0.034895833333333334
2 0.6492187500000001 0.440625 0.028125 0.09270833333333334
2 0.7039062500000001 0.36953125 0.015625 0.033854166666666664
2 0.7146484375000001 0.36276041666666664 0.012890625000000001 0.03177083333333333
2 0.9505859375000001 0.42994791666666665 0.019140625 0.059895833333333336
2 0.9691406250000001 0.44817708333333334 0.029687500000000002 0.08072916666666667
