0 0.4023076923076923 0.5522540983606558 0.26615384615384613 0.8668032786885246
0 0.05615384615384615 0.4528688524590164 0.1123076923076923 0.3811475409836066
0 0.11692307692307692 0.45901639344262296 0.11076923076923077 0.36475409836065575
0 0.03 0.4436475409836066 0.06 0.3627049180327869
0 0.1753846153846154 0.46618852459016397 0.12307692307692308 0.40368852459016397
0 0.2276923076923077 0.4682377049180328 0.11076923076923077 0.36680327868852464
0 0.2815384615384615 0.4774590163934426 0.11076923076923077 0.36475409836065575
0 0.5061538461538462 0.5184426229508197 0.14153846153846153 0.46311475409836067
0 0.6207692307692307 0.5276639344262295 0.13692307692307693 0.444672131147541
0 0.7115384615384616 0.5153688524590164 0.14307692307692307 0.46926229508196726
0 0.8107692307692308 0.5829918032786886 0.13538461538461538 0.4405737704918033
0 0.8084615384615385 0.5358606557377049 0.14307692307692307 0.46516393442622955
0 0.9146153846153846 0.5737704918032788 0.1676923076923077 0.5491803278688525
0 0.9446153846153846 0.569672131147541 0.1076923076923077 0.5245901639344263
0 0.9023076923076923 0.5184426229508197 0.14923076923076922 0.49180327868852464
2 0.7569230769230769 0.2930327868852459 0.055384615384615386 0.09836065573770492
2 0.8830769230769231 0.32581967213114754 0.03692307692307692 0.09426229508196722
