0 0.0663265306122449 0.6023076923076923 0.08571428571428572 0.31846153846153846
0 0.13724489795918368 0.6576923076923077 0.11734693877551021 0.4323076923076923
0 0.26071428571428573 0.5284615384615384 0.05 0.18923076923076923
0 0.28469387755102044 0.5338461538461539 0.0489795918367347 0.18153846153846154
0 0.3392857142857143 0.49615384615384617 0.02755102040816327 0.10307692307692308
0 0.3943877551020408 0.5015384615384615 0.0336734693877551 0.12923076923076923
0 0.4653061224489796 0.6592307692307692 0.11836734693877551 0.43538461538461537
0 0.43673469387755104 0.6123076923076923 0.0836734693877551 0.3076923076923077
0 0.5494897959183674 0.47692307692307695 0.01938775510204082 0.07692307692307693
0 0.5602040816326531 0.47615384615384615 0.020408163265306124 0.07538461538461538
0 0.5806122448979593 0.5130769230769231 0.04081632653061225 0.1523076923076923
0 0.613265306122449 0.5384615384615384 0.05510204081632654 0.20307692307692307
0 0.6683673469387755 0.5246153846153846 0.04285714285714286 0.16307692307692306
0 0.7209183673469388 0.5561538461538461 0.07040816326530613 0.2630769230769231
0 0.7459183673469388 0.5876923076923077 0.09183673469387756 0.3384615384615385
0 0.7867346938775511 0.5138461538461538 0.03877551020408164 0.14461538461538462
0 0.8479591836734695 0.6607692307692308 0.1163265306122449 0.4323076923076923
0 0.9576530612244899 0.5807692307692308 0.0826530612244898 0.33076923076923076
2 0.36683673469387756 0.4546153846153846 0.02755102040816327 0.06
