0 0.7067307692307693 0.630057803468208 0.1980769230769231 0.7283236994219653
0 0.4759615384615385 0.5375722543352601 0.17500000000000002 0.6473988439306358
0 0.5471153846153847 0.5173410404624277 0.10576923076923078 0.3872832369942196
0 0.1076923076923077 0.4826589595375722 0.08461538461538462 0.3179190751445087
0 0.19326923076923078 0.46965317919075145 0.08653846153846154 0.3265895953757225
0 0.01826923076923077 0.43786127167630057 0.025 0.10115606936416184
0 0.03173076923076923 0.4104046242774566 0.025 0.09248554913294797
0 0.06346153846153846 0.430635838150289 0.026923076923076925 0.10982658959537572
0 0.43173076923076925 0.46965317919075145 0.07500000000000001 0.2745664739884393
0 0.6038461538461539 0.4754335260115607 0.07692307692307693 0.28034682080924855
0 0.8250000000000001 0.4667630057803468 0.06153846153846154 0.23410404624277456
0 0.8586538461538462 0.45664739884393063 0.051923076923076926 0.1907514450867052
0 0.9 0.46531791907514447 0.05384615384615385 0.20809248554913293
0 0.9413461538461539 0.4682080924855491 0.06346153846153846 0.23121387283236994
0 0.9778846153846155 0.4682080924855491 0.04038461538461539 0.2254335260115607
2 0.5788461538461539 0.36560693641618497 0.03076923076923077 0.06647398843930635
2 0.6230769230769231 0.36705202312138724 0.026923076923076925 0.057803468208092484
