0 0.02416666666666667 0.5344418052256532 0.04833333333333334 0.19002375296912116
0 0.11166666666666668 0.5855106888361046 0.08333333333333334 0.2921615201900238
0 0.17583333333333334 0.5403800475059383 0.045000000000000005 0.15439429928741094
0 0.27 0.5166270783847982 0.043333333333333335 0.1496437054631829
0 0.39333333333333337 0.5653206650831354 0.060000000000000005 0.20902612826603326
0 0.36083333333333334 0.502375296912114 0.035 0.12114014251781473
0 0.9733333333333334 0.6163895486935868 0.05 0.29691211401425177
0 0.6133333333333334 0.5285035629453682 0.02666666666666667 0.09738717339667459
0 0.5583333333333333 0.5938242280285035 0.08666666666666667 0.2992874109263658
0 0.5158333333333334 0.5142517814726841 0.035 0.12589073634204276
0 0.6575000000000001 0.5344418052256532 0.025 0.08551068883610452
0 0.7008333333333334 0.5356294536817102 0.025 0.08788598574821853
0 0.7241666666666667 0.501187648456057 0.03166666666666667 0.11401425178147269
0 0.765 0.45605700712589076 0.023333333333333334 0.08551068883610452
2 0.3766666666666667 0.6247030878859858 0.06666666666666667 0.16152019002375298
2 0.45083333333333336 0.5771971496437055 0.06833333333333334 0.15676959619952494
2 0.4716666666666667 0.7125890736342043 0.11666666666666667 0.21852731591448932
2 0.6866666666666668 0.6769596199524941 0.13 0.1805225653206651
2 0.805 0.7600950118764846 0.12000000000000001 0.2755344418052257
2 0.91 0.6817102137767221 0.09333333333333334 0.2137767220902613
4 0.375 0.4251781472684086 0.7400000000000001 0.09026128266033255
