0 0.05089285714285714 0.4119170984455959 0.10178571428571428 0.40932642487046633
0 0.13749999999999998 0.3795336787564767 0.11428571428571428 0.4067357512953368
0 0.20803571428571427 0.42487046632124353 0.14107142857142857 0.5025906735751295
0 0.26875 0.5984455958549223 0.20535714285714285 0.7253886010362695
0 0.4294642857142857 0.4378238341968912 0.13749999999999998 0.4922279792746114
0 0.5044642857142857 0.5621761658031088 0.20535714285714285 0.7357512953367876
0 0.5669642857142857 0.5673575129533679 0.20892857142857144 0.7409326424870467
0 0.6982142857142857 0.5621761658031088 0.21785714285714286 0.7772020725388601
0 0.8035714285714285 0.30958549222797926 0.09285714285714286 0.33419689119170987
0 0.7785714285714286 0.1839378238341969 0.05714285714285714 0.20207253886010362
0 0.7214285714285714 0.2150259067357513 0.07142857142857142 0.2538860103626943
0 0.8732142857142857 0.22020725388601037 0.07857142857142857 0.2849740932642487
0 0.9035714285714286 0.20984455958549222 0.09285714285714286 0.3367875647668394
0 0.9357142857142857 0.211139896373057 0.09642857142857142 0.33937823834196895
2 0.7687499999999999 0.30958549222797926 0.07321428571428572 0.22020725388601037
2 0.8330357142857142 0.3082901554404145 0.05178571428571428 0.1917098445595855
2 0.8821428571428571 0.3238341968911917 0.08214285714285714 0.2383419689119171
2 0.9464285714285714 0.2694300518134715 0.06785714285714285 0.15025906735751296
2 0.9785714285714285 0.2927461139896373 0.039285714285714285 0.1606217616580311
4 0.22589285714285715 0.19041450777202074 0.4375 0.14248704663212436
