0 0.0642857142857143 0.507716049382716 0.1285714285714286 0.5462962962962963
0 0.14387755102040817 0.5 0.1326530612244898 0.5
0 0.21836734693877552 0.5216049382716049 0.11836734693877551 0.43827160493827155
0 0.2653061224489796 0.5154320987654321 0.12244897959183675 0.4629629629629629
0 0.3102040816326531 0.6450617283950617 0.1795918367346939 0.6666666666666666
0 0.40816326530612246 0.6419753086419753 0.1795918367346939 0.6728395061728395
0 0.5173469387755103 0.632716049382716 0.18979591836734697 0.7098765432098765
0 0.5979591836734695 0.5246913580246914 0.1142857142857143 0.42592592592592593
0 0.6459183673469389 0.5740740740740741 0.09183673469387756 0.3395061728395061
0 0.6612244897959184 0.5138888888888888 0.12244897959183675 0.45370370370370366
0 0.7459183673469388 0.5154320987654321 0.12040816326530614 0.4506172839506173
0 0.8040816326530613 0.5231481481481481 0.10612244897959185 0.39814814814814814
0 0.8744897959183674 0.5169753086419753 0.12040816326530614 0.441358024691358
0 0.939795918367347 0.5339506172839505 0.1163265306122449 0.4567901234567901
