0 0.035 0.7366666666666667 0.07 0.35000000000000003
0 0.09055555555555556 0.62 0.056666666666666664 0.2066666666666667
0 0.13722222222222222 0.62 0.07 0.2566666666666667
0 0.5811111111111111 0.5975 0.042222222222222223 0.155
0 0.6016666666666667 0.5991666666666667 0.03666666666666667 0.135
0 0.65 0.5941666666666667 0.044444444444444446 0.16833333333333333
0 0.6205555555555555 0.5991666666666667 0.04111111111111111 0.155
0 0.6772222222222222 0.5983333333333334 0.03666666666666667 0.1366666666666667
0 0.6983333333333334 0.6158333333333333 0.04777777777777778 0.17500000000000002
0 0.7177777777777777 0.6008333333333333 0.051111111111111114 0.19166666666666668
0 0.7483333333333333 0.6008333333333333 0.03888888888888889 0.14833333333333334
0 0.8744444444444445 0.5966666666666667 0.04666666666666667 0.17333333333333334
0 0.8555555555555555 0.5875 0.03111111111111111 0.115
0 0.8944444444444445 0.5983333333333334 0.03777777777777778 0.1366666666666667
0 0.9105555555555556 0.6025 0.03666666666666667 0.13833333333333334
0 0.9283333333333333 0.6000000000000001 0.034444444444444444 0.13
0 0.94 0.5975 0.04 0.14833333333333334
0 0.9755555555555555 0.6141666666666667 0.04666666666666667 0.1716666666666667
0 0.9883333333333333 0.5941666666666667 0.021111111111111112 0.13166666666666668
2 0.25166666666666665 0.64 0.05 0.12000000000000001
2 0.3377777777777778 0.6183333333333334 0.044444444444444446 0.10333333333333335
2 0.04055555555555555 0.5750000000000001 0.034444444444444444 0.08
2 0.055 0.5291666666666667 0.03 0.045000000000000005
2 0.015 0.5258333333333334 0.021111111111111112 0.06166666666666667
