0 0.08046875 0.6565836298932384 0.0859375 0.4875444839857651
0 0.17109375000000002 0.697508896797153 0.0765625 0.43416370106761565
0 0.240625 0.6814946619217082 0.078125 0.4377224199288256
0 0.30859375 0.6583629893238434 0.0765625 0.4270462633451957
0 0.37578125 0.6832740213523132 0.07968750000000001 0.44128113879003555
0 0.4421875 0.6690391459074733 0.078125 0.44128113879003555
0 0.5078125 0.6494661921708185 0.084375 0.46619217081850534
0 0.5671875000000001 0.6832740213523132 0.078125 0.43416370106761565
0 0.6218750000000001 0.6654804270462633 0.07500000000000001 0.4270462633451957
0 0.7046875 0.6779359430604982 0.07500000000000001 0.42348754448398573
0 0.7585937500000001 0.6814946619217082 0.0671875 0.3807829181494662
0 0.8148437500000001 0.6708185053380783 0.0734375 0.41637010676156583
0 0.87890625 0.6850533807829181 0.06406250000000001 0.3594306049822064
