0 0.06406250000000001 0.4145833333333333 0.018750000000000003 0.06666666666666667
0 0.10312500000000001 0.4197916666666667 0.018750000000000003 0.06875
0 0.1640625 0.409375 0.018750000000000003 0.06458333333333333
0 0.21406250000000002 0.4125 0.021875000000000002 0.075
0 0.2265625 0.4083333333333333 0.021875000000000002 0.07083333333333333
0 0.3796875 0.453125 0.028125 0.09375
0 0.39296875000000003 0.44166666666666665 0.029687500000000002 0.10416666666666667
0 0.42109375000000004 0.43333333333333335 0.0421875 0.1375
0 0.44843750000000004 0.43645833333333334 0.034375 0.11458333333333333
0 0.48828125 0.4166666666666667 0.0234375 0.08333333333333333
0 0.5437500000000001 0.44375 0.028125 0.09166666666666666
0 0.5671875000000001 0.453125 0.025 0.08541666666666667
0 0.5875 0.43854166666666666 0.037500000000000006 0.12291666666666666
0 0.60703125 0.45416666666666666 0.0328125 0.10833333333333334
0 0.6796875 0.41875 0.018750000000000003 0.06666666666666667
0 0.7117187500000001 0.41354166666666664 0.0171875 0.05625
0 0.85078125 0.40208333333333335 0.0171875 0.05416666666666667
1 0.26328125 0.40520833333333334 0.010937500000000001 0.035416666666666666
1 0.30781250000000004 0.41770833333333335 0.021875000000000002 0.07291666666666667
1 0.64609375 0.45729166666666665 0.0421875 0.14375
