0 0.21500000000000002 0.6541353383458646 0.04666666666666667 0.18045112781954886
0 0.24250000000000002 0.6917293233082706 0.055 0.20050125313283207
0 0.265 0.6654135338345865 0.043333333333333335 0.15789473684210525
0 0.31333333333333335 0.6604010025062657 0.060000000000000005 0.21804511278195488
0 0.36833333333333335 0.6641604010025062 0.05 0.19047619047619047
0 0.7341666666666667 0.8107769423558897 0.09833333333333334 0.3583959899749373
0 0.7591666666666668 0.7744360902255638 0.07833333333333334 0.2957393483709273
0 0.7858333333333334 0.7343358395989974 0.07166666666666667 0.2606516290726817
0 0.8091666666666667 0.7167919799498746 0.06833333333333334 0.2556390977443609
0 0.8391666666666667 0.7092731829573935 0.058333333333333334 0.22055137844611528
0 0.8700000000000001 0.6904761904761905 0.06666666666666667 0.24310776942355888
0 0.9275000000000001 0.7857142857142857 0.115 0.42355889724310775
