0 0.60546875 0.7399999999999999 0.1203125 0.4494117647058823
0 0.046875 0.5623529411764705 0.09375 0.4094117647058823
0 0.1125 0.5505882352941176 0.065625 0.24941176470588233
0 0.15390625000000002 0.5494117647058823 0.0671875 0.24705882352941175
0 0.08515625 0.5399999999999999 0.0578125 0.21411764705882352
2 0.634375 0.45764705882352935 0.06875 0.16705882352941176
2 0.71484375 0.4717647058823529 0.08281250000000001 0.18117647058823527
2 0.8070312500000001 0.42588235294117643 0.0578125 0.14588235294117646
3 0.8132812500000001 0.6376470588235293 0.060937500000000006 0.2117647058823529
3 0.93515625 0.6411764705882352 0.0671875 0.24235294117647058
