0 0.5146484375 0.5719869706840391 0.037109375 0.059934853420195444
0 0.5439453125 0.6703583061889251 0.0390625 0.06384364820846906
0 0.68798828125 0.6710097719869708 0.0322265625 0.053420195439739415
0 0.71826171875 0.6684039087947883 0.0341796875 0.057328990228013035
0 0.74365234375 0.6661237785016287 0.0361328125 0.05928338762214984
0 0.74267578125 0.6205211726384365 0.0244140625 0.04104234527687296
0 0.765625 0.6283387622149837 0.029296875 0.04755700325732899
0 0.78515625 0.6749185667752443 0.03515625 0.057328990228013035
0 0.80029296875 0.6778501628664495 0.0302734375 0.0501628664495114
0 0.8056640625 0.6553745928338762 0.03125 0.05211726384364821
0 0.81640625 0.6736156351791531 0.037109375 0.059934853420195444
0 0.84033203125 0.6690553745928339 0.0341796875 0.057328990228013035
0 0.8681640625 0.6690553745928339 0.03515625 0.057328990228013035
0 0.88623046875 0.6612377850162867 0.0341796875 0.056026058631921824
0 0.92138671875 0.6433224755700326 0.0263671875 0.04495114006514658
0 0.8759765625 0.641042345276873 0.033203125 0.05472312703583062
0 0.83447265625 0.9602605863192183 0.0458984375 0.07557003257328991
0 0.892578125 0.9742671009771987 0.029296875 0.04755700325732899
2 0.73828125 0.9736156351791532 0.044921875 0.051465798045602605
2 0.8017578125 0.9778501628664495 0.056640625 0.04169381107491857
2 0.71435546875 0.9850162866449512 0.0498046875 0.026058631921824105
2 0.63427734375 0.9833876221498372 0.0615234375 0.02931596091205212
2 0.38818359375 0.9824104234527687 0.0693359375 0.028664495114006518
