0 0.3618556701030928 0.5240641711229946 0.04329896907216495 0.2834224598930481
0 0.4365979381443299 0.5187165775401069 0.04639175257731959 0.2994652406417112
0 0.4597938144329897 0.4839572192513369 0.03917525773195876 0.2566844919786096
0 0.5237113402061856 0.624331550802139 0.07010309278350516 0.4411764705882353
0 0.4809278350515464 0.4679144385026738 0.03608247422680413 0.23529411764705882
0 0.5108247422680412 0.4411764705882353 0.029896907216494847 0.1978609625668449
0 0.5979381443298969 0.5093582887700534 0.04536082474226804 0.29679144385026734
0 0.6293814432989691 0.5467914438502673 0.060824742268041236 0.39304812834224595
0 0.6675257731958762 0.5120320855614973 0.0443298969072165 0.28074866310160423
0 0.7010309278350516 0.5080213903743315 0.051546391752577324 0.3262032085561497
0 0.722680412371134 0.4799465240641711 0.03505154639175258 0.22727272727272727
0 0.7551546391752577 0.5120320855614973 0.04639175257731959 0.30213903743315507
0 0.8164948453608247 0.5601604278074866 0.051546391752577324 0.32352941176470584
0 0.9175257731958764 0.5387700534759358 0.04948453608247423 0.31283422459893045
0 0.8917525773195877 0.5133689839572192 0.03917525773195876 0.2459893048128342
0 0.843298969072165 0.5414438502673796 0.051546391752577324 0.32352941176470584
