0 0.067 0.5210843373493976 0.07 0.25903614457831325
0 0.026000000000000002 0.480421686746988 0.04 0.1536144578313253
0 0.151 0.5647590361445783 0.074 0.2801204819277109
0 0.228 0.572289156626506 0.088 0.3313253012048193
0 0.183 0.46536144578313254 0.034 0.13554216867469882
0 0.258 0.46385542168674704 0.036000000000000004 0.13253012048192772
0 0.28200000000000003 0.46837349397590367 0.044 0.1716867469879518
0 0.34 0.588855421686747 0.116 0.4246987951807229
0 0.40800000000000003 0.5210843373493976 0.068 0.24698795180722893
0 0.44 0.47138554216867473 0.044 0.1716867469879518
0 0.46900000000000003 0.4487951807228916 0.038 0.14457831325301207
0 0.496 0.4548192771084338 0.04 0.14457831325301207
0 0.535 0.5316265060240964 0.074 0.2801204819277109
0 0.612 0.46385542168674704 0.056 0.20481927710843376
0 0.5760000000000001 0.4533132530120482 0.036000000000000004 0.13554216867469882
0 0.636 0.44578313253012053 0.04 0.15060240963855423
0 0.669 0.5436746987951807 0.08600000000000001 0.32228915662650603
0 0.362 0.45180722891566266 0.032 0.12048192771084337
2 0.707 0.4819277108433735 0.046 0.13855421686746988
2 0.766 0.4879518072289157 0.04 0.16265060240963855
2 0.8320000000000001 0.4668674698795181 0.044 0.14457831325301207
2 0.88 0.4427710843373494 0.024 0.08433734939759037
2 0.9 0.46385542168674704 0.04 0.0963855421686747
2 0.9410000000000001 0.4563253012048193 0.042 0.08132530120481928
2 0.978 0.4743975903614458 0.036000000000000004 0.11144578313253013
2 0.984 0.40813253012048195 0.02 0.057228915662650606
2 0.922 0.4066265060240964 0.036000000000000004 0.07228915662650603
2 0.72 0.39759036144578314 0.032 0.07228915662650603
2 0.75 0.3855421686746988 0.032 0.060240963855421686
2 0.771 0.39457831325301207 0.018000000000000002 0.060240963855421686
