0 0.35416666666666663 0.4674707602339181 0.039473684210526314 0.13084795321637427
0 0.375 0.4462719298245614 0.03618421052631579 0.11769005847953215
0 0.3887061403508772 0.4506578947368421 0.038377192982456135 0.12646198830409355
0 0.4046052631578947 0.4758771929824561 0.02412280701754386 0.0804093567251462
0 0.4265350877192982 0.48282163742690054 0.03399122807017543 0.11038011695906433
0 0.42626096491228066 0.4396929824561403 0.03234649122807017 0.10599415204678361
0 0.4473684210526315 0.49122807017543857 0.03289473684210526 0.1067251461988304
0 0.4638157894736842 0.4788011695906432 0.05482456140350877 0.17982456140350878
0 0.4915021929824561 0.4462719298245614 0.038925438596491224 0.12792397660818713
0 0.5049342105263157 0.45577485380116955 0.03289473684210526 0.10891812865497075
0 0.5120614035087719 0.4301900584795321 0.01644736842105263 0.056286549707602336
0 0.5205592105263157 0.4649122807017544 0.041118421052631575 0.13304093567251463
0 0.534265350877193 0.506578947368421 0.042214912280701754 0.1388888888888889
0 0.5583881578947368 0.5007309941520468 0.07510964912280702 0.24415204678362573
0 0.6241776315789473 0.5058479532163742 0.09046052631578946 0.29678362573099415
0 0.7464364035087719 0.5614035087719298 0.10800438596491227 0.3508771929824561
0 0.7743969298245613 0.5116959064327485 0.07730263157894736 0.2529239766081871
0 0.7993421052631579 0.48757309941520466 0.06140350877192982 0.2002923976608187
0 0.8045504385964912 0.516812865497076 0.04769736842105263 0.15497076023391812
0 0.9004934210526315 0.4809941520467836 0.04769736842105263 0.15497076023391812
0 0.9174890350877193 0.48684210526315785 0.05646929824561403 0.18421052631578946
0 0.9495614035087718 0.4820906432748538 0.0625 0.20394736842105263
