0 0.124 0.621987951807229 0.18 0.6656626506024097
0 0.362 0.6521084337349398 0.116 0.4367469879518073
0 0.494 0.6445783132530121 0.1 0.3734939759036145
0 0.5720000000000001 0.6445783132530121 0.092 0.3433734939759036
0 0.618 0.6430722891566265 0.08 0.3042168674698795
0 0.673 0.6475903614457832 0.066 0.24698795180722893
0 0.748 0.6445783132530121 0.052000000000000005 0.1927710843373494
0 0.778 0.6551204819277109 0.04 0.1536144578313253
0 0.812 0.6596385542168675 0.044 0.16265060240963855
0 0.8290000000000001 0.6506024096385542 0.034 0.12650602409638556
0 0.846 0.6536144578313253 0.032 0.12650602409638556
0 0.867 0.6566265060240964 0.026000000000000002 0.10240963855421688
0 0.923 0.6521084337349398 0.026000000000000002 0.09939759036144578
0 0.9470000000000001 0.6536144578313253 0.03 0.11445783132530121
