0 0.0859375 0.5689102564102564 0.12620192307692307 0.41346153846153844
0 0.23317307692307693 0.5592948717948718 0.12740384615384617 0.41346153846153844
0 0.3551682692307693 0.6169871794871795 0.15985576923076925 0.5192307692307692
0 0.4254807692307693 0.5568910256410257 0.12259615384615385 0.4022435897435897
0 0.4597355769230769 0.5689102564102564 0.12860576923076925 0.41666666666666663
0 0.5486778846153847 0.609775641025641 0.171875 0.5625
0 0.584735576923077 0.5384615384615384 0.11658653846153846 0.3782051282051282
0 0.9026442307692308 0.5825320512820512 0.1466346153846154 0.4823717948717949
0 0.9549278846153847 0.5985576923076923 0.08774038461538462 0.5048076923076923
0 0.7283653846153847 0.5649038461538461 0.1201923076923077 0.3958333333333333
0 0.11538461538461539 0.5608974358974359 0.12740384615384617 0.4198717948717949
2 0.6478365384615385 0.43269230769230765 0.07451923076923077 0.13141025641025642
2 0.8407451923076924 0.4302884615384615 0.07572115384615385 0.16506410256410256
2 0.4987980769230769 0.3886217948717949 0.05288461538461539 0.07532051282051282
2 0.2530048076923077 0.4342948717948718 0.054086538461538464 0.14423076923076922
