0 0.07243589743589744 0.44891944990176813 0.08333333333333333 0.31630648330058936
0 0.017948717948717947 0.43320235756385067 0.035897435897435895 0.22593320235756384
0 0.14551282051282052 0.44597249508840864 0.0858974358974359 0.3222003929273084
0 0.2512820512820513 0.4754420432220039 0.11282051282051282 0.4204322200392927
0 0.28205128205128205 0.3742632612966601 0.07435897435897436 0.2770137524557957
0 0.34935897435897434 0.3831041257367387 0.06538461538461539 0.24754420432220037
0 0.3769230769230769 0.3585461689587426 0.04871794871794872 0.18271119842829076
0 0.4493589743589744 0.4518664047151277 0.11666666666666667 0.43614931237721016
0 0.5769230769230769 0.5717092337917485 0.18717948717948718 0.7033398821218074
0 0.8320512820512821 0.5157170923379174 0.1564102564102564 0.5874263261296659
0 0.6602564102564102 0.3222003929273084 0.04358974358974359 0.16895874263261296
0 0.6211538461538462 0.3447937131630648 0.05 0.18664047151277013
0 0.6794871794871795 0.3192534381139489 0.038461538461538464 0.14341846758349705
0 0.7076923076923077 0.331041257367387 0.038461538461538464 0.15127701375245578
0 0.7237179487179487 0.3261296660117878 0.03974358974358974 0.15324165029469547
0 0.7814102564102564 0.2868369351669941 0.029487179487179487 0.11001964636542239
0 0.9025641025641026 0.4165029469548133 0.09487179487179487 0.36149312377210213
0 0.3967948717948718 0.3565815324165029 0.04230769230769231 0.1630648330058939
0 0.9544871794871795 0.48231827111984277 0.08846153846153847 0.6424361493123771
2 0.8615384615384616 0.2583497053045187 0.041025641025641026 0.1473477406679764
2 0.941025641025641 0.27897838899803534 0.04871794871794872 0.15324165029469547
