0 0.1032064128256513 0.7305389221556887 0.07414829659318636 0.2694610778443114
0 0.21342685370741482 0.7425149700598803 0.07414829659318636 0.2694610778443114
0 0.2725450901803607 0.7544910179640719 0.06412825651302605 0.23952095808383234
0 0.3286573146292585 0.7574850299401198 0.06412825651302605 0.23952095808383234
0 0.38476953907815625 0.7574850299401198 0.06412825651302605 0.23952095808383234
0 0.42384769539078154 0.7544910179640719 0.07014028056112225 0.2574850299401198
0 0.48396793587174347 0.7634730538922156 0.058116232464929855 0.2155688622754491
0 0.5551102204408818 0.7544910179640719 0.0721442885771543 0.2634730538922156
0 0.6663326653306613 0.7485029940119761 0.07414829659318636 0.2754491017964072
0 0.7064128256513026 0.7709580838323353 0.058116232464929855 0.2125748502994012
0 0.5961923847695391 0.7559880239520959 0.07014028056112225 0.25449101796407186
0 0.7555110220440882 0.7470059880239521 0.08016032064128256 0.2904191616766467
0 0.7975951903807614 0.7649700598802396 0.06412825651302605 0.23652694610778444
0 0.8897795591182364 0.7664670658682635 0.06412825651302605 0.23353293413173654
0 0.9719438877755511 0.7619760479041917 0.052104208416833664 0.23652694610778444
2 0.7775551102204408 0.7604790419161677 0.04008016032064128 0.2574850299401198
4 0.3076152304609218 0.6302395209580839 0.08216432865731463 0.08682634730538923
4 0.7344689378757514 0.6332335329341318 0.10220440881763526 0.08682634730538923
