0 0.5081818181818182 0.723433242506812 0.14727272727272728 0.547683923705722
0 0.14727272727272728 0.7397820163487738 0.12363636363636364 0.44959128065395093
0 0.038181818181818185 0.7384196185286104 0.07636363636363637 0.5068119891008174
0 0.24272727272727274 0.6989100817438691 0.09636363636363636 0.3623978201634877
0 0.3054545454545455 0.6730245231607629 0.08363636363636363 0.30517711171662126
0 0.33545454545454545 0.656675749318801 0.07090909090909091 0.2615803814713896
0 0.9345454545454546 0.7384196185286104 0.12727272727272726 0.5013623978201635
0 0.8327272727272728 0.7329700272479563 0.11636363636363636 0.4250681198910082
0 0.7863636363636364 0.7057220708446866 0.1 0.3651226158038147
0 0.7318181818181818 0.670299727520436 0.07818181818181819 0.29427792915531337
3 0.5136363636363637 0.35013623978201636 0.02727272727272727 0.12261580381471389
4 0.38545454545454544 0.6525885558583105 0.07636363636363637 0.2534059945504087
4 0.22727272727272727 0.5299727520435967 0.3927272727272727 0.06811989100817438
4 0.7672727272727272 0.5245231607629428 0.44727272727272727 0.11171662125340599
4 0.46 0.5081743869209809 0.08363636363636363 0.07356948228882834
