0 0.15794979079497906 0.5488958990536278 0.1317991631799163 0.4921135646687697
0 0.31171548117154807 0.5646687697160883 0.1631799163179916 0.6056782334384858
0 0.3912133891213389 0.5410094637223974 0.1213389121338912 0.45741324921135645
0 0.7458158995815899 0.5899053627760252 0.16527196652719664 0.6056782334384858
0 0.7060669456066945 0.5457413249211356 0.12343096234309622 0.45425867507886436
0 0.42154811715481166 0.5488958990536278 0.03556485355648535 0.138801261829653
0 0.4445606694560669 0.5520504731861199 0.03556485355648535 0.13249211356466878
0 0.48640167364016734 0.555205047318612 0.03138075313807531 0.12618296529968454
0 0.5648535564853556 0.5141955835962145 0.05857740585774058 0.21451104100946372
0 0.47594142259414224 0.5173501577287066 0.05230125523012552 0.19558359621451105
0 0.44246861924686187 0.501577287066246 0.05648535564853556 0.20820189274447948
0 0.6150627615062761 0.5252365930599369 0.05857740585774058 0.22397476340694006
0 0.6589958158995816 0.5126182965299685 0.06694560669456066 0.24921135646687698
0 0.8472803347280334 0.5583596214511041 0.050209205020920494 0.1892744479495268
0 0.8943514644351463 0.5536277602523659 0.05648535564853556 0.21766561514195584
0 0.9612970711297071 0.5268138801261829 0.07322175732217573 0.31545741324921134
0 0.9341004184100418 0.528391167192429 0.0606694560669456 0.22397476340694006
0 0.5920502092050208 0.5205047318611987 0.05439330543933054 0.20820189274447948
2 0.8043933054393305 0.5504731861198738 0.06903765690376569 0.167192429022082
4 0.4822175732217573 0.41324921135646686 0.15690376569037656 0.0694006309148265
4 0.8723849372384936 0.4337539432176656 0.1715481171548117 0.12302839116719243
