0 0.41240478781284007 0.42903752039151716 0.1458106637649619 0.5350734094616639
0 0.32698585418933623 0.4265905383360522 0.10554951033732318 0.3866231647634584
0 0.2774755168661589 0.43148450244698205 0.07834602829162132 0.29200652528548127
0 0.19640914036996737 0.49265905383360525 0.15342763873775844 0.5644371941272431
0 0.7878128400435256 0.4184339314845025 0.036996735582154515 0.13866231647634586
0 0.7334058759521219 0.4086460032626428 0.036996735582154515 0.13539967373572595
0 0.6779107725788901 0.40293637846655794 0.036996735582154515 0.13376835236541598
0 0.6099020674646355 0.399673735725938 0.042437431991294884 0.15660685154975532
0 0.5603917301414582 0.4037520391517129 0.0544069640914037 0.19738988580750408
0 0.4738846572361262 0.39314845024469824 0.046789989118607184 0.16965742251223492
0 0.500544069640914 0.399673735725938 0.03917301414581066 0.1435562805872757
0 0.5310119695321002 0.38254486133768356 0.03917301414581066 0.14192495921696574
0 0.04896626768226333 0.4453507340946167 0.056583242655059846 0.20554649265905384
0 0.09085963003264418 0.40456769983686786 0.06637649619151252 0.24143556280587278
0 0.025027203482045703 0.42169657422512236 0.05005440696409141 0.24306688417618272
0 0.8237214363438521 0.4070146818923328 0.041349292709466814 0.15171288743882547
0 0.8454842219804135 0.40456769983686786 0.041349292709466814 0.15660685154975532
2 0.11371055495103373 0.35889070146818924 0.11643090315560392 0.15986949429037522
2 0.36561479869423286 0.4143556280587276 0.026115342763873776 0.20228384991843393
4 0.6425462459194777 0.3964110929853181 0.055495103373231776 0.1370309951060359
4 0.7040261153427639 0.40456769983686786 0.030467899891186073 0.1272430668841762
4 0.7589771490750816 0.40946166394779776 0.04026115342763874 0.1272430668841762
