0 0.19416666666666668 0.66125 0.18166666666666667 0.6725
0 0.0425 0.5375 0.085 0.35000000000000003
0 0.10916666666666668 0.53625 0.095 0.34750000000000003
0 0.2841666666666667 0.5337500000000001 0.095 0.34750000000000003
0 0.33166666666666667 0.5575 0.1 0.375
0 0.3716666666666667 0.5125 0.07 0.255
0 0.54 0.64875 0.17 0.6225
0 0.48000000000000004 0.5875 0.11 0.405
0 0.6683333333333333 0.57125 0.11 0.4025
0 0.7891666666666667 0.66 0.16166666666666668 0.595
0 0.7391666666666667 0.59 0.13833333333333334 0.515
0 0.9008333333333334 0.555 0.125 0.455
4 0.5975 0.4825 0.07166666666666667 0.225
4 0.41250000000000003 0.48875 0.06833333333333334 0.1825
