0 0.2971768202080238 0.45545657015590196 0.1961367013372957 0.7193763919821826
0 0.4806835066864784 0.4821826280623608 0.2451708766716196 0.9020044543429844
0 0.7845468053491828 0.3485523385300668 0.1812778603268945 0.665924276169265
0 0.6968796433878157 0.2951002227171492 0.09806835066864784 0.3585746102449888
0 0.6575037147102526 0.2661469933184855 0.1025260029717682 0.38084632516703787
0 0.5683506686478454 0.27839643652561247 0.09658246656760772 0.35634743875278396
0 0.21693907875185733 0.26280623608017817 0.06240713224368499 0.22717149220489977
0 0.1812778603268945 0.26057906458797325 0.05943536404160475 0.21826280623608016
0 0.11218424962852896 0.25278396436525613 0.0638930163447251 0.23830734966592426
0 0.3588410104011887 0.26837416481069043 0.0638930163447251 0.23385300668151446
1 0.3803863298662704 0.22828507795100222 0.04457652303120356 0.16258351893095768
2 0.03640416047548291 0.388641425389755 0.06983655274888559 0.5590200445434298
