0 0.195 0.6024096385542169 0.146 0.536144578313253
0 0.08 0.569277108433735 0.132 0.49397590361445787
0 0.432 0.6671686746987953 0.176 0.6536144578313253
0 0.358 0.5075301204819277 0.084 0.3102409638554217
0 0.648 0.5632530120481928 0.116 0.43373493975903615
0 0.58 0.4879518072289157 0.076 0.28915662650602414
0 0.713 0.49698795180722893 0.094 0.3433734939759036
0 0.882 0.5737951807228916 0.14400000000000002 0.533132530120482
0 0.756 0.4412650602409639 0.052000000000000005 0.1957831325301205
0 0.78 0.4231927710843374 0.048 0.18373493975903615
0 0.528 0.44728915662650603 0.06 0.21987951807228917
0 0.167 0.4774096385542169 0.07 0.2560240963855422
0 0.036000000000000004 0.45783132530120485 0.068 0.25903614457831325
0 0.028 0.5587349397590362 0.056 0.39457831325301207
0 0.975 0.4789156626506024 0.046 0.28915662650602414
0 0.835 0.4533132530120482 0.054 0.20783132530120482
2 0.263 0.4171686746987952 0.078 0.18373493975903615
2 0.273 0.38253012048192775 0.054 0.10843373493975904
2 0.393 0.40210843373493976 0.058 0.12951807228915663
2 0.509 0.4292168674698795 0.10200000000000001 0.18373493975903615
2 0.612 0.43373493975903615 0.044 0.18072289156626506
2 0.6900000000000001 0.3870481927710844 0.044 0.10542168674698796
4 0.33 0.44427710843373497 0.052000000000000005 0.213855421686747
