0 0.03625 0.5761278195488722 0.0725 0.4605263157894737
0 0.075625 0.5028195488721804 0.15125 0.5657894736842105
0 0.12687500000000002 0.6268796992481203 0.11875000000000001 0.44172932330827064
0 0.15812500000000002 0.5197368421052632 0.15625 0.5733082706766917
0 0.263125 0.6400375939849624 0.12625 0.4680451127819549
0 0.356875 0.6268796992481203 0.13125 0.4830827067669173
0 0.294375 0.56296992481203 0.14625 0.5394736842105263
0 0.43875000000000003 0.6983082706766917 0.1225 0.45300751879699247
0 0.438125 0.5695488721804511 0.17375000000000002 0.6428571428571428
0 0.495 0.450187969924812 0.1525 0.5657894736842105
0 0.5625 0.7368421052631579 0.1325 0.4849624060150376
0 0.6225 0.6597744360902256 0.1525 0.5639097744360901
0 0.71875 0.7546992481203008 0.1325 0.48684210526315785
0 0.7937500000000001 0.7406015037593985 0.14 0.5150375939849624
0 0.910625 0.7161654135338346 0.15125 0.556390977443609
0 0.948125 0.787593984962406 0.10125 0.4172932330827067
0 0.94625 0.5845864661654135 0.105 0.575187969924812
0 0.8375 0.5281954887218044 0.16 0.5902255639097744
2 0.17250000000000001 0.30921052631578944 0.07 0.325187969924812
2 0.055 0.2020676691729323 0.08750000000000001 0.2725563909774436
2 0.41000000000000003 0.28477443609022557 0.0775 0.25
2 0.61125 0.3580827067669173 0.0775 0.343984962406015
2 0.7175 0.36184210526315785 0.1125 0.3139097744360902
