0 0.123 0.5900900900900901 0.106 0.38738738738738737
0 0.06 0.551051051051051 0.092 0.34534534534534533
0 0.384 0.5870870870870871 0.1 0.36336336336336333
0 0.299 0.545045045045045 0.09 0.3333333333333333
0 0.245 0.5195195195195195 0.078 0.2882882882882883
0 0.201 0.524024024024024 0.066 0.24324324324324323
0 0.028 0.38738738738738737 0.048 0.18018018018018017
0 0.467 0.524024024024024 0.066 0.24924924924924924
0 0.556 0.53003003003003 0.08 0.2972972972972973
0 0.593 0.487987987987988 0.058 0.2132132132132132
0 0.666 0.503003003003003 0.06 0.22522522522522523
0 0.735 0.47897897897897895 0.05 0.1891891891891892
0 0.79 0.47297297297297297 0.044 0.17117117117117117
0 0.8280000000000001 0.466966966966967 0.044 0.15915915915915915
0 0.85 0.4519519519519519 0.036000000000000004 0.14114114114114115
0 0.869 0.4444444444444444 0.03 0.12012012012012012
0 0.96 0.4264264264264264 0.02 0.08408408408408408
0 0.976 0.4219219219219219 0.024 0.09309309309309309
0 0.516 0.484984984984985 0.052000000000000005 0.19519519519519518
0 0.645 0.466966966966967 0.042 0.15915915915915915
2 0.267 0.36486486486486486 0.026000000000000002 0.057057057057057055
2 0.295 0.35435435435435436 0.026000000000000002 0.04204204204204204
2 0.32 0.35735735735735735 0.02 0.036036036036036036
2 0.35000000000000003 0.36186186186186187 0.036000000000000004 0.04504504504504504
2 0.383 0.36336336336336333 0.022 0.04204204204204204
2 0.406 0.36186186186186187 0.016 0.03903903903903904
2 0.427 0.36486486486486486 0.022 0.03903903903903904
2 0.46 0.3708708708708709 0.024 0.03903903903903904
4 0.915 0.43093093093093093 0.078 0.07507507507507508
4 0.7020000000000001 0.47147147147147145 0.044 0.18618618618618618
