0 0.491970802919708 0.5759911894273129 0.20437956204379562 0.7555066079295155
0 0.39124087591240875 0.5396475770925111 0.18102189781021896 0.669603524229075
0 0.27956204379562044 0.5264317180616741 0.17372262773722627 0.643171806167401
0 0.1656934306569343 0.5792951541850221 0.1678832116788321 0.6167400881057269
0 0.0656934306569343 0.5220264317180617 0.1313868613138686 0.5770925110132159
0 0.5700729927007299 0.5022026431718062 0.17372262773722627 0.643171806167401
0 0.6613138686131387 0.5154185022026432 0.16934306569343063 0.6299559471365639
0 0.6890510948905109 0.6002202643171807 0.21313868613138684 0.7863436123348019
0 0.8138686131386861 0.5748898678414097 0.19416058394160582 0.7180616740088106
0 0.9467153284671532 0.5044052863436124 0.10364963503649634 0.669603524229075
0 0.8467153284671532 0.4625550660792952 0.16934306569343063 0.6211453744493393
0 0.9335766423357663 0.4229074889867842 0.12992700729927006 0.6387665198237886
2 0.07007299270072992 0.8634361233480177 0.14014598540145984 0.26872246696035246
2 0.17737226277372262 0.8524229074889869 0.1240875912408759 0.27312775330396477
2 0.02773722627737226 0.2323788546255507 0.05547445255474452 0.2180616740088106
2 0.08905109489051094 0.2654185022026432 0.09635036496350365 0.26211453744493396
2 0.17956204379562044 0.31718061674008813 0.09343065693430656 0.2511013215859031
2 0.15693430656934307 0.19603524229074892 0.10072992700729927 0.19823788546255508
2 0.23722627737226276 0.223568281938326 0.09781021897810219 0.21365638766519826
2 0.33868613138686127 0.26211453744493396 0.10218978102189781 0.28634361233480177
2 0.38102189781021895 0.1563876651982379 0.07591240875912408 0.18061674008810574
2 0.454014598540146 0.2588105726872247 0.08467153284671532 0.1828193832599119
2 0.4642335766423357 0.17290748898678415 0.09343065693430656 0.17841409691629959
2 0.5605839416058394 0.1288546255506608 0.10218978102189781 0.14317180616740088
2 0.5605839416058394 0.20594713656387667 0.09927007299270073 0.20925110132158592
2 0.648905109489051 0.19933920704845817 0.0948905109489051 0.2577092511013216
2 0.718978102189781 0.23568281938325994 0.07737226277372262 0.22026431718061676
2 0.7737226277372262 0.2246696035242291 0.06715328467153284 0.23348017621145375
4 0.14452554744525548 0.09471365638766521 0.10510948905109488 0.18502202643171808
4 0.41605839416058393 0.09471365638766521 0.39999999999999997 0.18942731277533043
4 0.8708029197080291 0.12555066079295155 0.13284671532846715 0.23348017621145375
