0 0.4127272727272727 0.5202702702702703 0.13818181818181818 0.5
0 0.13636363636363635 0.5486486486486487 0.13454545454545455 0.4972972972972973
0 0.04090909090909091 0.5351351351351352 0.08181818181818182 0.3945945945945946
0 0.05454545454545454 0.5040540540540541 0.10545454545454545 0.3918918918918919
0 0.2109090909090909 0.44594594594594594 0.06545454545454546 0.24324324324324326
0 0.32272727272727275 0.43513513513513513 0.05272727272727273 0.1945945945945946
0 0.7481818181818182 0.4783783783783784 0.09272727272727273 0.33513513513513515
0 0.8127272727272727 0.45270270270270274 0.09090909090909091 0.33783783783783783
0 0.8390909090909091 0.5256756756756757 0.12181818181818181 0.4513513513513514
0 0.9163636363636364 0.5391891891891892 0.14181818181818182 0.5216216216216216
0 0.9409090909090909 0.5797297297297298 0.11454545454545455 0.6243243243243244
2 0.0809090909090909 0.3648648648648649 0.045454545454545456 0.07027027027027027
2 0.27636363636363637 0.37972972972972974 0.04363636363636364 0.15405405405405406
2 0.889090909090909 0.4702702702702703 0.05454545454545454 0.3891891891891892
3 0.5018181818181818 0.47972972972972977 0.08727272727272728 0.21891891891891893
3 0.5654545454545454 0.3418918918918919 0.04727272727272727 0.07297297297297298
3 0.6172727272727273 0.36081081081081084 0.038181818181818185 0.08378378378378379
3 0.22272727272727272 0.3567567567567568 0.08181818181818182 0.21621621621621623
