0 0.14888888888888888 0.6516666666666667 0.13777777777777778 0.5033333333333334
0 0.042222222222222223 0.5216666666666667 0.04888888888888889 0.18333333333333335
0 0.07555555555555556 0.5233333333333333 0.05333333333333333 0.19333333333333336
0 0.19333333333333333 0.53 0.044444444444444446 0.17333333333333334
0 0.29888888888888887 0.6016666666666667 0.14444444444444443 0.53
0 0.32555555555555554 0.6050000000000001 0.11777777777777777 0.43000000000000005
0 0.3655555555555556 0.5900000000000001 0.07777777777777778 0.29333333333333333
0 0.4088888888888889 0.5933333333333334 0.10666666666666666 0.4
0 0.4588888888888889 0.5833333333333334 0.09111111111111111 0.34
0 0.5044444444444445 0.5233333333333333 0.08444444444444445 0.32
0 0.5388888888888889 0.5916666666666667 0.07777777777777778 0.2833333333333333
0 0.5666666666666667 0.5650000000000001 0.07555555555555556 0.27666666666666667
0 0.6111111111111112 0.5800000000000001 0.07555555555555556 0.2866666666666667
0 0.8166666666666667 0.675 0.1711111111111111 0.6366666666666667
2 0.9188888888888889 0.46166666666666667 0.06888888888888889 0.12333333333333334
2 0.89 0.335 0.08222222222222222 0.15000000000000002
4 0.7011111111111111 0.55 0.15333333333333332 0.22
