0 0.48875 0.5742481203007519 0.225 0.8289473684210525
0 0.8093750000000001 0.5864661654135338 0.19625 0.7218045112781954
0 0.36375 0.43609022556390975 0.0925 0.3383458646616541
0 0.925625 0.375 0.058750000000000004 0.21616541353383456
2 0.06125 0.5009398496240601 0.085 0.2274436090225564
2 0.11875000000000001 0.4830827067669173 0.085 0.20300751879699247
2 0.966875 0.4398496240601504 0.06375 0.15413533834586465
4 0.17375000000000002 0.4238721804511278 0.325 0.2199248120300752
4 0.39875 0.2988721804511278 0.1875 0.10150375939849623
4 0.6843750000000001 0.40977443609022557 0.18125 0.24436090225563908
