0 0.56841046277666 0.3338257016248154 0.1790744466800805 0.3220088626292467
0 0.7505030181086519 0.3293943870014771 0.18511066398390344 0.33087149187592324
0 0.9134808853118713 0.3257016248153619 0.16901408450704228 0.3323485967503693
0 0.18712273641851107 0.7503692762186116 0.22937625754527166 0.41063515509601184
0 0.39537223340040245 0.7703101920236337 0.20724346076458755 0.3766617429837519
0 0.2545271629778672 0.7836041358936485 0.18309859154929578 0.32644017725258495
0 0.6177062374245473 0.6528803545051699 0.08853118712273643 0.15952732644017725
0 0.7072434607645876 0.6499261447562777 0.08651911468812878 0.1565731166912851
0 0.7927565392354126 0.6499261447562777 0.07243460764587525 0.1329394387001477
0 0.8631790744466802 0.6469719350073856 0.07645875251509054 0.14180206794682423
0 0.5442655935613683 0.8596750369276219 0.11066398390342053 0.1979320531757755
0 0.5764587525150906 0.8707533234859676 0.09456740442655936 0.16986706056129985
0 0.6609657947686117 0.8685376661742984 0.09456740442655936 0.16838995568685378
0 0.7364185110663984 0.8574593796159528 0.07645875251509054 0.14032496307237816
0 0.8199195171026158 0.8589364844903988 0.08651911468812878 0.15509601181683902
0 0.864185110663984 0.8596750369276219 0.0744466800804829 0.1329394387001477
0 0.9255533199195172 0.8463810930576071 0.07645875251509054 0.14180206794682423
0 0.7917505030181087 0.844165435745938 0.07042253521126761 0.1255539143279173
2 0.8158953722334005 0.18980797636632202 0.10261569416498995 0.07533234859675038
2 0.5925553319919518 0.9062038404726737 0.15090543259557346 0.11078286558345643
