0 0.06198347107438017 0.6334876543209876 0.12396694214876033 0.5787037037037037
0 0.0878099173553719 0.5316358024691358 0.09710743801652894 0.35648148148148145
0 0.14772727272727273 0.49459876543209874 0.07231404958677687 0.2638888888888889
0 0.2231404958677686 0.5648148148148148 0.11363636363636365 0.41975308641975306
0 0.25413223140495866 0.5216049382716049 0.07644628099173553 0.28086419753086417
0 0.315599173553719 0.6658950617283951 0.18078512396694216 0.6589506172839505
0 0.37086776859504134 0.5308641975308641 0.08677685950413223 0.3179012345679012
0 0.4550619834710744 0.5933641975308641 0.1291322314049587 0.470679012345679
0 0.5330578512396694 0.5640432098765432 0.09297520661157024 0.34104938271604934
0 0.6007231404958678 0.5339506172839505 0.07128099173553719 0.2623456790123457
0 0.6807851239669421 0.673611111111111 0.17355371900826447 0.6342592592592592
0 0.9106404958677686 0.570216049382716 0.0878099173553719 0.3194444444444444
0 0.943698347107438 0.6373456790123456 0.10020661157024793 0.37037037037037035
0 0.7071280991735538 0.6126543209876543 0.16632231404958678 0.6080246913580246
