0 0.8032258064516129 0.587378640776699 0.2129032258064516 0.7961165048543689
0 0.5516129032258065 0.6820388349514562 0.16129032258064516 0.5970873786407767
0 0.6080645161290322 0.6092233009708737 0.1774193548387097 0.6650485436893203
0 0.6854838709677419 0.529126213592233 0.12580645161290321 0.4757281553398058
0 0.4564516129032258 0.6334951456310679 0.15161290322580645 0.5679611650485437
0 0.3758064516129032 0.5728155339805825 0.13870967741935483 0.5145631067961165
0 0.3225806451612903 0.49999999999999994 0.13548387096774195 0.4951456310679611
0 0.1064516129032258 0.4029126213592233 0.06451612903225806 0.23300970873786406
0 0.2725806451612903 0.4927184466019417 0.11290322580645161 0.4223300970873786
4 0.12741935483870967 0.43932038834951453 0.24838709677419354 0.3252427184466019
