0 0.5130784708249497 0.2902511078286559 0.05633802816901409 0.10487444608567209
0 0.6096579476861167 0.3072378138847858 0.11670020120724348 0.21270310192023634
0 0.6730382293762576 0.28286558345642543 0.03420523138832998 0.06646971935007386
0 0.7454728370221329 0.327178729689808 0.1348088531187123 0.24667651403249632
0 0.11871227364185112 0.8116691285081241 0.164989939637827 0.29985228951255544
0 0.20321931589537226 0.7725258493353029 0.2052313883299799 0.3722304283604136
0 0.35714285714285715 0.7658788774002955 0.19517102615694168 0.3500738552437223
0 0.454728370221328 0.7806499261447564 0.12474849094567406 0.22304283604135894
0 0.6096579476861167 0.7481536189069424 0.11267605633802819 0.20531757754800592
0 0.6901408450704226 0.7326440177252586 0.09255533199195172 0.16838995568685378
0 0.7293762575452717 0.7178729689807977 0.07847082494969819 0.14180206794682423
0 0.7826961770623743 0.6868537666174299 0.07645875251509054 0.1358936484490399
0 0.8822937625754528 0.6816838995568686 0.07042253521126761 0.12850812407680945
0 0.699195171026157 0.6824224519940916 0.0744466800804829 0.13884785819793205
0 0.437625754527163 0.6794682422451994 0.0744466800804829 0.13884785819793205
0 0.278672032193159 0.7134416543574594 0.06639839034205232 0.1240768094534712
0 0.3792756539235413 0.723781388478582 0.06639839034205232 0.12112259970457903
4 0.18108651911468815 0.2806499261447563 0.27364185110663986 0.11816838995568686
4 0.4054325955734407 0.2776957163958641 0.1750503018108652 0.09158050221565732
