0 0.934375 0.5141065830721003 0.05625 0.21316614420062696
0 0.8729166666666667 0.5909090909090909 0.0875 0.3228840125391849
0 0.8104166666666667 0.6300940438871473 0.1 0.37617554858934166
0 0.709375 0.5297805642633229 0.06875 0.26332288401253917
0 0.571875 0.713166144200627 0.14375 0.5297805642633229
0 0.3416666666666667 0.5862068965517241 0.10416666666666667 0.3887147335423197
0 0.22604166666666667 0.5172413793103449 0.08125 0.30094043887147337
0 0.14375 0.47178683385579934 0.0625 0.24137931034482757
0 0.103125 0.43887147335423193 0.05625 0.20689655172413793
0 0.29791666666666666 0.45768025078369906 0.058333333333333334 0.21943573667711597
0 0.3854166666666667 0.4952978056426332 0.07083333333333333 0.2695924764890282
0 0.45625 0.4404388714733542 0.04583333333333333 0.1786833855799373
0 0.54375 0.4733542319749216 0.07083333333333333 0.25705329153605017
0 0.5708333333333333 0.5564263322884012 0.0875 0.3228840125391849
0 0.6885416666666666 0.47021943573667707 0.052083333333333336 0.2006269592476489
0 0.9666666666666667 0.5783699059561128 0.04583333333333333 0.17241379310344826
0 0.9697916666666666 0.5297805642633229 0.052083333333333336 0.18808777429467083
4 0.14479166666666665 0.3510971786833856 0.28125 0.13793103448275862
