0 0.07532051282051282 0.5277777777777778 0.060897435897435896 0.20512820512820515
0 0.009615384615384616 0.5192307692307693 0.019230769230769232 0.11111111111111112
0 0.12019230769230768 0.5299145299145299 0.07692307692307693 0.25641025641025644
0 0.22516025641025642 0.5320512820512822 0.046474358974358976 0.15811965811965814
0 0.2764423076923077 0.5352564102564104 0.10096153846153846 0.33119658119658124
0 0.34935897435897434 0.5331196581196582 0.060897435897435896 0.20299145299145302
0 0.37900641025641024 0.5277777777777778 0.04006410256410256 0.13675213675213677
0 0.484775641025641 0.5373931623931625 0.1298076923076923 0.42521367521367526
0 0.5841346153846154 0.5405982905982907 0.04326923076923077 0.1452991452991453
0 0.6169871794871795 0.5438034188034189 0.05769230769230769 0.1901709401709402
0 0.6610576923076923 0.5470085470085471 0.08814102564102563 0.2948717948717949
0 0.6939102564102564 0.5384615384615385 0.04807692307692307 0.1623931623931624
0 0.7652243589743589 0.5363247863247864 0.0689102564102564 0.23076923076923078
0 0.8477564102564102 0.5438034188034189 0.0641025641025641 0.20726495726495728
4 0.907051282051282 0.5363247863247864 0.07692307692307693 0.09401709401709403
4 0.8157051282051282 0.5341880341880343 0.041666666666666664 0.07692307692307693
4 0.7275641025641025 0.5438034188034189 0.041666666666666664 0.061965811965811975
4 0.5496794871794871 0.5384615384615385 0.041666666666666664 0.05982905982905984
4 0.1794871794871795 0.530982905982906 0.05769230769230769 0.057692307692307696
