0 0.14200000000000002 0.696 0.164 0.5333333333333333
0 0.17500000000000002 0.62 0.11 0.36533333333333334
0 0.243 0.58 0.098 0.3173333333333333
0 0.309 0.5853333333333333 0.094 0.312
0 0.372 0.6146666666666667 0.088 0.2906666666666667
0 0.41600000000000004 0.5599999999999999 0.164 0.5333333333333333
0 0.531 0.584 0.08600000000000001 0.288
0 0.622 0.576 0.08 0.2613333333333333
0 0.662 0.6093333333333333 0.1 0.328
0 0.729 0.536 0.062 0.20266666666666666
0 0.773 0.5333333333333333 0.066 0.21333333333333332
0 0.811 0.6226666666666666 0.11800000000000001 0.3813333333333333
2 0.723 0.6106666666666667 0.05 0.16
2 0.6940000000000001 0.45599999999999996 0.032 0.06933333333333333
