0 0.03 0.35270049099836337 0.028421052631578948 0.10638297872340426
0 0.053684210526315786 0.32242225859247137 0.027368421052631577 0.10474631751227496
0 0.2557894736842105 0.6783960720130934 0.031578947368421054 0.11947626841243864
0 0.3852631578947368 0.7201309328968903 0.029473684210526315 0.11129296235679215
0 0.11052631578947368 0.10801963993453356 0.029473684210526315 0.11129296235679215
0 0.13842105263157894 0.16448445171849427 0.028421052631578948 0.10638297872340426
0 0.3463157894736842 0.18576104746317512 0.027368421052631577 0.10965630114566285
0 0.4205263157894737 0.14484451718494273 0.028421052631578948 0.11292962356792144
0 0.40578947368421053 0.34369885433715225 0.02631578947368421 0.10474631751227496
0 0.5457894736842105 0.7782324058919804 0.03263157894736842 0.1260229132569558
0 0.6257894736842106 0.7495908346972177 0.028421052631578948 0.10801963993453356
0 0.6973684210526315 0.8518821603927987 0.028421052631578948 0.11292962356792144
0 0.8910526315789473 0.9075286415711948 0.028421052631578948 0.10965630114566285
0 0.9610526315789474 0.5834697217675942 0.029473684210526315 0.11292962356792144
0 0.751578947368421 0.369885433715221 0.027368421052631577 0.10801963993453356
0 0.6894736842105263 0.41734860883797054 0.02526315789473684 0.10147299509001637
0 0.71 0.49345335515548283 0.02 0.07692307692307693
0 0.7389473684210526 0.563011456628478 0.029473684210526315 0.11456628477905074
0 0.6768421052631579 0.3576104746317512 0.02526315789473684 0.09983633387888707
0 0.6668421052631579 0.2872340425531915 0.024210526315789474 0.09328968903436989
0 0.65 0.18085106382978725 0.028421052631578948 0.10638297872340426
0 0.6963157894736842 0.18985270049099837 0.024210526315789474 0.0916530278232406
0 0.6810526315789474 0.10556464811783961 0.023157894736842106 0.08674304418985271
1 0.2094736842105263 0.8240589198036007 0.027368421052631577 0.10965630114566285
1 0.828421052631579 0.49427168576104746 0.02526315789473684 0.10147299509001637
