0 0.154 0.7600401606425702 0.017333333333333333 0.06224899598393574
0 0.16666666666666666 0.7590361445783131 0.016 0.0642570281124498
0 0.19533333333333333 0.7560240963855421 0.012 0.04618473895582329
0 0.22533333333333333 0.7921686746987951 0.029333333333333333 0.11044176706827308
0 0.26866666666666666 0.7951807228915662 0.03333333333333333 0.1285140562248996
0 0.17933333333333332 0.7489959839357428 0.009333333333333332 0.040160642570281124
0 0.434 0.7700803212851405 0.017333333333333333 0.06224899598393574
0 0.474 0.7710843373493975 0.02 0.07228915662650602
0 0.304 0.7740963855421686 0.016 0.058232931726907626
0 0.9406666666666667 0.7761044176706826 0.036 0.13855421686746985
0 0.896 0.7570281124497992 0.024 0.08835341365461846
0 0.9139999999999999 0.753012048192771 0.017333333333333333 0.0682730923694779
0 0.8513333333333333 0.7630522088353413 0.02 0.07630522088353413
0 0.8073333333333333 0.7650602409638554 0.022666666666666665 0.08835341365461846
0 0.7746666666666666 0.752008032128514 0.016 0.06224899598393574
0 0.756 0.7710843373493975 0.026666666666666665 0.10441767068273092
0 0.718 0.7861445783132529 0.017333333333333333 0.07028112449799197
0 0.708 0.7670682730923694 0.024 0.08835341365461846
0 0.7253333333333333 0.7751004016064257 0.018666666666666665 0.0682730923694779
0 0.6793333333333333 0.7670682730923694 0.022666666666666665 0.08433734939759036
0 0.6466666666666666 0.7600401606425702 0.024 0.09437751004016064
0 0.6286666666666666 0.7580321285140561 0.025333333333333333 0.09839357429718874
0 0.6053333333333333 0.7640562248995983 0.026666666666666665 0.09839357429718874
0 0.5926666666666667 0.7489959839357428 0.014666666666666666 0.06024096385542168
0 0.5833333333333333 0.7550200803212851 0.014666666666666666 0.056224899598393566
0 0.564 0.7650602409638554 0.024 0.08835341365461846
0 0.5479999999999999 0.7499999999999999 0.013333333333333332 0.0502008032128514
0 0.5413333333333333 0.753012048192771 0.016 0.06024096385542168
0 0.5253333333333333 0.753012048192771 0.016 0.0642570281124498
0 0.49866666666666665 0.7620481927710843 0.021333333333333333 0.07831325301204818
0 0.48266666666666663 0.7590361445783131 0.018666666666666665 0.07630522088353413
2 0.298 0.7911646586345381 0.03333333333333333 0.1004016064257028
4 0.352 0.7429718875502007 0.15466666666666667 0.048192771084337345
4 0.524 0.752008032128514 0.16 0.07028112449799197
