0 0.229736328125 0.6365110246433203 0.05419921875 0.17704280155642022
0 0.28515625 0.6329442282749675 0.0595703125 0.19455252918287938
0 0.424072265625 0.6368352788586251 0.03662109375 0.11932555123216601
0 0.521240234375 0.6371595330739299 0.04150390625 0.13553826199740596
0 0.916259765625 0.6384565499351491 0.03271484375 0.10830090791180284
0 0.883544921875 0.6442931258106355 0.02978515625 0.09792477302204929
0 0.866455078125 0.6429961089494163 0.04541015625 0.14850843060959792
0 0.84375 0.6452658884565499 0.0322265625 0.10376134889753566
0 0.803955078125 0.664396887159533 0.02587890625 0.08625162127107652
0 0.75927734375 0.6416990920881971 0.041015625 0.13424124513618677
0 0.73681640625 0.6429961089494163 0.033203125 0.10959792477302205
0 0.710693359375 0.6248378728923476 0.04931640625 0.16147859922178986
0 0.604248046875 0.6342412451361867 0.03662109375 0.12062256809338522
2 0.312255859375 0.6222438391699092 0.02001953125 0.07457846952010376
2 0.30126953125 0.6060311284046692 0.0185546875 0.048638132295719845
2 0.61865234375 0.6297016861219196 0.029296875 0.1219195849546044
2 0.759033203125 0.5736057068741893 0.02392578125 0.031776913099870296
2 0.785888671875 0.6491569390402075 0.02001953125 0.10894941634241245
2 0.80322265625 0.6050583657587548 0.03515625 0.06614785992217899
2 0.819091796875 0.6630998702983139 0.02783203125 0.0654993514915694
2 0.89404296875 0.6280804150453956 0.01953125 0.0888456549935149
2 0.87548828125 0.7752918287937743 0.244140625 0.427367055771725
