0 0.060000000000000005 0.6884272997032641 0.09666666666666668 0.42729970326409494
0 0.12583333333333335 0.6646884272997033 0.095 0.42136498516320475
0 0.18916666666666668 0.6958456973293768 0.08166666666666667 0.3531157270029674
0 0.26833333333333337 0.6869436201780416 0.09000000000000001 0.3887240356083086
0 0.305 0.6706231454005935 0.08666666666666667 0.3857566765578635
0 0.34 0.6750741839762612 0.08 0.3531157270029674
0 0.3875 0.6706231454005935 0.08833333333333333 0.3857566765578635
0 0.4316666666666667 0.6706231454005935 0.09000000000000001 0.39762611275964393
0 0.4708333333333334 0.6632047477744807 0.095 0.41246290801186947
0 0.5066666666666667 0.6780415430267063 0.08333333333333334 0.3649851632047478
0 0.5483333333333333 0.655786350148368 0.09000000000000001 0.39169139465875374
0 0.5825 0.6706231454005935 0.09166666666666667 0.4035608308605341
0 0.6575000000000001 0.6735905044510386 0.085 0.36795252225519287
0 0.6900000000000001 0.6795252225519288 0.08333333333333334 0.3620178041543027
0 0.7475 0.6973293768545994 0.09166666666666667 0.4035608308605341
0 0.8541666666666667 0.6943620178041543 0.08166666666666667 0.3620178041543027
0 0.8933333333333334 0.701780415430267 0.08 0.3531157270029674
0 0.9241666666666667 0.6750741839762612 0.085 0.3768545994065282
0 0.9641666666666667 0.6780415430267063 0.06833333333333334 0.370919881305638
0 0.7941666666666667 0.6780415430267063 0.09166666666666667 0.40059347181008903
2 0.6216666666666667 0.6750741839762612 0.05 0.40059347181008903
2 0.7633333333333334 0.5341246290801187 0.03333333333333333 0.0771513353115727
