0 0.06716417910447761 0.7299107142857142 0.11940298507462686 0.5223214285714285
0 0.13557213930348258 0.7611607142857142 0.10199004975124377 0.45982142857142855
0 0.22014925373134328 0.7366071428571428 0.11194029850746269 0.5
0 0.28233830845771146 0.7522321428571428 0.09701492537313433 0.43303571428571425
0 0.34950248756218905 0.734375 0.11194029850746269 0.48660714285714285
0 0.44154228855721395 0.7209821428571428 0.11691542288557213 0.5133928571428571
0 0.48134328358208955 0.7232142857142857 0.11194029850746269 0.5
0 0.554726368159204 0.7299107142857142 0.1144278606965174 0.5133928571428571
0 0.6243781094527363 0.7522321428571428 0.1044776119402985 0.46875
0 0.6878109452736318 0.7276785714285714 0.11691542288557213 0.5089285714285714
0 0.7524875621890547 0.7165178571428571 0.11691542288557213 0.5223214285714285
0 0.7922885572139303 0.734375 0.09701492537313433 0.42410714285714285
2 0.1853233830845771 0.7566964285714285 0.04228855721393035 0.4508928571428571
2 0.31592039800995025 0.5669642857142857 0.04975124378109452 0.15178571428571427
2 0.5920398009950248 0.5714285714285714 0.03980099502487562 0.09821428571428571
2 0.7151741293532338 0.53125 0.03731343283582089 0.08928571428571427
2 0.021144278606965175 0.7790178571428571 0.04228855721393035 0.39732142857142855
