0 0.10891812865497075 0.5780346820809248 0.09502923976608187 0.45664739884393063
0 0.22002923976608185 0.5679190751445087 0.0891812865497076 0.43641618497109824
0 0.2777777777777778 0.6069364161849711 0.09941520467836257 0.48554913294797686
0 0.3925438596491228 0.5708092485549132 0.08625730994152046 0.42485549132947975
0 0.45614035087719296 0.5982658959537572 0.09649122807017543 0.4624277456647399
0 0.5394736842105263 0.5606936416184971 0.08771929824561403 0.42774566473988435
0 0.6593567251461988 0.5968208092485549 0.09941520467836257 0.4826589595375722
0 0.7185672514619883 0.5722543352601156 0.0891812865497076 0.43352601156069365
0 0.827485380116959 0.5924855491329479 0.09941520467836257 0.48554913294797686
0 0.891812865497076 0.5679190751445087 0.0935672514619883 0.453757225433526
