0 0.41875 0.695244055068836 0.11916666666666667 0.43929912390488113
0 0.5133333333333334 0.6733416770963705 0.13 0.4806007509386734
0 0.5583333333333333 0.4230287859824781 0.043333333333333335 0.15769712140175218
0 0.59875 0.41802252816020025 0.04083333333333333 0.15018773466833543
0 0.6341666666666667 0.5688360450563205 0.085 0.3141426783479349
0 0.67625 0.6020025031289111 0.10250000000000001 0.3779724655819775
0 0.44583333333333336 0.509386733416771 0.06166666666666667 0.22528160200250313
0 0.3916666666666667 0.6514392991239049 0.09333333333333334 0.344180225281602
2 0.33875 0.4737171464330413 0.03416666666666667 0.10888610763454318
2 0.3766666666666667 0.46495619524405507 0.04833333333333334 0.11389236545682103
2 0.39208333333333334 0.42428035043804757 0.030833333333333334 0.09011264080100126
2 0.4216666666666667 0.40300375469336674 0.025 0.09011264080100126
2 0.405 0.36545682102628285 0.030000000000000002 0.04755944931163955
2 0.4504166666666667 0.38110137672090116 0.035833333333333335 0.08385481852315395
2 0.4783333333333334 0.434918648310388 0.021666666666666667 0.07634543178973717
2 0.49250000000000005 0.38172715894868586 0.03166666666666667 0.0851063829787234
2 0.5154166666666667 0.425531914893617 0.05416666666666667 0.1051314142678348
2 0.5075000000000001 0.3617021276595745 0.021666666666666667 0.05006257822277847
2 0.5325000000000001 0.37734668335419275 0.028333333333333335 0.06633291614518148
2 0.5816666666666667 0.418648310387985 0.02 0.1439299123904881
2 0.5879166666666668 0.3848560700876095 0.029166666666666667 0.08135168961201503
