0 0.07477678571428571 0.5575396825396826 0.06026785714285714 0.2738095238095238
0 0.10825892857142856 0.49007936507936506 0.046875 0.21825396825396826
0 0.22433035714285712 0.6944444444444444 0.07366071428571429 0.31746031746031744
0 0.4185267857142857 0.5634920634920635 0.06473214285714285 0.2936507936507936
0 0.3716517857142857 0.501984126984127 0.046875 0.2103174603174603
0 0.33147321428571425 0.376984126984127 0.046875 0.20634920634920634
0 0.4743303571428571 0.35317460317460314 0.04241071428571428 0.18253968253968253
0 0.5279017857142857 0.40277777777777773 0.04241071428571428 0.1865079365079365
0 0.5524553571428571 0.4186507936507936 0.046875 0.21825396825396826
0 0.5859375 0.49206349206349204 0.046875 0.21428571428571427
0 0.6261160714285714 0.5376984126984127 0.06026785714285714 0.2579365079365079
0 0.6104910714285714 0.3492063492063492 0.04241071428571428 0.18253968253968253
0 0.5870535714285714 0.21825396825396826 0.026785714285714284 0.12698412698412698
0 0.6116071428571428 0.2242063492063492 0.026785714285714284 0.11507936507936507
0 0.6551339285714285 0.376984126984127 0.04241071428571428 0.19047619047619047
0 0.6852678571428571 0.4186507936507936 0.049107142857142856 0.2103174603174603
0 0.75 0.6091269841269841 0.07142857142857142 0.3134920634920635
0 0.984375 0.14484126984126983 0.026785714285714284 0.11507936507936507
0 0.9787946428571428 0.10912698412698413 0.024553571428571428 0.10714285714285714
0 0.9308035714285714 0.12896825396825395 0.017857142857142856 0.08333333333333333
0 0.8638392857142857 0.2698412698412698 0.026785714285714284 0.11904761904761904
2 0.125 0.40277777777777773 0.04464285714285714 0.19444444444444442
2 0.140625 0.33134920634920634 0.03125 0.1468253968253968
2 0.34598214285714285 0.41666666666666663 0.040178571428571425 0.18253968253968253
2 0.6395089285714285 0.9265873015873015 0.15848214285714285 0.1388888888888889
2 0.8783482142857142 0.9206349206349206 0.08705357142857142 0.15079365079365079
2 0.7611607142857142 0.5277777777777778 0.05357142857142857 0.2857142857142857
2 0.7366071428571428 0.4186507936507936 0.05357142857142857 0.1388888888888889
2 0.7589285714285714 0.2718253968253968 0.03125 0.09126984126984126
2 0.7879464285714285 0.2857142857142857 0.03125 0.11904761904761904
2 0.8325892857142857 0.2996031746031746 0.03571428571428571 0.13095238095238093
2 0.8939732142857142 0.2222222222222222 0.02901785714285714 0.07142857142857142
2 0.8950892857142857 0.3115079365079365 0.02232142857142857 0.13095238095238093
2 0.9274553571428571 0.3194444444444444 0.04241071428571428 0.0992063492063492
2 0.9631696428571428 0.3234126984126984 0.02901785714285714 0.10714285714285714
