0 0.09263392857142856 0.7043650793650793 0.055803571428571425 0.24206349206349204
0 0.18526785714285712 0.7003968253968254 0.049107142857142856 0.22619047619047616
0 0.2823660714285714 0.6924603174603174 0.046875 0.2103174603174603
0 0.35825892857142855 0.6746031746031745 0.046875 0.20634920634920634
0 0.5524553571428571 0.6666666666666666 0.04241071428571428 0.19047619047619047
0 0.5959821428571428 0.6984126984126984 0.05357142857142857 0.23015873015873015
0 0.6696428571428571 0.6607142857142857 0.040178571428571425 0.17063492063492064
0 0.6986607142857143 0.6984126984126984 0.05803571428571428 0.26190476190476186
0 0.7366071428571428 0.6666666666666666 0.03571428571428571 0.16666666666666666
0 0.7801339285714285 0.6626984126984127 0.033482142857142856 0.15873015873015872
0 0.8147321428571428 0.6468253968253967 0.040178571428571425 0.1746031746031746
0 0.8549107142857142 0.738095238095238 0.0625 0.2857142857142857
0 0.8638392857142857 0.6527777777777778 0.040178571428571425 0.1865079365079365
2 0.1372767857142857 0.5396825396825397 0.024553571428571428 0.03968253968253968
2 0.1328125 0.615079365079365 0.020089285714285712 0.09523809523809523
2 0.16294642857142858 0.623015873015873 0.017857142857142856 0.1349206349206349
2 0.2232142857142857 0.6488095238095237 0.04464285714285714 0.1388888888888889
2 0.9129464285714285 0.6051587301587301 0.026785714285714284 0.07539682539682539
2 0.9754464285714285 0.7956349206349206 0.040178571428571425 0.3134920634920635
