0 0.17343750000000002 0.33611111111111114 0.040625 0.18333333333333335
0 0.19375 0.37777777777777777 0.043750000000000004 0.2
0 0.22734375 0.3763888888888889 0.045312500000000006 0.19722222222222224
0 0.2984375 0.3611111111111111 0.037500000000000006 0.16666666666666669
0 0.31796875 0.4013888888888889 0.029687500000000002 0.13611111111111113
0 0.35781250000000003 0.5027777777777778 0.115625 0.5055555555555555
0 0.43515625 0.3819444444444445 0.0328125 0.14166666666666666
0 0.45937500000000003 0.3819444444444445 0.034375 0.14722222222222223
0 0.50234375 0.3805555555555556 0.029687500000000002 0.13333333333333333
0 0.54140625 0.48194444444444445 0.1171875 0.5083333333333333
0 0.640625 0.4027777777777778 0.028125 0.1277777777777778
0 0.7132812500000001 0.40555555555555556 0.0328125 0.14444444444444446
0 0.7703125000000001 0.4277777777777778 0.034375 0.15555555555555556
0 0.828125 0.40694444444444444 0.037500000000000006 0.1638888888888889
0 0.79453125 0.42083333333333334 0.0328125 0.1527777777777778
2 0.14453125 0.325 0.0203125 0.08888888888888889
2 0.26328125 0.3416666666666667 0.0328125 0.09444444444444444
2 0.25703125 0.40694444444444444 0.035937500000000004 0.13055555555555556
2 0.39921875 0.3652777777777778 0.0390625 0.14722222222222223
2 0.421875 0.33611111111111114 0.025 0.08888888888888889
2 0.47421875 0.37083333333333335 0.026562500000000003 0.10833333333333334
2 0.5671875000000001 0.3680555555555556 0.040625 0.11944444444444445
2 0.596875 0.3944444444444445 0.03125 0.1277777777777778
2 0.60859375 0.36388888888888893 0.035937500000000004 0.09444444444444444
2 0.6203125 0.3736111111111111 0.028125 0.10277777777777779
2 0.6890625 0.375 0.028125 0.08888888888888889
2 0.67890625 0.3680555555555556 0.0171875 0.0638888888888889
2 0.7484375000000001 0.40555555555555556 0.015625 0.14444444444444446
2 0.7664062500000001 0.33194444444444443 0.0234375 0.04722222222222222
2 0.78515625 0.38472222222222224 0.0234375 0.10833333333333334
2 0.8093750000000001 0.35555555555555557 0.021875000000000002 0.06666666666666667
2 0.8515625 0.4166666666666667 0.021875000000000002 0.17777777777777778
