0 0.24666666666666667 0.5290178571428571 0.16666666666666669 0.5491071428571428
0 0.3383333333333334 0.3571428571428571 0.08333333333333334 0.2857142857142857
0 0.36833333333333335 0.32589285714285715 0.07 0.24107142857142855
0 0.48833333333333334 0.3526785714285714 0.06333333333333334 0.2232142857142857
0 0.5766666666666667 0.5647321428571428 0.21333333333333335 0.7008928571428571
2 0.11166666666666668 0.5245535714285714 0.21666666666666667 0.8616071428571428
2 0.14833333333333334 0.24107142857142855 0.08333333333333334 0.15178571428571427
2 0.19666666666666668 0.25669642857142855 0.04 0.1294642857142857
2 0.23833333333333334 0.234375 0.030000000000000002 0.05803571428571428
2 0.29333333333333333 0.26339285714285715 0.04 0.08035714285714285
2 0.275 0.28348214285714285 0.03666666666666667 0.07589285714285714
2 0.32 0.2388392857142857 0.03333333333333333 0.05803571428571428
2 0.4216666666666667 0.30357142857142855 0.05666666666666667 0.13392857142857142
2 0.635 0.25223214285714285 0.05666666666666667 0.08482142857142856
2 0.7783333333333334 0.32589285714285715 0.06333333333333334 0.125
2 0.8200000000000001 0.5580357142857143 0.34 0.8660714285714285
