0 0.018750000000000003 0.27361111111111114 0.037500000000000006 0.16944444444444445
0 0.06015625 0.29305555555555557 0.0421875 0.18055555555555555
0 0.11406250000000001 0.2888888888888889 0.043750000000000004 0.19444444444444445
0 0.14453125 0.29583333333333334 0.0390625 0.17500000000000002
0 0.17734375000000002 0.3013888888888889 0.035937500000000004 0.1638888888888889
0 0.21640625000000002 0.31666666666666665 0.029687500000000002 0.1277777777777778
0 0.2703125 0.3236111111111111 0.03125 0.14166666666666666
0 0.3125 0.3041666666666667 0.040625 0.17500000000000002
0 0.4 0.45833333333333337 0.12812500000000002 0.5611111111111111
0 0.571875 0.5305555555555556 0.14375000000000002 0.6222222222222222
0 0.24531250000000002 0.28611111111111115 0.037500000000000006 0.16666666666666669
0 0.47734375 0.33194444444444443 0.045312500000000006 0.19722222222222224
0 0.5125000000000001 0.33194444444444443 0.046875 0.20277777777777778
0 0.6546875000000001 0.35833333333333334 0.053125000000000006 0.22777777777777777
0 0.68359375 0.35694444444444445 0.0484375 0.21944444444444444
0 0.69921875 0.37222222222222223 0.051562500000000004 0.22222222222222224
0 0.7507812500000001 0.36944444444444446 0.051562500000000004 0.22222222222222224
0 0.7914062500000001 0.375 0.051562500000000004 0.22222222222222224
0 0.83203125 0.3819444444444445 0.0484375 0.21944444444444444
0 0.853125 0.38472222222222224 0.05 0.225
0 0.89765625 0.4027777777777778 0.0546875 0.2388888888888889
0 0.9359375000000001 0.40972222222222227 0.059375000000000004 0.2638888888888889
0 0.08515625 0.29305555555555557 0.0328125 0.14722222222222223
0 0.4421875 0.3263888888888889 0.043750000000000004 0.19722222222222224
2 0.037500000000000006 0.23055555555555557 0.021875000000000002 0.05
2 0.07187500000000001 0.22361111111111112 0.018750000000000003 0.058333333333333334
2 0.19609375 0.24722222222222223 0.0203125 0.07222222222222223
2 0.18984375 0.20972222222222223 0.029687500000000002 0.036111111111111115
2 0.22109375 0.24027777777777778 0.0140625 0.04722222222222222
2 0.2734375 0.24305555555555555 0.028125 0.06944444444444445
2 0.35390625000000003 0.25277777777777777 0.026562500000000003 0.06666666666666667
2 0.43125 0.2638888888888889 0.018750000000000003 0.05
2 0.53671875 0.25416666666666665 0.0234375 0.0638888888888889
2 0.54921875 0.26666666666666666 0.0234375 0.044444444444444446
2 0.6273437500000001 0.36388888888888893 0.026562500000000003 0.2111111111111111
2 0.64375 0.2625 0.028125 0.04722222222222222
2 0.72421875 0.3388888888888889 0.029687500000000002 0.13333333333333333
2 0.7375 0.2902777777777778 0.021875000000000002 0.030555555555555558
2 0.8148437500000001 0.2986111111111111 0.0171875 0.058333333333333334
2 0.88046875 0.3041666666666667 0.0203125 0.04722222222222222
2 0.87421875 0.39861111111111114 0.051562500000000004 0.20833333333333334
2 0.9710937500000001 0.4361111111111111 0.051562500000000004 0.25
2 0.9812500000000001 0.44583333333333336 0.025 0.23055555555555557
