0 0.16666666666666669 0.5084033613445378 0.1 0.37815126050420167
0 0.2652777777777778 0.5 0.09722222222222222 0.36974789915966383
0 0.3791666666666667 0.5084033613445378 0.10277777777777779 0.38655462184873945
0 0.4652777777777778 0.5042016806722689 0.10277777777777779 0.37815126050420167
0 0.5458333333333334 0.51890756302521 0.09166666666666667 0.3403361344537815
0 0.6236111111111111 0.5273109243697479 0.10277777777777779 0.38235294117647056
0 0.7027777777777778 0.5210084033613445 0.10555555555555556 0.38655462184873945
0 0.7708333333333334 0.5273109243697479 0.09722222222222222 0.36554621848739494
0 0.8638888888888889 0.5042016806722689 0.11666666666666667 0.42857142857142855
2 0.7847222222222222 0.32563025210084034 0.06944444444444445 0.13865546218487396
2 0.7444444444444445 0.32563025210084034 0.03888888888888889 0.13025210084033612
2 0.19305555555555556 0.5651260504201681 0.05277777777777778 0.27310924369747897
2 0.2847222222222222 0.5546218487394958 0.058333333333333334 0.18487394957983191
