0 0.08102766798418973 0.22614503816793893 0.022397891963109356 0.08206106870229007
0 0.25296442687747034 0.22614503816793893 0.023715415019762848 0.08206106870229007
0 0.19367588932806326 0.6851145038167938 0.03689064558629776 0.13740458015267176
0 0.27140974967061926 0.6946564885496183 0.039525691699604744 0.1450381679389313
0 0.5428194993412385 0.23377862595419846 0.023715415019762848 0.08587786259541984
0 0.5625823451910409 0.23187022900763357 0.021080368906455864 0.07442748091603053
0 0.5810276679841897 0.23187022900763357 0.021080368906455864 0.07442748091603053
0 0.7088274044795784 0.22996183206106868 0.021080368906455864 0.0782442748091603
0 0.7793148880105402 0.23187022900763357 0.022397891963109356 0.08587786259541984
0 0.7509881422924901 0.741412213740458 0.039525691699604744 0.1431297709923664
2 0.05533596837944664 0.3730916030534351 0.0922266139657444 0.1431297709923664
2 0.12582345191040845 0.35782442748091603 0.08300395256916997 0.16984732824427481
2 0.2272727272727273 0.3549618320610687 0.06982872200263505 0.16793893129770993
2 0.36627140974967065 0.3683206106870229 0.09486166007905139 0.15267175572519084
2 0.4453227931488801 0.3559160305343511 0.08959156785243742 0.16603053435114504
2 0.05599472990777339 0.24713740458015265 0.030303030303030304 0.055343511450381674
2 0.028985507246376812 0.8034351145038168 0.05270092226613966 0.1297709923664122
2 0.04084321475625824 0.8845419847328244 0.08168642951251648 0.2080152671755725
2 0.07905138339920949 0.8129770992366412 0.06060606060606061 0.1450381679389313
2 0.10408432147562582 0.8893129770992366 0.06851119894598155 0.19083969465648853
2 0.14295125164690384 0.8187022900763359 0.03557312252964427 0.12213740458015267
2 0.1870882740447958 0.8759541984732824 0.07905138339920949 0.21374045801526717
2 0.2173913043478261 0.8263358778625954 0.04479578392621871 0.13358778625954199
2 0.26811594202898553 0.8225190839694656 0.0461133069828722 0.11450381679389313
2 0.27865612648221344 0.9036259541984732 0.11462450592885376 0.1851145038167939
2 0.344532279314888 0.8234732824427481 0.0461133069828722 0.16221374045801526
2 0.38669301712779974 0.8883587786259541 0.08036890645586298 0.1965648854961832
2 0.4519104084321476 0.892175572519084 0.06587615283267458 0.1851145038167939
2 0.48748353096179187 0.8043893129770993 0.015810276679841896 0.08587786259541984
2 0.5184453227931489 0.3129770992366412 0.022397891963109356 0.061068702290076333
2 0.5434782608695652 0.39503816793893126 0.07246376811594203 0.10687022900763359
2 0.5665349143610013 0.3511450381679389 0.07114624505928854 0.14885496183206107
2 0.6627140974967062 0.35877862595419846 0.07641633728590251 0.16793893129770993
2 0.647562582345191 0.40362595419847325 0.08036890645586298 0.07442748091603053
2 0.6936758893280632 0.3425572519083969 0.05138339920948617 0.15076335877862596
2 0.7635046113306984 0.3416030534351145 0.05928853754940712 0.14885496183206107
2 0.841897233201581 0.38167938931297707 0.08432147562582346 0.12213740458015267
2 0.8675889328063241 0.35400763358778625 0.05928853754940712 0.17366412213740456
2 0.9209486166007905 0.3244274809160305 0.07641633728590251 0.14885496183206107
2 0.9828722002635046 0.3692748091603053 0.028985507246376812 0.1316793893129771
2 0.5928853754940712 0.9274809160305343 0.12121212121212122 0.12595419847328243
2 0.7325428194993413 0.9312977099236641 0.10540184453227933 0.12595419847328243
2 0.857707509881423 0.9312977099236641 0.11067193675889328 0.13358778625954199
2 0.9696969696969697 0.9103053435114503 0.05533596837944664 0.16793893129770993
