0 0.02979274611398964 0.47706422018348627 0.01295336787564767 0.06422018348623854
0 0.09196891191709845 0.5045871559633028 0.036269430051813475 0.16055045871559634
0 0.11528497409326426 0.5126146788990826 0.02849740932642487 0.1261467889908257
0 0.13536269430051814 0.5114678899082569 0.032383419689119175 0.14678899082568808
0 0.15803108808290156 0.5068807339449541 0.03367875647668394 0.15137614678899083
0 0.1923575129533679 0.5057339449541285 0.034974093264248704 0.15366972477064222
0 0.21696891191709847 0.5091743119266056 0.034974093264248704 0.15137614678899083
0 0.24481865284974094 0.5068807339449541 0.036269430051813475 0.16055045871559634
0 0.2746113989637306 0.5103211009174312 0.036269430051813475 0.15825688073394495
0 0.29857512953367876 0.518348623853211 0.034974093264248704 0.15137614678899083
0 0.3290155440414508 0.5091743119266056 0.038860103626943004 0.1743119266055046
0 0.36593264248704666 0.5103211009174312 0.040155440414507776 0.17660550458715596
0 0.4073834196891192 0.5149082568807339 0.042746113989637305 0.19036697247706424
0 0.447538860103627 0.5034403669724771 0.050518134715025906 0.21788990825688076
0 0.4851036269430052 0.5217889908256881 0.040155440414507776 0.18119266055045874
0 0.520077720207254 0.518348623853211 0.042746113989637305 0.1926605504587156
0 0.5602331606217616 0.5240825688073395 0.04792746113989638 0.20871559633027525
0 0.5958549222797928 0.5194954128440368 0.05181347150259068 0.22247706422018348
0 0.6366580310880829 0.5355504587155964 0.050518134715025906 0.21788990825688076
0 0.6651554404145078 0.5401376146788991 0.04792746113989638 0.20871559633027525
0 0.7066062176165804 0.5435779816513762 0.04792746113989638 0.21559633027522937
0 0.7435233160621761 0.5424311926605505 0.05181347150259068 0.22706422018348627
0 0.7849740932642487 0.5424311926605505 0.054404145077720206 0.23623853211009177
0 0.8380829015544041 0.5458715596330276 0.05699481865284974 0.24770642201834864
0 0.9158031088082902 0.5481651376146789 0.05958549222797928 0.26605504587155965
