0 0.05357142857142857 0.3354700854700855 0.04365079365079365 0.23504273504273507
0 0.1240079365079365 0.33119658119658124 0.041666666666666664 0.23504273504273507
0 0.18154761904761904 0.33974358974358976 0.041666666666666664 0.22649572649572652
0 0.2837301587301587 0.5405982905982907 0.08333333333333333 0.4401709401709402
0 0.33035714285714285 0.5085470085470086 0.0734126984126984 0.3931623931623932
0 0.3839285714285714 0.5641025641025642 0.08531746031746032 0.4444444444444445
0 0.6408730158730158 0.3247863247863248 0.03968253968253968 0.2136752136752137
0 0.6200396825396826 0.28418803418803423 0.02976190476190476 0.15811965811965814
0 0.738095238095238 0.38888888888888895 0.05555555555555555 0.3076923076923077
0 0.8382936507936507 0.35897435897435903 0.0496031746031746 0.25641025641025644
0 0.8819444444444444 0.38461538461538464 0.04563492063492063 0.23931623931623935
0 0.9345238095238094 0.3717948717948718 0.04365079365079365 0.23931623931623935
0 0.9732142857142857 0.3824786324786325 0.041666666666666664 0.22649572649572652
2 0.26686507936507936 0.22649572649572652 0.05357142857142857 0.20512820512820515
2 0.1121031746031746 0.2777777777777778 0.037698412698412696 0.12820512820512822
2 0.431547619047619 0.2820512820512821 0.03373015873015873 0.08547008547008547
2 0.431547619047619 0.25641025641025644 0.05357142857142857 0.09401709401709403
2 0.47023809523809523 0.25641025641025644 0.04365079365079365 0.11111111111111112
2 0.5208333333333333 0.2948717948717949 0.0496031746031746 0.17948717948717952
2 0.5079365079365079 0.514957264957265 0.047619047619047616 0.38888888888888895
2 0.5376984126984127 0.5128205128205129 0.051587301587301584 0.2820512820512821
2 0.5813492063492063 0.6474358974358975 0.10317460317460317 0.3803418803418804
2 0.6140873015873015 0.5790598290598291 0.15277777777777776 0.32051282051282054
2 0.4603174603174603 0.41880341880341887 0.05555555555555555 0.18803418803418806
2 0.46230158730158727 0.6923076923076924 0.0992063492063492 0.38461538461538464
2 0.42658730158730157 0.4978632478632479 0.047619047619047616 0.3547008547008547
2 0.24007936507936506 0.6730769230769231 0.10714285714285714 0.38888888888888895
2 0.22123015873015872 0.4871794871794872 0.0734126984126984 0.20512820512820515
2 0.13194444444444445 0.6175213675213675 0.16865079365079363 0.3717948717948718
2 0.6646825396825397 0.22863247863247865 0.023809523809523808 0.06410256410256411
2 0.8968253968253967 0.2692307692307693 0.031746031746031744 0.07692307692307693
