0 0.2537931034482758 0.7377938517179023 0.1489655172413793 0.47739602169981915
0 0.2903448275862069 0.5027124773960217 0.10344827586206896 0.33273056057866185
0 0.3586206896551724 0.4538878842676311 0.09655172413793103 0.31103074141048825
0 0.39379310344827584 0.4213381555153707 0.09241379310344827 0.30018083182640143
0 0.536551724137931 0.6057866184448463 0.1268965517241379 0.4050632911392405
0 0.58 0.3842676311030741 0.06482758620689655 0.20795660036166363
0 0.6344827586206896 0.364376130198915 0.07172413793103448 0.2332730560578662
0 0.6848275862068965 0.5877034358047016 0.12827586206896552 0.41229656419529837
0 0.796551724137931 0.5198915009041591 0.09793103448275861 0.32007233273056057
0 0.7606896551724137 0.4104882459312839 0.07034482758620689 0.2314647377938517
0 0.7241379310344827 0.3942133815551537 0.07172413793103448 0.22784810126582278
0 0.8344827586206895 0.39783001808318263 0.05793103448275862 0.19168173598553345
0 0.8634482758620688 0.4240506329113924 0.06620689655172413 0.21157323688969257
0 0.9317241379310344 0.4430379746835443 0.07310344827586206 0.23508137432188064
0 0.9117241379310345 0.4240506329113924 0.06620689655172413 0.2151898734177215
0 0.5317241379310345 0.3887884267631103 0.07034482758620689 0.22423146473779385
2 0.1489655172413793 0.6726943942133815 0.11586206896551723 0.47377938517179025
2 0.1482758620689655 0.3833634719710669 0.1089655172413793 0.13381555153707053
2 0.13999999999999999 0.3264014466546112 0.06758620689655172 0.11030741410488246
2 0.1875862068965517 0.3318264014466546 0.07172413793103448 0.12115732368896925
2 0.23517241379310344 0.39059674502712477 0.06758620689655172 0.1518987341772152
2 0.196551724137931 0.2793851717902351 0.06482758620689655 0.06690777576853527
2 0.28206896551724137 0.30018083182640143 0.06206896551724137 0.06871609403254973
2 0.3096551724137931 0.3408679927667269 0.06482758620689655 0.12839059674502712
2 0.4544827586206896 0.34900542495479203 0.0593103448275862 0.1301989150090416
2 0.4668965517241379 0.445750452079566 0.07034482758620689 0.16817359855334538
2 0.6827586206896551 0.3481012658227848 0.05517241379310345 0.13200723327305605
2 0.7924137931034482 0.3679927667269439 0.07862068965517241 0.0922242314647378
2 0.9682758620689654 0.40325497287522605 0.05793103448275862 0.20614828209764918
2 0.9675862068965516 0.523508137432188 0.06206896551724137 0.1609403254972875
