0 0.017 0.5146666666666666 0.034 0.16
0 0.033 0.516 0.042 0.14666666666666667
0 0.061 0.5186666666666666 0.042 0.14133333333333334
0 0.101 0.5066666666666666 0.046 0.14933333333333332
0 0.126 0.5013333333333333 0.04 0.13333333333333333
0 0.148 0.5106666666666666 0.04 0.13599999999999998
0 0.171 0.5053333333333333 0.042 0.14133333333333334
0 0.213 0.49066666666666664 0.038 0.128
0 0.192 0.5066666666666666 0.04 0.13333333333333333
0 0.226 0.4933333333333333 0.04 0.13333333333333333
0 0.265 0.49866666666666665 0.042 0.13866666666666666
0 0.3 0.496 0.04 0.13866666666666666
0 0.328 0.49466666666666664 0.04 0.13599999999999998
0 0.28200000000000003 0.7706666666666666 0.07200000000000001 0.23466666666666666
0 0.442 0.6679999999999999 0.116 0.38666666666666666
0 0.34400000000000003 0.48933333333333334 0.04 0.13599999999999998
0 0.357 0.5013333333333333 0.034 0.11733333333333333
0 0.383 0.48133333333333334 0.03 0.104
0 0.399 0.46266666666666667 0.034 0.10933333333333332
0 0.488 0.48533333333333334 0.036000000000000004 0.11733333333333333
0 0.07 0.504 0.044 0.144
0 0.528 0.5346666666666666 0.088 0.2853333333333333
0 0.461 0.48533333333333334 0.038 0.128
0 0.657 0.688 0.082 0.27199999999999996
0 0.751 0.6693333333333333 0.08600000000000001 0.2826666666666667
0 0.9410000000000001 0.6413333333333333 0.114 0.616
0 0.554 0.47733333333333333 0.032 0.112
0 0.5730000000000001 0.472 0.03 0.096
0 0.613 0.436 0.014 0.04533333333333333
0 0.64 0.4706666666666667 0.032 0.10933333333333332
0 0.656 0.46799999999999997 0.032 0.10933333333333332
0 0.708 0.476 0.028 0.09333333333333332
0 0.79 0.45066666666666666 0.028 0.096
0 0.6910000000000001 0.4666666666666667 0.03 0.10133333333333333
0 0.251 0.4973333333333333 0.042 0.13599999999999998
0 0.152 0.5 0.044 0.14666666666666667
2 0.769 0.48933333333333334 0.026000000000000002 0.050666666666666665
2 0.751 0.4666666666666667 0.014 0.021333333333333333
2 0.728 0.48933333333333334 0.028 0.06133333333333333
4 0.9570000000000001 0.4493333333333333 0.042 0.06666666666666667
4 0.893 0.448 0.082 0.06933333333333333
4 0.895 0.40399999999999997 0.018000000000000002 0.024
4 0.8190000000000001 0.47333333333333333 0.034 0.072
4 0.768 0.4413333333333333 0.028 0.04
4 0.731 0.4413333333333333 0.026000000000000002 0.029333333333333333
4 0.711 0.41333333333333333 0.014 0.021333333333333333
4 0.675 0.4093333333333333 0.018000000000000002 0.024
4 0.645 0.4053333333333333 0.014 0.021333333333333333
4 0.661 0.4093333333333333 0.014 0.018666666666666665
4 0.625 0.4066666666666667 0.022 0.018666666666666665
4 0.589 0.4106666666666667 0.03 0.026666666666666665
4 0.492 0.412 0.028 0.018666666666666665
4 0.426 0.42666666666666664 0.044 0.048
4 0.366 0.41733333333333333 0.04 0.024
4 0.338 0.41733333333333333 0.016 0.018666666666666665
4 0.28200000000000003 0.4413333333333333 0.016 0.029333333333333333
4 0.244 0.41866666666666663 0.028 0.021333333333333333
4 0.112 0.44266666666666665 0.016 0.032
4 0.085 0.44666666666666666 0.022 0.034666666666666665
4 0.026000000000000002 0.428 0.028 0.024
4 0.47100000000000003 0.42533333333333334 0.018000000000000002 0.04
