0 0.0176678445229682 0.4199475065616798 0.0353356890459364 0.13123359580052493
0 0.053003533568904596 0.44750656167979 0.028268551236749116 0.10761154855643044
0 0.1333922261484099 0.47244094488188976 0.06537102473498232 0.24146981627296588
0 0.21819787985865724 0.48293963254593175 0.09010600706713781 0.32545931758530183
0 0.18286219081272084 0.4409448818897638 0.037102473498233215 0.13648293963254593
0 0.47968197879858654 0.5314960629921259 0.030035335689045935 0.11286089238845144
0 0.6528268551236749 0.5118110236220472 0.044169611307420496 0.15748031496062992
0 0.6934628975265018 0.5301837270341208 0.05123674911660777 0.1942257217847769
0 0.7659010600706714 0.5354330708661417 0.05123674911660777 0.1837270341207349
0 0.8030035335689046 0.5643044619422573 0.044169611307420496 0.16272965879265092
0 0.8780918727915195 0.547244094488189 0.04240282685512367 0.16010498687664043
0 0.9584805653710248 0.5288713910761155 0.04063604240282685 0.14960629921259844
0 0.9770318021201413 0.5498687664041995 0.04240282685512367 0.18110236220472442
0 0.9231448763250883 0.2821522309711286 0.015901060070671377 0.06561679790026247
0 0.950530035335689 0.2847769028871391 0.014134275618374558 0.06036745406824147
0 0.9761484098939929 0.28083989501312334 0.012367491166077738 0.047244094488188976
0 0.0803886925795053 0.19291338582677164 0.015901060070671377 0.06561679790026247
2 0.6007067137809187 0.5524934383202099 0.07773851590106007 0.1653543307086614
4 0.5786219081272085 0.22834645669291337 0.015901060070671377 0.05249343832020997
