0 0.0216998191681736 0.5408496732026143 0.0433996383363472 0.3496732026143791
0 0.048824593128390596 0.5898692810457516 0.09764918625678119 0.4803921568627451
0 0.162748643761302 0.6356209150326798 0.12296564195298372 0.5392156862745098
0 0.20162748643761302 0.6111111111111112 0.06690777576853527 0.3006535947712418
0 0.10488245931283906 0.5490196078431373 0.0325497287522604 0.1503267973856209
0 0.31103074141048825 0.5473856209150327 0.08318264014466546 0.3758169934640523
0 0.4783001808318264 0.6748366013071896 0.14285714285714285 0.630718954248366
0 0.36075949367088606 0.4542483660130719 0.034358047016274866 0.1568627450980392
0 0.37974683544303794 0.542483660130719 0.0759493670886076 0.3464052287581699
0 0.5036166365280289 0.4754901960784314 0.04159132007233273 0.19281045751633988
0 0.554249547920434 0.5326797385620915 0.06690777576853527 0.30718954248366015
0 0.5886075949367089 0.5261437908496732 0.06329113924050633 0.28104575163398693
0 0.6247739602169982 0.5326797385620915 0.06329113924050633 0.28104575163398693
0 0.6546112115732369 0.5261437908496732 0.06148282097649186 0.2679738562091503
0 0.6799276672694394 0.5114379084967321 0.05786618444846293 0.2647058823529412
0 0.7197106690777577 0.5081699346405228 0.0650994575045208 0.2973856209150327
0 0.7450271247739602 0.5065359477124183 0.06148282097649186 0.28104575163398693
0 0.7857142857142857 0.5049019607843137 0.06329113924050633 0.2777777777777778
0 0.8182640144665461 0.5196078431372549 0.05605786618444846 0.2549019607843137
0 0.8589511754068716 0.5163398692810458 0.0650994575045208 0.28758169934640526
0 0.899638336347197 0.5098039215686274 0.06329113924050633 0.28104575163398693
0 0.945750452079566 0.5163398692810458 0.06148282097649186 0.27450980392156865
0 0.9801084990958409 0.5277777777777778 0.03616636528028933 0.2908496732026144
0 0.162748643761302 0.5849673202614379 0.09764918625678119 0.43790849673202614
2 0.2775768535262206 0.7124183006535948 0.07775768535262206 0.19607843137254902
4 0.8444846292947559 0.40032679738562094 0.018083182640144666 0.042483660130718956
