0 0.0897196261682243 0.6450617283950617 0.13084112149532712 0.5308641975308641
0 0.17009345794392525 0.654320987654321 0.12336448598130842 0.5061728395061729
0 0.21682242990654207 0.5910493827160493 0.11588785046728972 0.46604938271604934
0 0.2542056074766355 0.6512345679012346 0.12336448598130842 0.5
0 0.31121495327102805 0.5416666666666666 0.1177570093457944 0.478395061728395
0 0.3588785046728972 0.6481481481481481 0.12336448598130842 0.49382716049382713
0 0.3962616822429907 0.5679012345679012 0.10841121495327104 0.43827160493827155
0 0.4457943925233645 0.632716049382716 0.12897196261682242 0.5185185185185185
0 0.47476635514018695 0.4891975308641975 0.0897196261682243 0.3611111111111111
0 0.5327102803738318 0.6450617283950617 0.12336448598130842 0.5061728395061729
0 0.6009345794392523 0.5462962962962963 0.11401869158878505 0.4567901234567901
0 0.6289719626168224 0.6651234567901234 0.1177570093457944 0.4845679012345679
0 0.7009345794392524 0.6373456790123456 0.12336448598130842 0.5030864197530864
0 0.6766355140186916 0.5555555555555556 0.11214953271028037 0.4506172839506173
0 0.7542056074766356 0.537037037037037 0.1177570093457944 0.47530864197530864
0 0.791588785046729 0.6527777777777778 0.12897196261682242 0.5216049382716049
0 0.8710280373831776 0.6589506172839505 0.12710280373831775 0.5154320987654321
0 0.8420560747663551 0.5493827160493827 0.11401869158878505 0.4629629629629629
2 0.5429906542056075 0.353395061728395 0.04299065420560748 0.07098765432098765
