0 0.11586206896551723 0.6804123711340206 0.027586206896551724 0.10309278350515465
0 0.13724137931034483 0.6917525773195876 0.034482758620689655 0.12577319587628866
0 0.22482758620689652 0.6855670103092784 0.03586206896551724 0.13402061855670103
0 0.36275862068965514 0.8061855670103093 0.10206896551724137 0.3752577319587629
0 0.3944827586206896 0.6731958762886598 0.030344827586206893 0.10927835051546392
0 0.5613793103448276 0.8340206185567011 0.08551724137931034 0.311340206185567
0 0.7041379310344827 0.8350515463917526 0.03172413793103448 0.1154639175257732
0 0.8903448275862068 0.8329896907216495 0.026206896551724135 0.10309278350515465
0 0.9448275862068964 0.8247422680412372 0.030344827586206893 0.11134020618556702
0 0.7041379310344827 0.6649484536082474 0.01793103448275862 0.06804123711340207
0 0.026206896551724135 0.6536082474226804 0.01655172413793103 0.06597938144329897
2 0.58 0.6628865979381443 0.01793103448275862 0.018556701030927835
2 0.5917241379310344 0.7061855670103093 0.03586206896551724 0.06804123711340207
2 0.5172413793103448 0.6989690721649485 0.03586206896551724 0.09072164948453608
2 0.47517241379310343 0.6927835051546392 0.02896551724137931 0.04536082474226804
2 0.453103448275862 0.6701030927835052 0.020689655172413793 0.041237113402061855
2 0.6255172413793103 0.6752577319587629 0.02896551724137931 0.04329896907216495
2 0.2944827586206896 0.6649484536082474 0.01793103448275862 0.05979381443298969
2 0.04827586206896552 0.6577319587628866 0.022068965517241378 0.04536082474226804
4 0.47517241379310343 0.6608247422680412 0.01793103448275862 0.018556701030927835
