0 0.04609218436873747 0.6370967741935484 0.09218436873747494 0.3709677419354839
0 0.023046092184368736 0.38870967741935486 0.026052104208416832 0.11290322580645161
0 0.12725450901803606 0.5112903225806451 0.058116232464929855 0.22903225806451613
0 0.23847695390781562 0.7306451612903225 0.12024048096192384 0.47419354838709676
0 0.2444889779559118 0.4241935483870968 0.028056112224448895 0.11935483870967742
0 0.30260521042084165 0.5661290322580645 0.0721442885771543 0.2870967741935484
0 0.32364729458917835 0.432258064516129 0.03006012024048096 0.12903225806451613
0 0.3927855711422845 0.4774193548387097 0.044088176352705406 0.18064516129032257
0 0.4579158316633266 0.6161290322580645 0.08617234468937875 0.33548387096774196
0 0.4579158316633266 0.4241935483870968 0.03406813627254509 0.13225806451612904
0 0.41182364729458915 0.4080645161290323 0.022044088176352703 0.0935483870967742
0 0.4949899799599198 0.45806451612903226 0.04008016032064128 0.15483870967741936
0 0.5370741482965932 0.4161290322580645 0.028056112224448895 0.11612903225806452
0 0.5621242484969939 0.40161290322580645 0.022044088176352703 0.0935483870967742
0 0.5991983967935871 0.47419354838709676 0.044088176352705406 0.17419354838709677
0 0.6232464929859719 0.4338709677419355 0.03607214428857715 0.13870967741935483
0 0.6452905811623246 0.4064516129032258 0.024048096192384766 0.0967741935483871
0 0.6693386773547093 0.5467741935483871 0.06813627254509018 0.27419354838709675
0 0.7364729458917835 0.6516129032258065 0.09418837675350701 0.36774193548387096
0 0.6973947895791582 0.4161290322580645 0.028056112224448895 0.11612903225806452
0 0.7705410821643286 0.4629032258064516 0.038076152304609215 0.15161290322580645
0 0.8196392785571142 0.4645161290322581 0.04008016032064128 0.16129032258064516
0 0.8637274549098196 0.4274193548387097 0.028056112224448895 0.11290322580645161
0 0.7354709418837675 0.4080645161290323 0.024048096192384766 0.1
0 0.75250501002004 0.40161290322580645 0.018036072144288574 0.07419354838709677
0 0.7875751503006011 0.4274193548387097 0.028056112224448895 0.11935483870967742
0 0.9218436873747494 0.4161290322580645 0.028056112224448895 0.10967741935483871
0 0.48697394789579157 0.3870967741935484 0.02004008016032064 0.08387096774193549
0 0.16332665330661322 0.38064516129032255 0.022044088176352703 0.0967741935483871
0 0.2034068136272545 0.3758064516129032 0.022044088176352703 0.0935483870967742
0 0.3787575150300601 0.4112903225806452 0.03206412825651302 0.12580645161290321
0 0.9789579158316633 0.482258064516129 0.038076152304609215 0.18387096774193548
0 0.9428857715430861 0.5193548387096775 0.05410821643286573 0.2129032258064516
0 0.939879759519038 0.40483870967741936 0.01603206412825651 0.07419354838709677
0 0.5891783567134268 0.4080645161290323 0.024048096192384766 0.1
4 0.26753507014028055 0.3709677419354839 0.03006012024048096 0.08387096774193549
4 0.3947895791583166 0.3580645161290323 0.01603206412825651 0.04516129032258064
4 0.8186372745490982 0.36612903225806454 0.03406813627254509 0.04838709677419355
4 0.9879759519038075 0.36935483870967745 0.02004008016032064 0.041935483870967745
