0 0.09388335704125178 0.2210338680926916 0.01422475106685633 0.049910873440285206
0 0.11024182076813656 0.3939393939393939 0.08677098150782361 0.2709447415329768
0 0.24893314366998578 0.3778966131907308 0.07396870554765292 0.2245989304812834
0 0.38975817923186346 0.39483065953654184 0.08819345661450925 0.2762923351158645
0 0.6209103840682788 0.26024955436720143 0.03271692745376956 0.1033868092691622
0 0.6941678520625889 0.2647058823529412 0.02844950213371266 0.0909090909090909
0 0.7617354196301566 0.24866310160427807 0.02418207681365576 0.08021390374331551
0 0.798719772403983 0.2914438502673797 0.029871977240398296 0.0909090909090909
0 0.8051209103840683 0.25935828877005346 0.034139402560455195 0.1051693404634581
0 0.7596017069701281 0.39304812834224595 0.07112375533428165 0.2192513368983957
0 0.6059743954480797 0.7085561497326203 0.1763869132290185 0.5436720142602495
0 0.9445234708392604 0.20499108734402852 0.034139402560455195 0.1033868092691622
0 0.9587482219061166 0.3048128342245989 0.04551920341394026 0.13903743315508021
0 0.8698435277382647 0.49732620320855614 0.11806543385490754 0.3600713012477718
0 0.8385490753911807 0.38324420677361853 0.08392603129445235 0.2566844919786096
0 0.9196301564722618 0.38235294117647056 0.06970128022759602 0.2156862745098039
0 0.9722617354196302 0.23975044563279857 0.012802275960170698 0.0374331550802139
0 0.8947368421052632 0.2566844919786096 0.01991465149359886 0.0677361853832442
4 0.8733997155049787 0.2459893048128342 0.025604551920341397 0.0427807486631016
4 0.8812233285917497 0.21657754010695185 0.021337126600284497 0.0231729055258467
4 0.802275960170697 0.23440285204991085 0.01991465149359886 0.0409982174688057
