0 0.016738197424892704 0.7762784090909091 0.03347639484978541 0.2428977272727273
0 0.04463519313304721 0.7691761363636364 0.056652360515021455 0.22869318181818182
0 0.08841201716738196 0.75 0.056652360515021455 0.23011363636363638
0 0.11158798283261802 0.7563920454545455 0.060085836909871244 0.24573863636363638
0 0.13218884120171673 0.7421875 0.05321888412017167 0.22017045454545456
0 0.1613733905579399 0.765625 0.04978540772532188 0.20454545454545456
0 0.19914163090128753 0.7507102272727273 0.05150214592274678 0.21164772727272727
0 0.19227467811158797 0.734375 0.05321888412017167 0.2159090909090909
0 0.24377682403433476 0.7691761363636364 0.07381974248927038 0.3025568181818182
0 0.2579399141630901 0.7933238636363636 0.06952789699570815 0.28267045454545453
0 0.2875536480686695 0.7776988636363636 0.07210300429184549 0.2911931818181818
0 0.3266094420600858 0.7279829545454546 0.05407725321888412 0.22017045454545456
0 0.4004291845493562 0.7720170454545455 0.06094420600858369 0.24857954545454547
0 0.4824034334763948 0.7798295454545455 0.07210300429184549 0.29545454545454547
0 0.49527896995708154 0.7542613636363636 0.06523605150214593 0.26704545454545453
0 0.5712446351931331 0.7727272727272727 0.07124463519313304 0.2897727272727273
0 0.5622317596566523 0.7471590909090909 0.06523605150214593 0.26704545454545453
0 0.5995708154506437 0.7571022727272727 0.06781115879828326 0.2727272727272727
0 0.6111587982832618 0.7322443181818182 0.058369098712446346 0.234375
0 0.6394849785407725 0.7443181818181819 0.05321888412017167 0.2159090909090909
0 0.6708154506437768 0.7393465909090909 0.05922746781115879 0.2428977272727273
0 0.715450643776824 0.7379261363636364 0.06094420600858369 0.24573863636363638
0 0.723175965665236 0.7805397727272727 0.07296137339055793 0.296875
0 0.7690987124463519 0.78125 0.07381974248927038 0.30113636363636365
0 0.827038626609442 0.7372159090909091 0.06094420600858369 0.2471590909090909
0 0.9515021459227467 0.7421875 0.06266094420600858 0.25426136363636365
0 0.9819742489270386 0.7400568181818182 0.034334763948497854 0.25
2 0.3017167381974249 0.6377840909090909 0.014592274678111587 0.036931818181818184
2 0.3669527896995708 0.7478693181818182 0.028326180257510727 0.14914772727272727
2 0.4313304721030043 0.7066761363636364 0.02489270386266094 0.07528409090909091
2 0.4150214592274678 0.6470170454545455 0.02489270386266094 0.046875
2 0.7433476394849785 0.6235795454545455 0.02575107296137339 0.045454545454545456
4 0.16394849785407725 0.6420454545454546 0.02060085836909871 0.02840909090909091
4 0.7665236051502146 0.6143465909090909 0.01888412017167382 0.026988636363636364
