0 0.05666666666666667 0.8014925373134328 0.08666666666666667 0.3791044776119403
0 0.1125 0.9223880597014925 0.03166666666666667 0.1492537313432836
0 0.1575 0.8164179104477612 0.08166666666666667 0.35522388059701493
0 0.10750000000000001 0.6776119402985075 0.025 0.11940298507462686
0 0.18250000000000002 0.7895522388059701 0.045000000000000005 0.2
0 0.23500000000000001 0.7059701492537314 0.04 0.18208955223880596
0 0.2733333333333334 0.7044776119402986 0.04 0.18507462686567164
0 0.35250000000000004 0.7194029850746269 0.04833333333333334 0.21492537313432836
0 0.09666666666666668 0.682089552238806 0.023333333333333334 0.11044776119402985
0 0.5383333333333333 0.6656716417910448 0.023333333333333334 0.10149253731343284
0 0.5641666666666667 0.6582089552238806 0.015000000000000001 0.06865671641791045
0 0.5925 0.6940298507462687 0.035 0.15223880597014924
0 0.6108333333333333 0.6567164179104478 0.018333333333333333 0.07761194029850746
0 0.6291666666666667 0.6611940298507463 0.015000000000000001 0.0746268656716418
0 0.6458333333333334 0.6626865671641791 0.015000000000000001 0.06567164179104477
0 0.7000000000000001 0.6671641791044777 0.016666666666666666 0.08059701492537313
0 0.7175 0.664179104477612 0.021666666666666667 0.09253731343283582
0 0.7283333333333334 0.655223880597015 0.013333333333333334 0.06865671641791045
0 0.745 0.655223880597015 0.016666666666666666 0.0746268656716418
0 0.7908333333333334 0.7238805970149254 0.045000000000000005 0.20597014925373133
0 0.8166666666666668 0.7328358208955223 0.04666666666666667 0.21194029850746268
0 0.88 0.6701492537313433 0.016666666666666666 0.0746268656716418
0 0.8916666666666667 0.6716417910447762 0.016666666666666666 0.07761194029850746
0 0.9266666666666667 0.8343283582089552 0.07333333333333333 0.32537313432835824
0 0.9666666666666667 0.8074626865671641 0.06333333333333334 0.36716417910447763
4 0.48583333333333334 0.6373134328358209 0.025 0.03283582089552239
4 0.43083333333333335 0.6343283582089553 0.045000000000000005 0.04477611940298507
