0 0.06835205992509363 0.06488549618320612 0.024344569288389514 0.08396946564885496
0 0.04307116104868914 0.6424936386768448 0.08614232209737828 0.36895674300254455
0 0.056179775280898875 0.5865139949109415 0.11235955056179775 0.44529262086514
0 0.07958801498127341 0.6106870229007634 0.09550561797752809 0.3155216284987278
0 0.11704119850187265 0.6272264631043257 0.08426966292134831 0.2875318066157761
0 0.32397003745318353 0.6386768447837151 0.08239700374531836 0.27989821882951654
0 0.3642322097378277 0.6348600508905853 0.07303370786516854 0.24681933842239187
0 0.29681647940074907 0.5687022900763359 0.12172284644194757 0.4096692111959288
0 0.33801498127340823 0.5763358778625954 0.10674157303370786 0.3536895674300255
0 0.4204119850187266 0.6374045801526718 0.06928838951310862 0.2315521628498728
0 0.4681647940074906 0.6386768447837151 0.0599250936329588 0.20356234096692113
0 0.5112359550561798 0.6043256997455472 0.07116104868913858 0.24173027989821885
0 0.5571161048689138 0.6145038167938932 0.06179775280898876 0.20610687022900764
0 0.399812734082397 0.5725190839694657 0.09925093632958802 0.33587786259541985
0 0.4541198501872659 0.573791348600509 0.09925093632958802 0.32824427480916035
0 0.5177902621722846 0.4681933842239186 0.03558052434456929 0.1272264631043257
0 0.5561797752808989 0.5699745547073791 0.07865168539325842 0.25954198473282447
0 0.5889513108614233 0.5928753180661578 0.06928838951310862 0.22900763358778628
0 0.6170411985018727 0.5966921119592876 0.06179775280898876 0.20610687022900764
0 0.6563670411985019 0.5890585241730281 0.05805243445692884 0.20101781170483463
0 0.598314606741573 0.5534351145038169 0.08052434456928839 0.27226463104325704
0 0.6432584269662921 0.4770992366412214 0.031835205992509365 0.10941475826972011
0 0.6956928838951311 0.5954198473282443 0.04681647940074907 0.1628498727735369
0 0.6835205992509363 0.5483460559796438 0.07116104868913858 0.24173027989821885
0 0.7453183520599251 0.5928753180661578 0.0449438202247191 0.1577608142493639
0 0.7649812734082397 0.5928753180661578 0.04307116104868914 0.14249363867684478
0 0.800561797752809 0.583969465648855 0.04307116104868914 0.14503816793893132
0 0.7237827715355806 0.5483460559796438 0.07303370786516854 0.24173027989821885
0 0.7546816479400749 0.48091603053435117 0.033707865168539325 0.11195928753180662
0 0.7846441947565543 0.49363867684478374 0.026217228464419477 0.09669211195928754
0 0.8155430711610487 0.5508905852417303 0.05805243445692884 0.19592875318066158
0 0.8455056179775281 0.5445292620865141 0.05805243445692884 0.19338422391857507
0 0.8792134831460674 0.5356234096692112 0.05805243445692884 0.20101781170483463
0 0.9316479400749064 0.5279898218829517 0.06928838951310862 0.2315521628498728
0 0.9775280898876405 0.5267175572519084 0.04119850187265918 0.22900763358778628
0 0.8230337078651685 0.39185750636132316 0.02059925093632959 0.07124681933842239
0 0.848314606741573 0.3944020356234097 0.026217228464419477 0.08651399491094149
0 0.8670411985018727 0.4147582697201018 0.018726591760299626 0.06106870229007634
0 0.9044943820224719 0.4656488549618321 0.0149812734082397 0.05597964376590331
0 0.8342696629213483 0.5763358778625954 0.04307116104868914 0.14503816793893132
0 0.8661048689138577 0.5712468193384225 0.04307116104868914 0.15012722646310434
0 0.8941947565543071 0.5699745547073791 0.04307116104868914 0.14249363867684478
0 0.9138576779026217 0.5674300254452926 0.04119850187265918 0.13740458015267176
0 0.952247191011236 0.5343511450381679 0.05805243445692884 0.19338422391857507
0 0.6835205992509363 0.30025445292620867 0.02247191011235955 0.08142493638676845
0 0.6666666666666666 0.26717557251908397 0.0149812734082397 0.05597964376590331
0 0.6338951310861424 0.23918575063613234 0.013108614232209739 0.050890585241730284
0 0.6910112359550562 0.2646310432569975 0.026217228464419477 0.08651399491094149
0 0.4747191011235955 0.19592875318066158 0.013108614232209739 0.050890585241730284
2 0.7172284644194756 0.27608142493638677 0.026217228464419477 0.0534351145038168
2 0.02247191011235955 0.08142493638676845 0.02247191011235955 0.03053435114503817
4 0.7977528089887641 0.46183206106870234 0.018726591760299626 0.0534351145038168
4 0.7659176029962547 0.45801526717557256 0.0149812734082397 0.04071246819338423
4 0.9691011235955056 0.38804071246819344 0.05805243445692884 0.04325699745547074
4 0.9625468164794008 0.4211195928753181 0.026217228464419477 0.027989821882951654
4 0.8932584269662921 0.39567430025445294 0.04868913857677903 0.07379134860050891
4 0.9382022471910112 0.3320610687022901 0.0149812734082397 0.033078880407124686
4 0.8782771535580525 0.3231552162849873 0.06741573033707865 0.06106870229007634
4 0.8249063670411985 0.30407124681933845 0.03932584269662921 0.06361323155216285
4 0.7855805243445693 0.29770992366412213 0.03558052434456929 0.06615776081424937
4 0.7490636704119851 0.28117048346055984 0.03745318352059925 0.06870229007633588
4 0.5889513108614233 0.23282442748091606 0.05805243445692884 0.06361323155216285
4 0.5440074906367042 0.21755725190839698 0.031835205992509365 0.0534351145038168
4 0.5149812734082397 0.21882951653944022 0.02247191011235955 0.03053435114503817
4 0.48782771535580527 0.20992366412213742 0.02059925093632959 0.03816793893129771
4 0.4419475655430712 0.19592875318066158 0.033707865168539325 0.04071246819338423
4 0.36329588014981273 0.178117048346056 0.026217228464419477 0.035623409669211195
4 0.3155430711610487 0.16793893129770993 0.016853932584269662 0.025445292620865142
4 0.23876404494382023 0.14249363867684478 0.04307116104868914 0.04580152671755726
