0 0.07396449704142012 0.564179104477612 0.116370808678501 0.4298507462686567
0 0.16962524654832348 0.5522388059701493 0.11045364891518739 0.41194029850746267
0 0.2583826429980276 0.5567164179104478 0.10650887573964497 0.3970149253731343
0 0.33333333333333337 0.42238805970149257 0.03550295857988166 0.14029850746268657
0 0.4161735700197239 0.45970149253731346 0.0591715976331361 0.2208955223880597
0 0.504930966469428 0.5104477611940299 0.09467455621301776 0.3522388059701493
0 0.5749506903353058 0.4044776119402985 0.03353057199211046 0.13432835820895522
0 0.6548323471400395 0.4880597014925373 0.07100591715976332 0.27164179104477615
0 0.7297830374753452 0.41194029850746267 0.03550295857988166 0.13134328358208955
0 0.8057199211045365 0.5432835820895523 0.12426035502958581 0.45970149253731346
0 0.930966469428008 0.5417910447761194 0.1301775147928994 0.48059701492537316
2 0.8727810650887574 0.6567164179104478 0.16370808678500987 0.34626865671641793
2 0.727810650887574 0.6597014925373135 0.1301775147928994 0.3880597014925373
2 0.5956607495069034 0.6686567164179105 0.13806706114398423 0.3701492537313433
2 0.46055226824457596 0.6716417910447762 0.13214990138067062 0.3701492537313433
2 0.33629191321499013 0.6805970149253732 0.116370808678501 0.3761194029850746
2 0.21301775147928995 0.6850746268656717 0.126232741617357 0.3850746268656716
