0 0.08818770226537218 0.5783289817232377 0.07928802588996764 0.31592689295039167
0 0.14967637540453074 0.5848563968668408 0.11165048543689321 0.44386422976501305
0 0.2224919093851133 0.566579634464752 0.06634304207119741 0.26631853785900783
0 0.3325242718446602 0.5783289817232377 0.07928802588996764 0.31070496083550914
0 0.38025889967637544 0.5678851174934726 0.05501618122977347 0.22193211488250653
0 0.45469255663430425 0.5835509138381201 0.06472491909385114 0.2584856396866841
0 0.5016181229773463 0.5718015665796344 0.045307443365695796 0.17754569190600522
0 0.5542071197411004 0.5809399477806788 0.05339805825242719 0.21148825065274152
0 0.593042071197411 0.577023498694517 0.04045307443365696 0.1618798955613577
0 0.6456310679611651 0.5718015665796344 0.045307443365695796 0.18276762402088773
0 0.691747572815534 0.5887728459530026 0.03398058252427184 0.13315926892950392
0 0.7216828478964402 0.556135770234987 0.01941747572815534 0.0835509138381201
0 0.7394822006472492 0.5691906005221932 0.03559870550161812 0.1409921671018277
0 0.8325242718446603 0.5796344647519582 0.03074433656957929 0.12532637075718017
0 0.9093851132686085 0.5678851174934726 0.02912621359223301 0.1227154046997389
0 0.9231391585760518 0.5731070496083551 0.027508090614886734 0.1122715404699739
0 0.9441747572815534 0.566579634464752 0.03074433656957929 0.12532637075718017
0 0.9838187702265373 0.5783289817232377 0.025889967637540454 0.10182767624020887
