0 0.009375000000000001 0.45208333333333334 0.018750000000000003 0.12083333333333333
0 0.12187500000000001 0.44375 0.021875000000000002 0.07916666666666666
0 0.15156250000000002 0.428125 0.015625 0.05625
0 0.2234375 0.49166666666666664 0.134375 0.44166666666666665
0 0.30000000000000004 0.4239583333333333 0.084375 0.28125
0 0.39375000000000004 0.421875 0.09062500000000001 0.3020833333333333
0 0.45937500000000003 0.5072916666666667 0.13125 0.4270833333333333
0 0.5390625 0.3625 0.059375000000000004 0.2
0 0.59921875 0.44479166666666664 0.1296875 0.42291666666666666
0 0.6531250000000001 0.3958333333333333 0.08750000000000001 0.2833333333333333
0 0.6898437500000001 0.37916666666666665 0.07968750000000001 0.2583333333333333
0 0.7742187500000001 0.5822916666666667 0.1421875 0.46458333333333335
2 0.7054687500000001 0.6697916666666667 0.1765625 0.46041666666666664
2 0.53359375 0.6677083333333333 0.1328125 0.40208333333333335
2 0.34765625 0.684375 0.18281250000000002 0.40208333333333335
2 0.15625 0.675 0.18125000000000002 0.4125
4 0.13125 0.471875 0.018750000000000003 0.027083333333333334
