0 0.32656250000000003 0.6647940074906367 0.10312500000000001 0.30337078651685395
0 0.296875 0.6479400749063671 0.07500000000000001 0.21722846441947566
0 0.23593750000000002 0.6348314606741573 0.059375000000000004 0.18352059925093633
0 0.15625 0.649812734082397 0.07500000000000001 0.22846441947565543
0 0.1015625 0.6441947565543071 0.065625 0.20224719101123595
0 0.05625 0.6273408239700374 0.0625 0.19101123595505617
0 0.0234375 0.6104868913857678 0.046875 0.1797752808988764
0 0.19687500000000002 0.6161048689138577 0.05625 0.16853932584269662
0 0.2578125 0.5580524344569289 0.034375 0.11235955056179775
0 0.38125000000000003 0.5786516853932584 0.043750000000000004 0.1310861423220974
0 0.41718750000000004 0.5898876404494382 0.046875 0.13857677902621723
0 0.4421875 0.5973782771535581 0.053125000000000006 0.15355805243445694
0 0.496875 0.6048689138576779 0.05625 0.16104868913857678
0 0.5671875000000001 0.6104868913857678 0.059375000000000004 0.17228464419475656
0 0.634375 0.6086142322097379 0.06875 0.19850187265917604
0 0.6640625 0.6142322097378278 0.078125 0.23220973782771537
0 0.6859375000000001 0.5936329588014981 0.059375000000000004 0.1760299625468165
0 0.7390625000000001 0.601123595505618 0.065625 0.19101123595505617
0 0.8234375 0.6123595505617978 0.065625 0.19850187265917604
0 0.58125 0.5823970037453183 0.05 0.14606741573033707
0 0.5234375 0.5805243445692884 0.046875 0.14232209737827717
0 0.4703125 0.5749063670411985 0.040625 0.11610486891385768
0 0.9125000000000001 0.6217228464419475 0.08750000000000001 0.2696629213483146
0 0.8500000000000001 0.5692883895131087 0.043750000000000004 0.14232209737827717
0 0.96875 0.5711610486891385 0.05 0.14606741573033707
0 0.7765625 0.5617977528089888 0.040625 0.1198501872659176
0 0.9453125 0.5730337078651685 0.059375000000000004 0.17228464419475656
