0 0.112 0.11387900355871886 0.024 0.11387900355871886
0 0.21 0.20462633451957293 0.06 0.2597864768683274
0 0.16 0.10676156583629892 0.016 0.07117437722419928
0 0.335 0.25266903914590744 0.074 0.3274021352313167
0 0.375 0.21174377224199287 0.058 0.25266903914590744
0 0.485 0.18861209964412812 0.05 0.22064056939501778
0 0.046 0.11209964412811388 0.02 0.09608540925266904
0 0.543 0.21530249110320285 0.054 0.23131672597864766
0 0.619 0.25622775800711745 0.066 0.298932384341637
0 0.634 0.199288256227758 0.048 0.21352313167259784
0 0.683 0.22241992882562275 0.05 0.22419928825622776
0 0.739 0.17259786476868327 0.034 0.16014234875444838
0 0.786 0.1583629893238434 0.024 0.11743772241992882
0 0.838 0.24555160142348753 0.068 0.298932384341637
0 0.854 0.15658362989323843 0.024 0.10676156583629892
0 0.918 0.14056939501779359 0.016 0.08185053380782918
0 0.057 0.1192170818505338 0.026000000000000002 0.11032028469750889
0 0.052000000000000005 0.7562277580071174 0.10400000000000001 0.47330960854092524
0 0.28500000000000003 0.8523131672597865 0.062 0.27402135231316727
0 0.35000000000000003 0.7597864768683273 0.108 0.46619217081850534
0 0.484 0.8416370106761566 0.068 0.30249110320284694
0 0.604 0.7580071174377224 0.108 0.4697508896797153
0 0.6920000000000001 0.8487544483985765 0.068 0.29537366548042704
0 0.9410000000000001 0.7419928825622776 0.114 0.5017793594306049
2 0.14100000000000001 0.1192170818505338 0.022 0.08185053380782918
2 0.5720000000000001 0.1387900355871886 0.02 0.07829181494661921
4 0.913 0.21708185053380782 0.026000000000000002 0.06405693950177936
4 0.10400000000000001 0.9412811387900355 0.028 0.10320284697508897
4 0.139 0.9483985765124555 0.026000000000000002 0.0889679715302491
4 0.169 0.9430604982206405 0.038 0.099644128113879
4 0.222 0.9626334519572953 0.036000000000000004 0.06761565836298931
4 0.423 0.9626334519572953 0.026000000000000002 0.06761565836298931
4 0.508 0.9145907473309608 0.024 0.07829181494661921
4 0.528 0.9519572953736655 0.016 0.060498220640569395
4 0.545 0.9519572953736655 0.018000000000000002 0.06761565836298931
4 0.905 0.9145907473309608 0.026000000000000002 0.0498220640569395
4 0.889 0.9626334519572953 0.03 0.05338078291814946
4 0.788 0.9466192170818505 0.028 0.08540925266903915
4 0.76 0.9555160142348754 0.028 0.07473309608540925
4 0.733 0.9466192170818505 0.026000000000000002 0.09252669039145907
4 0.391 0.9519572953736655 0.03 0.0889679715302491
