0 0.020047169811320757 0.42410714285714285 0.027515723270440252 0.11096938775510203
0 0.03262578616352201 0.40433673469387754 0.021226415094339625 0.08418367346938775
0 0.05660377358490566 0.44579081632653056 0.055031446540880505 0.21811224489795916
0 0.07193396226415094 0.4534438775510204 0.05581761006289308 0.2232142857142857
0 0.08922955974842768 0.46556122448979587 0.054245283018867926 0.21683673469387754
0 0.11124213836477988 0.46428571428571425 0.0589622641509434 0.23724489795918366
0 0.13089622641509435 0.4846938775510204 0.06839622641509434 0.2729591836734694
0 0.1839622641509434 0.48852040816326525 0.07861635220125787 0.3137755102040816
0 0.18121069182389937 0.5382653061224489 0.0699685534591195 0.28061224489795916
0 0.2551100628930818 0.5306122448979591 0.09040880503144655 0.3571428571428571
0 0.3022798742138365 0.5331632653061225 0.10770440251572327 0.4311224489795918
0 0.3687106918238994 0.5605867346938775 0.11320754716981132 0.4502551020408163
0 0.41391509433962265 0.548469387755102 0.11242138364779874 0.4438775510204081
0 0.22051886792452832 0.4036989795918367 0.030660377358490566 0.12372448979591835
0 0.1764937106918239 0.4649234693877551 0.060534591194968554 0.23852040816326528
0 0.1658805031446541 0.454719387755102 0.05817610062893082 0.2308673469387755
0 0.2283805031446541 0.520408163265306 0.08726415094339623 0.3443877551020408
0 0.726808176100629 0.6154336734693877 0.16745283018867926 0.6619897959183673
0 0.6316823899371069 0.603954081632653 0.15330188679245285 0.6084183673469388
0 0.5943396226415094 0.5612244897959183 0.13050314465408805 0.5153061224489796
0 0.5365566037735849 0.5841836734693877 0.14072327044025157 0.5586734693877551
0 0.4453616352201258 0.5644132653061225 0.125 0.4987244897959183
0 0.494496855345912 0.5369897959183673 0.09905660377358491 0.3954081632653061
0 0.5180817610062893 0.5510204081632653 0.11635220125786164 0.461734693877551
0 0.5711477987421384 0.5440051020408163 0.10613207547169812 0.4221938775510204
0 0.6709905660377359 0.59375 0.14072327044025157 0.5599489795918366
0 0.7963836477987422 0.5644132653061225 0.11635220125786164 0.46045918367346933
0 0.8168238993710693 0.5427295918367346 0.11006289308176101 0.43749999999999994
0 0.8427672955974843 0.534438775510204 0.09905660377358491 0.39285714285714285
0 0.8730345911949686 0.5229591836734694 0.09355345911949686 0.3724489795918367
0 0.8974056603773586 0.5191326530612245 0.08254716981132076 0.3290816326530612
2 0.15094339622641512 0.3596938775510204 0.014150943396226415 0.038265306122448974
2 0.2142295597484277 0.3284438775510204 0.022798742138364782 0.03188775510204082
2 0.2916666666666667 0.3737244897959183 0.01886792452830189 0.06377551020408163
2 0.27476415094339623 0.34630102040816324 0.014937106918238994 0.052295918367346934
2 0.39268867924528306 0.35778061224489793 0.021226415094339625 0.06505102040816325
2 0.77437106918239 0.35778061224489793 0.02358490566037736 0.07780612244897958
2 0.7142295597484277 0.35778061224489793 0.019654088050314468 0.07780612244897958
2 0.6957547169811321 0.3565051020408163 0.022012578616352203 0.09566326530612244
2 0.9233490566037736 0.392219387755102 0.01650943396226415 0.04464285714285714
