0 0.052500000000000005 0.623229461756374 0.10500000000000001 0.7422096317280453
0 0.11333333333333334 0.613314447592068 0.18000000000000002 0.7507082152974505
0 0.19166666666666668 0.6062322946175638 0.18333333333333335 0.7705382436260624
0 0.3375 0.6388101983002833 0.165 0.6940509915014165
0 0.27083333333333337 0.6019830028328612 0.18500000000000003 0.773371104815864
0 0.42333333333333334 0.6019830028328612 0.18666666666666668 0.7847025495750709
0 0.5091666666666667 0.5807365439093485 0.195 0.8101983002832862
0 0.6008333333333333 0.6161473087818697 0.17833333333333334 0.7393767705382437
0 0.6875 0.613314447592068 0.17833333333333334 0.7450424929178471
0 0.755 0.6019830028328612 0.18666666666666668 0.773371104815864
0 0.8241666666666667 0.6359773371104817 0.1716666666666667 0.7110481586402266
0 0.9325000000000001 0.623229461756374 0.13166666666666668 0.7308781869688386
2 0.9866666666666667 0.3328611898016997 0.023333333333333334 0.18413597733711048
