0 0.1876310272536688 0.5967741935483871 0.052410901467505246 0.25806451612903225
0 0.29035639412997905 0.6290322580645161 0.060796645702306085 0.29838709677419356
0 0.2746331236897275 0.5221774193548387 0.03773584905660378 0.1814516129032258
0 0.37106918238993714 0.4758064516129032 0.033542976939203356 0.1693548387096774
0 0.39308176100628933 0.5443548387096774 0.04821802935010482 0.23387096774193547
0 0.4528301886792453 0.4939516129032258 0.041928721174004195 0.1975806451612903
0 0.4706498951781971 0.6713709677419355 0.07756813417190776 0.36693548387096775
0 0.5303983228511531 0.5786290322580645 0.05870020964360587 0.2782258064516129
0 0.5712788259958071 0.5080645161290323 0.04402515723270441 0.2096774193548387
0 0.6771488469601677 0.4959677419354839 0.029350104821802937 0.1532258064516129
0 0.6844863731656184 0.6129032258064516 0.060796645702306085 0.29838709677419356
0 0.7044025157232705 0.7217741935483871 0.08385744234800839 0.3951612903225806
