0 0.29572271386430676 0.7853403141361257 0.08112094395280237 0.35078534031413616
0 0.3281710914454277 0.7670157068062827 0.08112094395280237 0.36125654450261785
0 0.5656342182890856 0.42015706806282727 0.07227138643067846 0.3167539267015707
0 0.637905604719764 0.418848167539267 0.07227138643067846 0.31413612565445026
0 0.7072271386430679 0.2617801047120419 0.06047197640117994 0.2617801047120419
0 0.838495575221239 0.28272251308900526 0.03687315634218289 0.16753926701570682
0 0.9085545722713864 0.3782722513089005 0.08849557522123894 0.39005235602094246
0 0.9446902654867256 0.33638743455497383 0.10766961651917403 0.4790575916230367
0 0.4410029498525074 0.7356020942408378 0.02654867256637168 0.11518324607329844
0 0.5848082595870207 0.7840314136125655 0.022123893805309734 0.0968586387434555
2 0.5376106194690266 0.7421465968586388 0.028023598820058997 0.06544502617801047
2 0.6187315634218289 0.7513089005235603 0.028023598820058997 0.07853403141361257
2 0.7182890855457227 0.743455497382199 0.029498525073746312 0.07329842931937174
2 0.75 0.7787958115183247 0.030973451327433628 0.1544502617801047
2 0.6814159292035398 0.7447643979057592 0.038348082595870206 0.07591623036649216
4 0.7433628318584071 0.9083769633507854 0.04129793510324484 0.10471204188481675
4 0.6851032448377581 0.8128272251308901 0.025073746312684365 0.04973821989528796
4 0.7153392330383481 0.8167539267015708 0.035398230088495575 0.06806282722513089
4 0.6740412979351033 0.8599476439790577 0.032448377581120944 0.06544502617801047
4 0.5855457227138643 0.7238219895287958 0.014749262536873156 0.034031413612565446
4 0.4004424778761062 0.8534031413612566 0.051622418879056046 0.21465968586387435
4 0.4365781710914454 0.8154450261780105 0.02064896755162242 0.060209424083769635
4 0.474188790560472 0.8062827225130891 0.030973451327433628 0.06806282722513089
4 0.45206489675516226 0.9018324607329844 0.04277286135693215 0.11780104712041886
4 0.4948377581120944 0.9018324607329844 0.04277286135693215 0.11780104712041886
4 0.5420353982300885 0.8952879581151832 0.04277286135693215 0.13089005235602094
4 0.5848082595870207 0.9005235602094241 0.04277286135693215 0.12041884816753927
4 0.6032448377581121 0.824607329842932 0.02654867256637168 0.05235602094240838
4 0.5656342182890856 0.8128272251308901 0.019174041297935103 0.044502617801047126
4 0.5420353982300885 0.8062827225130891 0.022123893805309734 0.04712041884816754
4 0.5095870206489675 0.8206806282722514 0.022123893805309734 0.044502617801047126
4 0.693952802359882 0.9384816753926702 0.05457227138643068 0.044502617801047126
