0 0.19902912621359223 0.2467741935483871 0.13592233009708737 0.21935483870967742
0 0.2402912621359223 0.2435483870967742 0.1262135922330097 0.2032258064516129
0 0.31553398058252424 0.2467741935483871 0.12135922330097086 0.2
0 0.39563106796116504 0.24596774193548387 0.13106796116504854 0.21451612903225806
0 0.4490291262135922 0.2532258064516129 0.13592233009708737 0.22580645161290322
0 0.5594660194174756 0.25967741935483873 0.13349514563106796 0.22258064516129034
0 0.6104368932038834 0.267741935483871 0.1383495145631068 0.22580645161290322
0 0.7390776699029126 0.26129032258064516 0.1529126213592233 0.25161290322580643
0 0.2378640776699029 0.7379032258064516 0.1407766990291262 0.23387096774193547
0 0.3070388349514563 0.7814516129032258 0.19174757281553395 0.31451612903225806
0 0.41019417475728154 0.7161290322580646 0.13592233009708737 0.21935483870967742
0 0.5412621359223301 0.7193548387096774 0.13592233009708737 0.22258064516129034
0 0.6395631067961165 0.6991935483870968 0.10922330097087378 0.17580645161290323
0 0.6735436893203883 0.7266129032258064 0.11893203883495145 0.19838709677419356
0 0.712378640776699 0.7362903225806452 0.14320388349514562 0.23387096774193547
0 0.8046116504854368 0.7564516129032258 0.1674757281553398 0.27419354838709675
0 0.8422330097087378 0.7379032258064516 0.12135922330097086 0.20161290322580644
0 0.12378640776699028 0.7403225806451613 0.1699029126213592 0.27419354838709675
0 0.5643203883495145 0.7040322580645161 0.0849514563106796 0.1435483870967742
