0 0.03672316384180791 0.5028735632183908 0.07344632768361582 0.44252873563218387
0 0.2 0.5900383141762452 0.11299435028248588 0.4674329501915709
0 0.47796610169491527 0.23946360153256704 0.027118644067796613 0.1111111111111111
0 0.49548022598870056 0.23659003831417624 0.023728813559322035 0.1053639846743295
2 0.41581920903954805 0.5296934865900382 0.0903954802259887 0.2777777777777778
2 0.6887005649717515 0.7921455938697317 0.13898305084745763 0.396551724137931
2 0.676271186440678 0.4932950191570881 0.0824858757062147 0.21264367816091953
2 0.7768361581920904 0.6053639846743295 0.096045197740113 0.41379310344827586
2 0.5423728813559322 0.7318007662835249 0.12655367231638417 0.20306513409961685
2 0.14519774011299436 0.32662835249042144 0.0847457627118644 0.1590038314176245
2 0.2480225988700565 0.43678160919540227 0.05084745762711865 0.1417624521072797
2 0.3689265536723164 0.5067049808429118 0.19096045197740114 0.23563218390804597
2 0.5508474576271186 0.36590038314176243 0.053107344632768366 0.18773946360153257
2 0.45310734463276836 0.26915708812260536 0.024858757062146894 0.07854406130268199
2 0.35480225988700564 0.3630268199233716 0.04971751412429379 0.1590038314176245
2 0.7751412429378531 0.3457854406130268 0.054237288135593226 0.13984674329501914
2 0.7220338983050848 0.36015325670498083 0.05197740112994351 0.09578544061302681
2 0.840677966101695 0.3668582375478927 0.04293785310734463 0.11302681992337164
2 0.9045197740112995 0.3563218390804598 0.05084745762711865 0.09961685823754789
2 0.9502824858757063 0.3496168582375479 0.031638418079096044 0.08237547892720307
