0 0.7509090909090909 0.7760663507109006 0.11272727272727273 0.3578199052132702
0 0.6318181818181818 0.6291469194312796 0.0890909090909091 0.28672985781990523
0 0.5672727272727273 0.6563981042654029 0.09454545454545454 0.29857819905213273
0 0.47 0.6729857819905214 0.09272727272727273 0.29857819905213273
0 0.3990909090909091 0.6824644549763034 0.09636363636363636 0.3080568720379147
0 0.33 0.6563981042654029 0.09636363636363636 0.3080568720379147
0 0.2736363636363636 0.6398104265402844 0.0890909090909091 0.28436018957345977
0 0.21454545454545454 0.6125592417061612 0.08363636363636363 0.27251184834123227
0 0.18272727272727274 0.590047393364929 0.08181818181818182 0.26066350710900477
0 0.14454545454545453 0.571090047393365 0.07090909090909091 0.23222748815165878
0 0.09727272727272727 0.5580568720379148 0.07090909090909091 0.22985781990521328
0 0.07090909090909091 0.542654028436019 0.07272727272727272 0.23696682464454977
0 0.03909090909090909 0.5260663507109005 0.06727272727272728 0.2227488151658768
0 0.5390909090909091 0.5414691943127963 0.038181818181818185 0.13033175355450238
0 0.49454545454545457 0.6267772511848342 0.08363636363636363 0.2677725118483413
0 0.37727272727272726 0.40758293838862564 0.038181818181818185 0.12322274881516589
0 0.41545454545454547 0.40758293838862564 0.038181818181818185 0.12322274881516589
0 0.4581818181818182 0.40876777251184837 0.04727272727272727 0.15402843601895735
0 0.4954545454545455 0.41824644549763035 0.04181818181818182 0.13981042654028436
0 0.5536363636363636 0.4241706161137441 0.04181818181818182 0.13270142180094788
0 0.6145454545454545 0.4443127962085308 0.05454545454545454 0.17298578199052134
0 0.5009090909090909 0.5272511848341233 0.045454545454545456 0.14454976303317538
0 0.8309090909090909 0.4680094786729858 0.06545454545454546 0.2156398104265403
0 0.9463636363636364 0.4798578199052133 0.07818181818181819 0.25355450236966826
0 0.22090909090909092 0.36255924170616116 0.023636363636363636 0.07582938388625593
0 0.20454545454545456 0.36729857819905215 0.02727272727272727 0.08530805687203792
0 0.17545454545454545 0.38151658767772517 0.03090909090909091 0.1042654028436019
0 0.14454545454545453 0.3779620853080569 0.023636363636363636 0.08293838862559243
0 0.11727272727272728 0.3767772511848341 0.02727272727272727 0.08530805687203792
0 0.09454545454545454 0.3696682464454977 0.025454545454545455 0.08056872037914692
0 0.06909090909090909 0.37203791469194314 0.02181818181818182 0.07582938388625593
0 0.04909090909090909 0.37914691943127965 0.02909090909090909 0.0995260663507109
0 0.03272727272727273 0.3684834123222749 0.02181818181818182 0.07345971563981044
0 0.015454545454545455 0.37203791469194314 0.023636363636363636 0.08056872037914692
0 0.006363636363636364 0.3684834123222749 0.012727272727272728 0.07345971563981044
0 0.24545454545454545 0.3578199052132702 0.01818181818181818 0.06161137440758294
0 0.2690909090909091 0.3684834123222749 0.02181818181818182 0.07819905213270142
0 0.3418181818181818 0.3637440758293839 0.03272727272727273 0.10189573459715641
0 0.3009090909090909 0.3684834123222749 0.03090909090909091 0.10189573459715641
0 0.5754545454545454 0.4241706161137441 0.04909090909090909 0.16113744075829384
0 0.7063636363636364 0.4632701421800948 0.06 0.1966824644549763
0 0.7845454545454545 0.4052132701421801 0.045454545454545456 0.14218009478672988
0 0.8663636363636363 0.45853080568720384 0.06 0.19194312796208532
0 0.7081818181818181 0.2559241706161138 0.016363636363636365 0.05687203791469195
0 0.8272727272727273 0.24763033175355453 0.014545454545454545 0.04976303317535545
0 0.8381818181818181 0.245260663507109 0.014545454545454545 0.05450236966824645
