0 0.07441016333938294 0.7361809045226131 0.08711433756805807 0.30150753768844224
0 0.132486388384755 0.7462311557788944 0.08348457350272231 0.2914572864321608
0 0.16969147005444646 0.7487437185929648 0.0852994555353902 0.2864321608040201
0 0.20235934664246824 0.757537688442211 0.07441016333938294 0.25879396984924624
0 0.2277676950998185 0.757537688442211 0.08166969147005444 0.28391959798994976
0 0.26860254083484575 0.7562814070351759 0.08348457350272231 0.2864321608040201
0 0.30308529945553536 0.7474874371859297 0.08348457350272231 0.2889447236180905
0 0.3248638838475499 0.7613065326633166 0.08348457350272231 0.2814070351758794
0 0.36388384754990927 0.7537688442211056 0.08892921960072595 0.30150753768844224
0 0.39201451905626133 0.7512562814070352 0.08348457350272231 0.2864321608040201
0 0.4201451905626134 0.7587939698492463 0.0852994555353902 0.2914572864321608
0 0.45462794918330307 0.757537688442211 0.0852994555353902 0.2889447236180905
0 0.48548094373865697 0.7562814070351759 0.0852994555353902 0.2964824120603015
0 0.5372050816696915 0.7562814070351759 0.08348457350272231 0.2864321608040201
0 0.5607985480943738 0.7600502512562815 0.07985480943738657 0.27889447236180903
0 0.5862068965517241 0.7650753768844222 0.07985480943738657 0.27386934673366836
0 0.6088929219600726 0.7537688442211056 0.0852994555353902 0.2864321608040201
0 0.6352087114337568 0.7675879396984925 0.07985480943738657 0.27386934673366836
0 0.6506352087114338 0.7550251256281407 0.07803992740471868 0.26884422110552764
0 0.6796733212341197 0.7550251256281407 0.08166969147005444 0.28391959798994976
0 0.6996370235934664 0.7587939698492463 0.07441016333938294 0.2562814070351759
0 0.7250453720508166 0.7638190954773869 0.08166969147005444 0.2814070351758794
0 0.7740471869328494 0.7562814070351759 0.0852994555353902 0.2914572864321608
0 0.809437386569873 0.7587939698492463 0.07985480943738657 0.2763819095477387
0 0.8411978221415608 0.7512562814070352 0.0852994555353902 0.2914572864321608
0 0.8738656987295825 0.7361809045226131 0.0925589836660617 0.31155778894472363
0 0.9364791288566243 0.7437185929648241 0.09074410163339383 0.31155778894472363
0 0.7513611615245008 0.7587939698492463 0.07622504537205081 0.2663316582914573
3 0.5272232304900182 0.5678391959798995 0.0308529945553539 0.09547738693467336
3 0.4981851179673321 0.5690954773869347 0.0308529945553539 0.10301507537688442
3 0.4664246823956443 0.5640703517587939 0.032667876588021776 0.09296482412060302
