0 0.07915831663326653 0.6081081081081081 0.05410821643286573 0.2072072072072072
0 0.10521042084168336 0.6141141141141141 0.0501002004008016 0.1831831831831832
0 0.14228456913827653 0.6171171171171171 0.052104208416833664 0.1891891891891892
0 0.1753507014028056 0.6156156156156156 0.06212424849699398 0.23423423423423423
0 0.21342685370741482 0.6021021021021021 0.06613226452905811 0.24924924924924924
0 0.2625250501002004 0.6111111111111112 0.07615230460921843 0.2852852852852853
0 0.282565130260521 0.6021021021021021 0.05611222444889779 0.2132132132132132
0 0.31763527054108215 0.6006006006006006 0.05410821643286573 0.1981981981981982
0 0.3396793587174348 0.6066066066066066 0.058116232464929855 0.21621621621621623
0 0.3787575150300601 0.5900900900900901 0.05611222444889779 0.2072072072072072
0 0.4008016032064128 0.5915915915915916 0.04809619238476953 0.18618618618618618
0 0.4418837675350701 0.6021021021021021 0.06613226452905811 0.24924924924924924
0 0.49999999999999994 0.5825825825825826 0.0501002004008016 0.18018018018018017
0 0.4729458917835671 0.5945945945945946 0.044088176352705406 0.16816816816816815
0 0.533066132264529 0.5765765765765766 0.06012024048096192 0.22822822822822822
0 0.56312625250501 0.5705705705705706 0.052104208416833664 0.1921921921921922
0 0.23547094188376752 0.5975975975975976 0.04609218436873747 0.17417417417417416
0 0.6072144288577154 0.5705705705705706 0.04809619238476953 0.17417417417417416
0 0.6362725450901803 0.5720720720720721 0.05410821643286573 0.2072072072072072
0 0.6903807615230461 0.5630630630630631 0.04609218436873747 0.17117117117117117
0 0.7234468937875751 0.5675675675675675 0.04809619238476953 0.18018018018018017
0 0.7464929859719438 0.5675675675675675 0.058116232464929855 0.2222222222222222
0 0.8286573146292584 0.5630630630630631 0.07014028056112225 0.26126126126126126
0 0.940881763527054 0.5570570570570571 0.06212424849699398 0.22522522522522523
0 0.9789579158316633 0.5630630630630631 0.038076152304609215 0.2132132132132132
0 0.8747494989979959 0.5615615615615616 0.0501002004008016 0.1921921921921922
0 0.6613226452905812 0.5330330330330331 0.02004008016032064 0.07507507507507508
0 0.7795591182364728 0.575075075075075 0.04008016032064128 0.15315315315315314
4 0.7985971943887775 0.48648648648648646 0.04208416833667334 0.04204204204204204
4 0.8486973947895791 0.466966966966967 0.026052104208416832 0.03903903903903904
4 0.9018036072144288 0.46996996996997 0.044088176352705406 0.06306306306306306
4 0.36172344689378755 0.5165165165165165 0.018036072144288574 0.036036036036036036
4 0.187374749498998 0.5195195195195195 0.014028056112224447 0.03003003003003003
4 0.5180360721442885 0.5 0.018036072144288574 0.03303303303303303
4 0.15230460921843686 0.53003003003003 0.01603206412825651 0.02702702702702703
